"baseMean","log2FoldChange","lfcSE","stat","pvalue","padj","gene"
4.50005423371443,-0.966864474068753,0.310519599420829,-3.11369870330928,0.00184758055322277,0.0109047417434779,"AP006222.2"
17.1623443341322,-0.417374498201343,0.206663437772857,-2.01958557691312,0.0434263924590981,0.114635542563395,"NOC2L"
1.03533522275233,1.34904447861308,0.679548720764819,1.98520641330139,0.0471215110807241,0.1215822310137,"RP11-54O7.17"
23.568745288125,0.0872301285003542,0.352224503210504,0.247654912435839,0.80440141987354,0.884011275027995,"HES4"
4.4573961963676,0.725397611472533,0.459631896244197,1.57821425666929,0.114516396091797,0.233198586453575,"ISG15"
5.87095680069238,0.474811015044597,0.235490638831757,2.01626280093375,0.0437725025462369,0.115269005250275,"AGRN"
4.01182670200996,0.242451555834591,0.319474864948955,0.758906513266167,0.447908482439688,0.609177973612399,"C1orf159"
5.819621562365,0.706633343048814,0.323639957897976,2.18339338454485,0.029006852712306,0.0849553453224497,"RP11-465B22.8"
37.2674253944869,-0.106334363236791,0.125391127056361,-0.84802143288014,0.396426034556464,0.561888114758966,"SDF4"
2.83560845346402,0.344596904509377,0.329173045788529,1.04685638425801,0.295165820581882,0.457732516281485,"B3GALT6"
1.35842851869158,0.547043848360582,0.507506204979746,1.07790573394549,0.281075826289933,0.442388909204156,"FAM132A"
16.6826657254443,-0.324768032809609,0.153310158356291,-2.11837256116357,0.0341435277873595,0.0961864362569971,"UBE2J2"
6.86318367813659,0.184243693107545,0.291828987351964,0.631341302930046,0.527817386330717,0.678346492600275,"ACAP3"
8.86702969316478,-0.323930802028032,0.265174032254725,-1.22157814350715,0.221867198084038,0.374026353802027,"PUSL1"
23.4239929618037,-0.33123962113806,0.165376049680289,-2.00294795877894,0.0451828746391792,0.11798173084431,"CPSF3L"
8.25148240695233,0.106146257345833,0.214902780672999,0.493926867830285,0.621357828806754,0.752140750145183,"GLTPD1"
9.07678212301996,-0.0696107259248665,0.264370344971575,-0.263307618456038,0.792313488142829,0.87524407295607,"DVL1"
181.988907288339,-0.312863892845321,0.120660662781531,-2.59292370548132,0.00951638789496417,0.0370202968857053,"AURKAIP1"
14.1958446074578,0.0196446892635364,0.180532153567531,0.108815459602812,0.913348861643077,0.948729664030972,"CCNL2"
4.37477227421153,-0.275984741530118,0.32981119252728,-0.836796166362033,0.402707152660724,0.567670216952693,"RP4-758J18.2"
103.098469436051,-0.0445646438347804,0.122687646906359,-0.363236600900775,0.716428148530029,0.825069956843703,"MRPL20"
2.83216744817459,0.447031265266178,0.403005278103213,1.10924419494002,0.267324851847683,0.427196573180003,"VWA1"
7.41017968093679,0.315146687844896,0.288845309793002,1.09105696772692,0.275247816348607,0.435996395207974,"ATAD3B"
17.2129596345658,0.00214965310654742,0.181438237864475,0.0118478504412785,0.990547004210014,0.994025177020953,"ATAD3A"
63.118645804626,-0.0630119708501637,0.0995513538004629,-0.632959457050304,0.526760118990956,0.677557135170174,"SSU72"
4.41098578810832,1.54817606586594,0.407494403146432,3.79925725092623,0.000145130387032569,0.00155435503271568,"C1orf233"
1.29199524293807,-0.244417016226486,0.585566313937665,-0.417402795223813,0.676383810679001,0.795215332287653,"RP11-345P4.9"
11.9974820411917,-0.03850437668554,0.208931324254355,-0.184292024295334,0.853784370459234,0.9155152660185,"MIB2"
10.2948663795794,0.154911674778035,0.219501589931361,0.705742836880938,0.480348076373488,0.636789564137705,"CDK11B"
8.27712933985397,-0.115935319612294,0.280317752718021,-0.413585363353409,0.679177794279616,0.797132913204002,"SLC35E2B"
10.427592613664,0.933680700667846,0.269422134634707,3.46549366455642,0.000529258996455518,0.00415901063784872,"CDK11A"
13.0628898613533,-0.100516763420682,0.192115668709377,-0.523209606462339,0.600828397060853,0.738288797474639,"NADK"
30.5902666720885,0.444487107974349,0.1879969865104,2.36433102585801,0.01806266507516,0.0596051481969727,"GNB1"
4.0453546247105,-0.175029655140503,0.298730962357137,-0.585910659408826,0.557935553746601,0.702758073960576,"TMEM52"
8.78150179424929,-0.354303663939607,0.227162805073112,-1.55969047760955,0.118833043507221,0.240098019067614,"PRKCZ"
35.1476557477598,-0.57285365386102,0.175460115921582,-3.26486535616473,0.00109516122085444,0.00729212192426683,"C1orf86"
4.92666344144723,-0.208251262255893,0.316147763928603,-0.658714961852214,0.510078823371496,0.662682778772985,"SKI"
70.9927151342375,-0.259557868300169,0.132769460881997,-1.9549515873297,0.050588784760339,0.128483209190197,"RER1"
5.41775274670695,-0.198527054214315,0.251987961474694,-0.787843407488544,0.430788307169286,0.592752254068911,"PEX10"
2.70035619080219,-0.788633165561575,0.372716170136805,-2.11590810581711,0.0343526239051603,0.0966501283963836,"PANK4"
3.30604283765149,2.36514860341148,0.569638032811117,4.15202017277474,3.29553204063427e-05,0.000501956212640787,"HES5"
3.32815387071817,0.282729378179042,0.363024764203631,0.778815678867712,0.436088300421536,0.598045074198494,"RP3-395M20.12"
29.1171969368232,0.26951647937147,0.190648656585554,1.4136815029196,0.157455438738197,0.294169377753593,"TNFRSF14"
17.8192806438221,0.0812050928278729,0.207436768932542,0.391469136574725,0.695450497554848,0.809929480262268,"FAM213B"
4.58031987598363,-0.732479616588933,0.29882064900978,-2.45123494315468,0.0142366995196714,0.0501819398843333,"MMEL1"
10.4632409453117,-0.109097154119163,0.19863125582835,-0.549244647647199,0.582837568055844,0.724848021709688,"ARHGEF16"
11.8882633087876,0.0546031868746344,0.220628927176092,0.247488792940799,0.804529963726486,0.884063078626899,"TPRG1L"
7.03776087054594,-0.487456724736466,0.246598626085647,-1.97672117024353,0.0480731564656493,0.123520051972822,"WRAP73"
11.0891391530209,-0.0382604784809435,0.198673331686423,-0.192579840264279,0.84728803451256,0.911947279960991,"LRRC47"
3.77896637010881,0.645991769924749,0.275194991979974,2.34739653246218,0.0189051230608589,0.061803941922121,"CEP104"
9.87627276625999,0.295330466594392,0.214034850417539,1.37982420161138,0.167640779117509,0.306908102025649,"C1orf174"
829.86590696703,0.185504786623095,0.102729127668827,1.80576620119968,0.070954866967888,0.16451107072401,"RPL22"
3.34872366717541,0.182783898586507,0.432308703808876,0.422808740550632,0.672434810013389,0.792387373778799,"RNF207"
18.1770312051492,0.0755821843884292,0.208435498029656,0.362616661283269,0.716891262345603,0.82522425322201,"ICMT"
27.0275158345097,-0.21573193424209,0.161714927122512,-1.33402610433517,0.182195301541609,0.326062667479895,"ACOT7"
5.92217004468171,0.0845940136932839,0.30457564426728,0.277743855378825,0.781208992815708,0.868341327591613,"HES2"
7.63625563142776,-0.311850822938283,0.255120637354798,-1.22236611734624,0.221569206392154,0.373756070428517,"ESPN"
5.45049369819412,-0.601977224273922,0.41521477596253,-1.44979721128288,0.147115077425185,0.280243771415104,"TNFRSF25"
6.44956574618346,0.788916188851824,0.263200318492149,2.99739830624618,0.00272294689137615,0.0144956878629142,"NOL9"
2.89287145615426,-0.0550915468417393,0.343360895774436,-0.160447935451364,0.872528231668506,0.926623958138077,"ZBTB48"
1.8990081558849,0.123997665898311,0.392005853838565,0.316315852643813,0.751762779757783,0.849521398301149,"KLHL21"
1.63198931662877,0.432469776758187,0.412595801869222,1.04816814615885,0.294561143747989,0.457053424874657,"PHF13"
3.55243988360197,-0.317152389470214,0.338010952199151,-0.93829027552738,0.348095255848055,0.514538516198431,"THAP3"
11.0082803717452,-0.0336580972481167,0.24663162066705,-0.136471135197846,0.891448841814064,0.937144247575272,"DNAJC11"
85.0186920883719,-0.407048380706313,0.17587845744721,-2.31437315640824,0.0206472620415802,0.0658529414894453,"CAMTA1"
15.1606566210973,0.185783154039091,0.166440707967651,1.11621223141636,0.264331300077763,0.423835511419534,"VAMP3"
2.47914286124495,2.51951085965689,0.515353996395945,4.88889360959016,1.01404277055649e-06,3.52955013722067e-05,"PER3"
1.05355802819153,-1.70903496966808,0.979794765031547,-1.74427852715977,0.0811105340526925,0.18115708116014,"UTS2"
189.627130864272,-0.374879726466937,0.122791914971635,-3.05296750648064,0.00226590472439502,0.0127633430015196,"PARK7"
8.50902837102904,0.01356165400078,0.713927805705365,0.018995833881804,0.984844428891966,0.990407491227591,"ERRFI1"
16.6505174896873,0.573186701461395,0.228349185789615,2.51013245122533,0.0120685884934001,0.0442637186890661,"RERE"
241.529262090205,-0.290769279002463,0.140253329976034,-2.07317201703624,0.038156273634143,0.103775890725468,"ENO1"
2.09145445862591,-0.676908048428893,0.428386315996589,-1.58013461950611,0.114076040594717,0.232527541122753,"SLC2A5"
1.30946109280433,0.0590818271136084,0.495003231014055,0.119356447416665,0.904992964496029,0.944204399503014,"GPR157"
8.0556376389327,0.024154820535806,0.230349801155356,0.104861477694592,0.916485726736624,0.950918559150886,"H6PD"
2.97980951832523,-0.0863457456289307,0.353695366516973,-0.244124616274234,0.807134308178947,0.885849276081189,"SPSB1"
11.1637061616119,-0.243521063409084,0.243844116226028,-0.99867516665178,0.317952074336061,0.483946675163226,"SLC25A33"
3.45868729886003,-0.0808323311967654,0.308969051568764,-0.261619507799717,0.793614802665065,0.876259420004573,"TMEM201"
13.1988655706707,0.0625555330286367,0.214567033845174,0.291543075875184,0.770636004151089,0.862083539872355,"CLSTN1"
14.0057044352756,-0.334404473682047,0.194179854759818,-1.72213782987774,0.0850445536619737,0.188179269105345,"CTNNBIP1"
11.748580376987,0.967285143014634,0.217219579791553,4.45302925244058,8.46672143146571e-06,0.000177506939663548,"LZIC"
6.13236573380779,0.694111657424241,0.256847839709946,2.70242357579526,0.00688360071068864,0.0291446018394069,"NMNAT1"
7.05464910455532,0.364509391371368,0.23947664844271,1.52210828797602,0.127981949655053,0.253440077889002,"UBE4B"
9.46399976808008,0.879471459270409,0.256868712263854,3.42381698229959,0.000617481912954909,0.00467632745794303,"KIF1B"
20.5917096400358,-0.374977918784353,0.195056928412803,-1.92240245878772,0.0545551364445622,0.135825030212734,"PGD"
14.0555845101245,-0.493168513604223,0.237555731215075,-2.07601185238391,0.0378928548072763,0.10334414947439,"APITD1"
16.3606634777522,0.2889853226674,0.163927548747672,1.76288442592541,0.0779199842679273,0.176220539181527,"DFFA"
2.98451977860067,0.114584018330027,0.310348097233901,0.369211280337473,0.711970248464847,0.821649650959638,"PEX14"
7.17789938767409,0.628405322130555,0.297815861627987,2.1100465189981,0.0348543491656961,0.0977830617255127,"CASZ1"
27.0707682110262,0.146590923307437,0.212879169674722,0.688610931409716,0.491068140101077,0.645329138612984,"TARDBP"
1.33414665940711,0.58963439103612,0.560000126701441,1.05291831719616,0.292378430244293,0.455034358333767,"RP4-635E18.8"
28.4047818307882,0.321148892968704,0.189117277887426,1.69814676139676,0.0894800657743625,0.195092052662031,"SRM"
9.71962570061256,-0.170047739435393,0.230241109309155,-0.738563760162667,0.460171936856792,0.619756058386547,"EXOSC10"
7.83327795896311,0.554296061256762,0.321052872962587,1.7264946304385,0.0842584644966713,0.186820523567548,"MTOR"
5.91803787209701,-0.0616945436998902,0.259165691400365,-0.238050582106499,0.811841862760475,0.889398025782181,"UBIAD1"
2.22853082986933,0.390704569493973,0.410301974871817,0.952236629170584,0.340976988301126,0.507470205968238,"FBXO6"
6.75699735344428,-0.330460301523356,0.257831778428073,-1.28168957115402,0.199951564774936,0.347992627156379,"MAD2L2"
11.3424625489257,0.0715026287284558,0.253510481943559,0.282049989334859,0.777905179672595,0.866579159043062,"AGTRAP"
4.06323857715227,0.717813466213334,0.392557793125624,1.82855487467962,0.0674663179916048,0.158555337240603,"MTHFR"
18.0433666212205,0.186754863034542,0.172990094836197,1.07956968987952,0.280333844812546,0.441605099313061,"KIAA2013"
4.97574203006264,-0.117812522669533,0.279788021988358,-0.421077792509771,0.673698277283755,0.793101711794209,"PLOD1"
10.3616199911015,0.150122568561705,0.243005004912535,0.61777562406889,0.536723253778361,0.686146502181636,"MFN2"
6.59153170850876,-0.178565421913877,0.24647892718546,-0.724465267489245,0.468780142942149,0.627350875212783,"MIIP"
1.80021034768576,1.85332024072897,0.526256294644631,3.52170655171065,0.000428778490860631,0.00359855827723837,"TNFRSF1B"
5.7613257678666,0.55818678927242,0.295167030221039,1.891087865926,0.0586126160173592,0.143169817802186,"VPS13D"
9.40288470633834,0.533568743670771,0.225819966195935,2.36280587876722,0.0181371671753052,0.0597964892300591,"DHRS3"
6.56803343621498,1.23522987629921,0.280255874335968,4.40750752941731,1.04566966845648e-05,0.000209133933691296,"PRDM2"
1.06284926890081,0.938125056783847,0.585709623509612,1.60168967544453,0.109224249386454,0.225123429177623,"KAZN"
6.08895382653441,0.23945236274912,0.243239531251201,0.984430291891288,0.32490399011823,0.491018276187584,"TMEM51"
44.5216784528236,0.533710761787057,0.198476580795479,2.68903645784296,0.00716585925044729,0.0299617405725204,"EFHD2"
2.42746316044188,0.0336104241467425,0.455586448830832,0.0737739768884624,0.941190234019264,0.966024731482716,"CASP9"
5.28228405853228,1.11066453762131,0.383920015246108,2.89295815147677,0.00381632141597691,0.0187960320079407,"DNAJC16"
12.1842530559679,-0.473612418749591,0.196763836419099,-2.4070094757698,0.016083752538496,0.0547210377719508,"AGMAT"
7.29578512585844,0.869720203032793,0.314827195623117,2.76253200207629,0.005735493887454,0.0254858689106998,"DDI2"
4.81205187050124,0.0090534779766569,0.301475136767248,0.0300305958021559,0.976042652247703,0.985217833606281,"PLEKHM2"
1.46766427232185,-0.262242334345509,0.461358855879579,-0.568412919798721,0.569754619644578,0.713260538252463,"TMEM82"
10.9314849950567,0.526195777044489,0.217501222818501,2.41927732739041,0.0155513787860539,0.0534455612710587,"FBLIM1"
7.30358579549167,0.0679139861365771,0.239251416792582,0.283860330053782,0.776517418501153,0.866350841175375,"RP11-169K16.9"
10.6101161652539,1.52722050340116,0.277451125465149,5.50446678073755,3.70287271292757e-08,2.79258317099955e-06,"SPEN"
2.20697454775852,-0.514880130235821,0.39593300158618,-1.30042236482717,0.193456248778757,0.340397741694313,"ZBTB17"
6.87585823010523,0.498385038586747,0.54922892921894,0.907426779750115,0.364181153203918,0.530620703570357,"EPHA2"
3.76455879564817,-0.7026369873916,0.32561781584869,-2.15785793403302,0.0309388789368069,0.0891946443466213,"ARHGEF19"
3.19580805940261,0.141692121626585,0.353779744001169,0.400509424378228,0.688781343446878,0.805271330588125,"FBXO42"
17.1670435128383,0.194920800291175,0.167432221468018,1.16417735237663,0.244352146294373,0.400910998636363,"SZRD1"
9.57479313213956,-0.307843281561063,0.239956611507492,-1.28291227162729,0.199522813035612,0.347524899689936,"NECAP2"
6.28435037124084,-0.599705273697591,0.284646041278425,-2.10684564943938,0.0351309610716377,0.0983445275490663,"NBPF1"
5.57509755018698,-0.262407933961926,0.304796596297572,-0.860928032495934,0.38927768128524,0.554578987112385,"CROCCP2"
11.3507314290401,-1.10293103515469,0.299000930800952,-3.68872107588494,0.00022538413756864,0.00216416598938588,"RP11-108M9.4"
7.06434921855561,0.401709773254303,0.266647117155393,1.5065220938436,0.13193319978978,0.259188594377173,"ATP13A2"
76.3821235058961,-0.901401149840423,0.156408445687299,-5.76312325002294,8.25714501865135e-09,8.80754396322536e-07,"SDHB"
11.8972902887529,0.354449181956379,0.382717434713326,0.926138058544103,0.354374237661411,0.521078452385814,"PADI2"
24.4637834159854,0.183079462470297,0.1954081703338,0.936907920265348,0.348805924747578,0.515308440043355,"RCC2"
16.2512766511312,-0.375089285024276,0.203665412365095,-1.84169359278287,0.0655199819500089,0.155257910533951,"ARHGEF10L"
1.98803263586261,0.271113088549308,0.437789993155968,0.619276577326245,0.535734172005154,0.685366133581809,"ALDH4A1"
8.93197410810455,0.32759812996465,0.2794411282175,1.17233326409156,0.241063281512992,0.3970798175688,"UBR4"
7.11064698271843,0.0544309616943572,0.251234790591942,0.216653758685693,0.828478187226529,0.899637347593252,"EMC1"
21.4650174236563,0.297857493358334,0.163478262612659,1.82200060483925,0.0684548938765757,0.160144004343373,"MRTO4"
35.9492785297939,-0.490607918229137,0.170251599046131,-2.88166408408418,0.00395581209071846,0.0193339870860497,"AKR7A3"
84.2375097521353,-0.461697286288722,0.150659829014242,-3.06450159481515,0.00218033011915909,0.0123711520867648,"AKR7A2"
2.53424233031072,-0.159803947877693,0.346954152454225,-0.460590964965543,0.645092094999009,0.771128277435851,"PQLC2"
63.1901732920795,-0.261047231080341,0.121230976532702,-2.1533046960974,0.031294739966094,0.0900212045754047,"CAPZB"
228.314119001466,-0.643313074804474,0.12412285140308,-5.18287380230544,2.18492881823082e-07,1.12992033171365e-05,"MINOS1"
93.002188738233,-0.140211160368148,0.153506599745189,-0.913388483628001,0.361038260271779,0.527428068030358,"NBL1"
6.51657893007054,-0.0779646161227386,0.299044043389786,-0.260712820890789,0.794313978266762,0.876651402843195,"TMCO4"
29.0592769914841,-0.0633964565342789,0.234954361892012,-0.269824556666102,0.787295229799543,0.871756557740827,"RNF186"
1.72858366985704,-0.557929981828531,0.428193569764409,-1.30298542814527,0.192579736466692,0.339405377804004,"RP11-91K11.2"
3.14402146999317,0.300449852787369,0.363879984822244,0.825683921401007,0.408983415424165,0.573400450749604,"OTUD3"
246.970605953117,1.6576091116238,0.417997242791446,3.96559819522744,7.32121039604464e-05,0.000933196536397239,"PLA2G2A"
1.19370399000185,0.0240859129694453,0.548872719235662,0.0438825106902496,0.964998056317836,0.980160764273447,"UBXN10"
93.2878132110438,0.824452745171748,0.36812091540547,2.23962483702847,0.0251152888874926,0.0760353365365642,"CAMK2N1"
4.88768357261368,0.0735475377054255,0.298525928545222,0.24636901077182,0.805396592845682,0.884709900822008,"MUL1"
0.91300645731691,1.20448646584065,0.793789806968346,1.51738716630898,0.129168962217854,0.254957275479078,"CDA"
7.15119721950049,0.235491941590666,0.257156337593686,0.915753987610253,0.359795941716608,0.525892856937062,"PINK1"
55.3929808707508,-0.380509919194858,0.146500026545723,-2.59733686175204,0.00939497366021815,0.0366582082149562,"DDOST"
43.9916227292586,0.992186837002425,0.229334437980859,4.32637525239553,1.51583101982257e-05,0.000279489386676963,"HP1BP3"
9.89898928993402,1.14298286257851,0.257646146865524,4.43625055714526,9.1539295558008e-06,0.000188636954413656,"EIF4G3"
8.24258440924801,0.0124650931145401,0.239272144891074,0.0520958806977498,0.958452295238045,0.975786737073005,"ECE1"
3.47020500936788,-0.218302518649119,0.440207062720351,-0.495908714640046,0.619958817390521,0.75162750204069,"RAP1GAP"
12.6765334464747,0.583808155067461,0.22220963914172,2.62728546485386,0.00860690955337226,0.0343302942485571,"USP48"
5.01860053912006,0.434446421081337,0.267292011918452,1.6253625312749,0.104085334672912,0.217965047155385,"HSPG2"
2.34405673743169,0.0952697129379145,0.406547922068024,0.234338211478975,0.814722423177124,0.891057241776274,"LINC00339"
76.5791628490351,0.834761397684714,0.228866665345546,3.64736994976696,0.000264938332152779,0.00244454569853796,"CDC42"
2.53182951451378,0.308183631527807,0.397132931077422,0.776021345527061,0.437736382617927,0.599548129049147,"ZBTB40"
31.4795384371495,0.00108330373399546,0.188486375732716,0.00574738481645825,0.995414275636241,0.99710459954811,"EPHB2"
2.34807338859726,0.239066142631878,0.382177772265535,0.625536491080323,0.531619006275221,0.681949256809462,"RP1-74M1.3"
17.1943467896581,0.125704581246362,0.217066967278906,0.579105069841632,0.562518279372189,0.706808806430866,"KDM1A"
15.4309266944328,0.650225519125476,0.220524774104069,2.94853728687473,0.00319281621119458,0.0163865709137869,"LUZP1"
1.30746500542296,1.02649929359787,0.584744800855015,1.75546544765669,0.079179725804513,0.178215921707153,"RP5-1057J7.6"
56.1665280382402,0.422497682124372,0.147362805667247,2.8670578047923,0.00414307331882182,0.0201044576596984,"HNRNPR"
86.4144972721781,-0.377019921826264,0.133298436647633,-2.82838967438827,0.00467828230078246,0.0219180956801111,"TCEA3"
1.12955432838385,-0.0180931485981844,0.564304878996051,-0.0320627187033607,0.974422034278855,0.984903643619484,"ASAP3"
9.72283410446878,-0.0775712488265659,0.189598946505758,-0.409133332522026,0.682441815907782,0.799571322402725,"E2F2"
130.013218878874,-0.673736406751624,0.200548227688128,-3.35947325248542,0.00078091210340714,0.00562008312988836,"ID3"
2505.43958556128,-0.417580313964064,0.121590348816361,-3.43432121076271,0.000594039806188518,0.00454314950366712,"RPL11"
8.23300826230383,0.553610594600087,0.236975693356232,2.33614927657528,0.0194834628518663,0.0631824750911583,"TCEB3"
2.86240265815669,-0.719449095873457,0.352874720597359,-2.03882299830248,0.0414676961323337,0.110431383030197,"RP5-886K2.3"
24.9407496306534,-0.0330707505937343,0.188006438226883,-0.17590222391121,0.860370758166662,0.919195910840132,"PITHD1"
16.670087039307,-0.13928621912491,0.165435606693575,-0.841936158174824,0.399823689576573,0.56515492240031,"LYPLA2"
29.8175990151316,-0.116895928899592,0.168985388044491,-0.691751696713654,0.489093275565186,0.643904963940944,"GALE"
25.4213332359692,-0.410661840814519,0.152169215448059,-2.69871826312131,0.00696070766911288,0.0293794346236167,"HMGCL"
26.5862680699075,-0.030284863510993,0.163007401055154,-0.185788272894101,0.852610801298083,0.914900009888833,"FUCA1"
5.30640153904832,0.626501316363125,0.500639251122774,1.25140271154945,0.210787588501297,0.361019306803894,"PNRC2"
17.1754845720573,0.625931600952625,0.253888544632885,2.46537945167121,0.0136868221514233,0.048761261989901,"SRSF10"
3.16878939173594,0.0739292112324174,0.340871405690636,0.216882994578645,0.828299530550283,0.899533290177607,"STPG1"
6.7478585213394,0.275692757376815,0.223820911904069,1.23175602776107,0.2180402336529,0.369525115085908,"NIPAL3"
5.84625844972283,0.739229915573607,0.351941418956466,2.10043454892431,0.0356906325145323,0.0994796131889529,"RCAN3"
83.7908126960969,0.655091005725949,0.219373514659366,2.98619004551733,0.00282477034018008,0.0149255471471259,"SRRM1"
1.34839290500919,2.04920828649187,0.688050262934808,2.97828283322091,0.00289868363336046,0.0152296585671479,"CLIC4"
51.7611865736165,-0.0442753663971783,0.128915115375276,-0.343445888934677,0.731263042146645,0.834105308025687,"SYF2"
31.4762032630745,1.0566479510979,0.196622223788595,5.37400061263669,7.7008595526667e-08,5.13075673263561e-06,"C1orf63"
40.8787857066475,-0.105665689210053,0.132919516792764,-0.794959925823365,0.426636813591646,0.589241467096995,"TMEM50A"
6.51628114726969,0.598952778946968,0.233950233608267,2.56017174981697,0.0104620444914996,0.0399079041720005,"TMEM57"
10.5889570633674,-0.0420746361287968,0.256388361122443,-0.164105094102549,0.869648411668412,0.924379147569634,"LDLRAP1"
8.13912724795228,-0.00897722234138437,0.256335354696024,-0.0350213974659487,0.972062678626985,0.983381526771221,"SEPN1"
7.09062422050354,-0.207155833178097,0.220647463290663,-0.938854361109089,0.347805524059485,0.514257457106525,"MTFR1L"
1.59299660302246,0.421420584894452,0.435723632429812,0.96717403769082,0.333457038555547,0.499442574672794,"AUNIP"
200.69831255394,-0.390139606826541,0.129428955130748,-3.01431473685641,0.00257560460011371,0.0139715614172003,"STMN1"
5.00687588002062,0.366148724245384,0.277945899311901,1.31733810483206,0.187725317954235,0.33290283360271,"PAFAH2"
3.61832145534034,0.562298401746029,0.443827650980592,1.26692963023752,0.205180452834031,0.354355833023749,"PDIK1L"
40.0653718965998,-0.200487243583483,0.227421064782864,-0.881568485201241,0.37801020377021,0.543950021590629,"ZNF593"
6.02515898377304,0.200228034134492,0.258098174090592,0.775782451154468,0.437877447263852,0.599665709619853,"CNKSR1"
3.17378167157874,0.278241830644787,0.380566212335922,0.731125942413366,0.464702229786723,0.623313382530449,"CEP85"
203.763566527576,-0.279764256113993,0.174507676780377,-1.60316303142402,0.108898664981369,0.224665558833144,"SH3BGRL3"
6.16092084966767,-0.293372897014122,0.303517307748877,-0.96657715894361,0.333755457521264,0.499598107330245,"UBXN11"
0.503844249101435,0.623720153935663,1.13592097023782,0.549087630458201,0.582945313581826,0.724848021709688,"CD52"
7.97475708526213,0.640877202035393,0.216144966664679,2.96503412466518,0.00302649356090136,0.0157337099432211,"DHDDS"
343.341487543093,0.0195677329002117,0.104175036494933,0.187835143222277,0.851005885762864,0.913956083799911,"HMGN2"
17.1446760195104,-0.0562868858512497,0.169896944391478,-0.331300165832018,0.740417766056566,0.841542327511701,"RPS6KA1"
23.3414290911224,0.444409494302614,0.25990482933236,1.70989317683787,0.0872856284062973,0.191693007986327,"ARID1A"
4.06098556224187,0.0473778796774338,0.282577297860775,0.167663432399219,0.866848065600585,0.923028727563718,"PIGV"
2.51703858137479,0.22639396399133,0.34482906591991,0.656539678252969,0.511476946529687,0.663550051092684,"ZDHHC18"
96.8106661639412,-0.103466502214299,0.194488928408292,-0.531991733725279,0.594731720734504,0.734215018637643,"SFN"
6.93947520860677,-0.372364129071022,0.291180397924823,-1.27880905351039,0.200964304981379,0.349138715980696,"GPN2"
2.18377647271279,-0.467283203564154,0.369079838447178,-1.26607621139682,0.20548579844604,0.354725126549672,"GPATCH3"
61.6896132479695,-0.2033238100071,0.166830369277333,-1.21874578883837,0.222940693000703,0.375496257342951,"NUDC"
10.2716893088447,-0.054481443022994,0.226840127243657,-0.24017550900275,0.810194199059506,0.888309843693714,"C1orf172"
3.70370998642363,0.301920502609215,0.339634192166798,0.888957912873914,0.374025699222498,0.54015448967264,"SLC9A1"
4.57975458851551,0.145200325487454,0.287480929092637,0.505078114036097,0.613503972592894,0.747353128699812,"WDTC1"
6.8558090511891,0.0999276873029981,0.260329687777213,0.383850524910224,0.701089237784307,0.813895811276766,"TMEM222"
2.45808147337282,0.214539602665181,0.435877302791823,0.492201822143619,0.622576676458361,0.753251192773819,"SYTL1"
2.78060028567227,0.681494778179221,0.361562857826557,1.88485836812955,0.0594489621374097,0.144562411288014,"MAP3K6"
46.6808759495924,0.253057079232888,0.136172494321146,1.8583567885309,0.0631183643477806,0.151183378212814,"WASF2"
1.56746615343626,0.106406450136635,0.448153710251407,0.237432933617671,0.812320942746052,0.889756203790873,"AHDC1"
2.05622851757311,0.566611376633439,0.732915788574451,0.773092059778818,0.439467899929602,0.600934448909025,"IFI6"
5.08721967545976,1.34021843912953,0.349282559027253,3.83706086803196,0.000124515617967934,0.00138124577235113,"FAM76A"
8.85008689957321,0.690893812320927,0.23565905466313,2.93175160745911,0.00337056212695182,0.0171288276549821,"STX12"
8.47222606658629,-0.0567501109910457,0.253942803674413,-0.22347595667175,0.823165093775227,0.896295873791499,"PPP1R8"
23.0769348273084,-0.36705839824232,0.159407168548297,-2.30264674785381,0.0212987266491398,0.0674500088089233,"RPA2"
12.6762430545556,-0.261654328524867,0.192106156987427,-1.36202989340936,0.173188451266381,0.314380563613745,"SMPDL3B"
1.5330631603322,-0.0495434728477247,0.428803943752836,-0.115538752778547,0.908018105858029,0.945906631138436,"XKR8"
5.59635042027346,0.649333528563832,0.27915402768124,2.32607615930691,0.020014488137792,0.0645102280988311,"EYA3"
41.9739150182953,0.274356829063873,0.128002118087133,2.14337725940687,0.0320828175966172,0.0917859323233043,"DNAJC8"
378.176042731981,-0.0973593604536997,0.116844311931442,-0.833240051178744,0.404709358665776,0.569722154598153,"ATPIF1"
3.99515882209368,0.115310700740412,0.331180582341572,0.348180741531167,0.727704450022219,0.832494504081038,"SESN2"
3.10497571795174,0.766377340291823,0.338424550527009,2.26454416234989,0.0235406667673683,0.0724973693580695,"MED18"
18.1172747109889,1.07820808040802,0.225370499352799,4.78415801315757,1.71705570782195e-06,5.13697658042601e-05,"PHACTR4"
16.6723729554969,0.11458364256785,0.207449002068322,0.552346077471668,0.580711267075036,0.723474172356877,"RCC1"
9.65688606174444,0.241795085968033,0.229945909245286,1.05153027841042,0.293015110613088,0.455829265328482,"TRNAU1AP"
14.3063682726652,1.1152410097149,0.366679578194404,3.04145929044249,0.00235434399582732,0.0131320882355854,"SNHG12"
11.9919022269792,-0.262118414478132,0.187455492881302,-1.3982967927438,0.162023960601269,0.299707070708531,"TAF12"
4.66833361583613,0.551592316744596,0.284450726072315,1.93914891468537,0.0524832079904327,0.131875899763096,"GMEB1"
30.0873187524852,0.266810017025696,0.151231822542384,1.76424520011931,0.0776907057586552,0.175967448137295,"YTHDF2"
14.754010745649,0.332350776843233,0.208849305053304,1.59134250773977,0.111532515337187,0.228665870598801,"EPB41"
27.9803454880837,0.256643971568545,0.145996187757554,1.75788132218039,0.0787677044884098,0.177435650434377,"SRSF4"
9.46262612056855,-0.527464133209943,0.236879013139005,-2.22672378705165,0.0259657396547903,0.0780697487959641,"MECR"
1.01809162519478,1.47585358843233,0.858339742075026,1.71942823579912,0.0855364245406785,0.188998081487644,"LAPTM5"
2.10956937032471,0.712692296082028,0.457289271210169,1.55851523521635,0.119111159305811,0.240514424847327,"SDC3"
21.8448209633223,1.09549349318005,0.267829295184223,4.09026761776202,4.30875730789817e-05,0.000617323276566941,"PUM1"
27.3230202836525,-0.622838678922526,0.184257240132156,-3.38026705748878,0.000724154299323367,0.005310138886328,"SNRNP40"
18.2598440154418,0.109757925886852,0.149073098631084,0.73626916522661,0.461566907480849,0.621142083673113,"ZCCHC17"
50.0393372679652,-0.208040820907969,0.162372285184285,-1.28125819422849,0.200102991711461,0.348154602950083,"SERINC2"
15.049551003339,-0.324674959332614,0.207767914278623,-1.56268093877679,0.118127659979239,0.239117686369904,"TINAGL1"
17.7619352579974,-0.123769553285665,0.175015562748894,-0.707191699650421,0.479447356021966,0.636109589505857,"PEF1"
61.1176430400097,0.593808949750144,0.25286748518794,2.34830092650624,0.0188592775571924,0.0617088744414311,"PTP4A2"
55.6850966790403,0.31118107527631,0.123692523133812,2.51576301778298,0.0118775016775604,0.0437846803185017,"KHDRBS1"
4.99260436652931,-0.346178453203613,0.30489059268432,-1.13541861083934,0.256199965520349,0.415025600470016,"TMEM39B"
13.2285920965209,0.296573043748934,0.228008611630455,1.30070983559869,0.193357794353829,0.340354922640704,"KPNA6"
10.081827108611,0.725200400854522,0.279387951769774,2.59567528327819,0.0094405236651949,0.0367865400086174,"TXLNA"
1.67004211708749,0.100800556474126,0.452800139557659,0.222616001339131,0.823834381676184,0.896477092685707,"CCDC28B"
2.40057040907662,-0.490706693172407,0.432101841445703,-1.13562740563805,0.256112534132922,0.41500777688504,"IQCC"
3.56259223202283,0.0492025846380372,0.315926132848629,0.155740787235261,0.876237345853782,0.928293588525224,"TMEM234"
82.7057265268049,-0.356206787057591,0.141855161432293,-2.51105975602873,0.012036931953557,0.0442073320986233,"EIF3I"
52.3618207309288,-0.0150048662974193,0.118963951124027,-0.126129522058122,0.899629398856455,0.941593607515526,"HDAC1"
166.085418265555,-0.429320105116604,0.117783556871709,-3.64499185216681,0.000267400273200327,0.00246307630785034,"MARCKSL1"
3.03297077573881,0.0495778506158055,0.523732036455605,0.0946626273835131,0.924582803654797,0.955918626017812,"FAM229A"
10.6697525434086,-0.389919213006596,0.20885930009111,-1.86689897379002,0.0619156972120823,0.148926793294178,"BSDC1"
3.96298968591511,-0.207939839469338,0.283567422583836,-0.733299465695364,0.463375800855232,0.622361001991233,"ZBTB8A"
24.5276890266633,0.295998124638023,0.165450983315133,1.78903817134915,0.0736086683395184,0.169470031411314,"ZBTB8OS"
53.5931750532114,0.129499162148531,0.230695312888925,0.561342840159401,0.574563842313598,0.717709147403459,"RBBP4"
5.81248201715246,1.78244976052118,0.541491892974527,3.29173859045205,0.000995701169782446,0.00679897756074064,"SYNC"
20.2972810145308,0.0315737283351861,0.241046366074211,0.13098612042741,0.895786287095095,0.939563364675752,"KIAA1522"
9.70168852664712,0.291061311391028,0.225753015198954,1.28929091438499,0.197296968426416,0.345365099469839,"YARS"
6.43534948370287,0.531275789870197,0.25989578654777,2.04418777590512,0.0409350003351975,0.109334506551954,"S100PBP"
188.981966478619,0.104738530433227,0.123751332738191,0.846362848106154,0.397350357323371,0.562977805679297,"TMEM54"
5.54308417821917,0.259018523436265,0.323711464821755,0.800152455455624,0.423622472438146,0.586789439956124,"RNF19B"
68.1921446187287,-0.445786366384967,0.135623978540852,-3.28692883943593,0.00101286424980454,0.0068770807340837,"AK2"
1.75580196203918,-0.320447517648387,0.4525400958531,-0.708108564489296,0.478877841466065,0.635771804195778,"ADC"
1.81799332708186,-0.0101090277863709,0.383282795301084,-0.0263748540511187,0.978958350731471,0.986704048275523,"ZNF362"
12.5052528397343,0.577714731152005,0.243316467724338,2.37433469487367,0.0175806063274506,0.0583521151449004,"PHC2"
23.0898175009855,-0.335363319448304,0.162796982194378,-2.06000943584988,0.0393976387682952,0.10624741917648,"SMIM12"
3.40357936024914,0.0724815472447173,0.409081576465582,0.17718115753574,0.859366095608693,0.918664809362182,"GJB3"
2.11420548771709,0.900291599588991,0.394479620844959,2.28222587940184,0.0224760079491138,0.0702522130079386,"ZMYM6"
2.70124443871562,1.51567760462486,0.429819394728016,3.52631273324454,0.000421389056034908,0.00355074925074451,"ZMYM1"
78.2467844104062,0.439786646345982,0.185662429384943,2.36874335751662,0.0178486338772724,0.0590389132115022,"SFPQ"
6.54972996255753,1.26763854044493,0.309664527601903,4.09358653463395,4.24751451190481e-05,0.000610966988070016,"ZMYM4"
9.65009307801991,0.476184686917826,0.217862562294001,2.1857114040329,0.0288367260313999,0.0846625695325771,"KIAA0319L"
60.9673301872318,-0.260510704682151,0.129522801875178,-2.01131152901716,0.0442925614963515,0.116237510237101,"PSMB2"
22.765546160939,0.556768927983828,0.235295498652144,2.36625405574351,0.0179691088831274,0.0593505238658041,"CLSPN"
2.96488740181287,0.775574414012453,0.487194923261067,1.59191809475579,0.111403109229881,0.228486830261853,"AGO4"
5.11336378555963,0.936632264411644,0.279304484907683,3.35344512896463,0.000798122369848982,0.00572119401753131,"AGO1"
7.62790557543613,0.756201843464664,0.289030809676914,2.61633645323128,0.00888789309677342,0.0351630306123714,"AGO3"
11.3793435296418,-0.357843920648391,0.168508115139088,-2.12360051830752,0.0337035621803306,0.0951673886352477,"ADPRHL2"
22.0411864690328,-0.499650559234146,0.146242248432223,-3.41659516720102,0.000634094965707743,0.0047655856938312,"TRAPPC3"
5.39928895039616,-0.280356680103195,0.250299333056364,-1.12008560582166,0.26267728391551,0.422180746384851,"MAP7D1"
41.18578866781,0.461380548116655,0.156409890318643,2.94981696602891,0.00317962235903405,0.0163265715456784,"THRAP3"
7.27853322296157,0.151762788346652,0.306188329657863,0.49565177260751,0.620140118661013,0.751643045609219,"STK40"
12.053001112099,-0.163015269328503,0.199299979697201,-0.817939216934064,0.413391895709949,0.577243051532177,"LSM10"
1.32754373856113,-0.350471108104325,0.498902966465818,-0.702483512148726,0.482377680534512,0.638311394005703,"OSCP1"
52.9388413604335,-0.129023153996643,0.154583633668189,-0.834649509362607,0.403915077654881,0.569034461528819,"MRPS15"
13.1867916441536,0.582964441570112,0.421437394488552,1.38327649419337,0.166580102584125,0.305378108383457,"ZC3H12A"
24.6843479036289,-0.354222730201429,0.195924410470655,-1.80795608546432,0.0706133356169356,0.16378915523279,"MEAF6"
2.69813160603176,1.3953300416606,0.477769100472364,2.92051126847898,0.00349457559122602,0.0176025468092368,"SNIP1"
1.20917159470243,0.10586590180165,0.535984659193698,0.197516663930098,0.843423242367105,0.909475663892889,"DNALI1"
12.5293880467555,-0.0656628421997442,0.199321708266007,-0.329431464194122,0.741829588821072,0.842177434099607,"GNL2"
3.73379155544786,0.378641939770025,0.281615840815279,1.34453352721159,0.178775922273865,0.321921159989085,"C1orf109"
10.1961710738142,0.59481314505791,0.232053088562686,2.56326321163025,0.0103693404588656,0.0396164576679482,"CDCA8"
5.77948288640496,-0.535179331546733,0.310152638126629,-1.72553531957458,0.0844310443509784,0.187088582259054,"EPHA10"
4.47497439908124,0.462230227980343,0.324892475956967,1.42271755176493,0.154818050450889,0.290869915162802,"MANEAL"
7.65772356631434,0.693763465365627,0.269495486734977,2.57430457842093,0.0100441809520178,0.0386807819641535,"YRDC"
28.1734961254692,0.284391664825761,0.176365469011102,1.61251330218082,0.106850287643495,0.221745485153517,"C1orf122"
4.42499546272484,0.819968599351528,0.306323627315364,2.67680494168137,0.00743278932605869,0.0308563043123079,"MTF1"
1.75875052477363,-0.0906646787041836,0.414105746496566,-0.218940885199562,0.826696097222247,0.898690652235595,"INPP5B"
20.9271520106715,0.455662142540835,0.155704113846659,2.92646180812911,0.00342841597806267,0.0173294124566276,"SF3A3"
16.1915319857251,0.276829389443055,0.189895672726397,1.45779724976626,0.144896436583045,0.277575463272513,"UTP11L"
6.917772070999,0.167143482384449,0.281176106591016,0.594444116930485,0.5522151086795,0.698524060189419,"RRAGC"
15.6577288411734,0.133754328710446,0.196550607960303,0.680508343873757,0.496182640416449,0.650162098808233,"MYCBP"
11.6069514018115,0.0333489844375818,0.212163456645868,0.157185337026471,0.875098784007699,0.92781146093172,"RHBDL2"
11.1948073074835,0.795488137313333,0.289907779057761,2.74393512274412,0.00607075343817565,0.0266054811697287,"AKIRIN1"
315.993044292937,-0.22064347392387,0.0900600280842366,-2.44996008348447,0.0142872052241124,0.0503109755946369,"NDUFS5"
7.44184831720297,1.34773032176475,0.276001841468887,4.88304829631609,1.04458272724926e-06,3.60011920600656e-05,"MACF1"
23.9608245840959,0.907028556472085,0.239890930635125,3.78100395071492,0.000156197195165838,0.0016452973225034,"PABPC4"
22.5934963800298,-0.669021702594641,0.206487066619833,-3.24001746717817,0.00119522377655646,0.00780994597677684,"PPIE"
1.3247565543979,0.312198539365903,0.468267993724109,0.666709114332171,0.504957955833403,0.658640811956613,"BMP8B"
4.45441140362458,-0.0244142957190007,0.301653048873383,-0.0809350205813714,0.935493628914592,0.963164657756207,"TRIT1"
2.99795681368249,0.214360795570954,0.410582007234786,0.522090086252549,0.601607608682327,0.738911855947757,"MYCL"
3.02587318655597,1.92670282736549,0.552406706446215,3.48783388196081,0.000486950518123244,0.00390856069979189,"MFSD2A"
50.9803222333729,0.379553291427707,0.131135760019273,2.89435384651696,0.00379939738552123,0.0187355718032645,"CAP1"
6.9045593900706,0.214225812531481,0.269784799329787,0.794061833964226,0.427159434950138,0.589597288200115,"PPT1"
4.11107954624862,1.39281971102438,0.361474343484736,3.85316340185342,0.00011660151919259,0.00130950620313499,"RLF"
2.80450184098488,-0.575672539871943,0.345754558669479,-1.66497454751494,0.095917833890686,0.205619359663018,"RP1-39G22.7"
12.1639606629786,0.479005575532032,0.23649321925324,2.02545162624349,0.0428210108665363,0.113506511596433,"ZMPSTE24"
2.78603145691042,0.290023873493942,0.359977718280151,0.805671736794086,0.420432150161689,0.584080499098542,"COL9A2"
4.97589411098099,1.00502929190589,0.300272037365339,3.34706255275804,0.000816727785298634,0.00582763715397054,"SMAP2"
2.01944626751731,-0.618175466884964,0.445372370286986,-1.38799689456854,0.165137990739031,0.303605650825441,"EXO5"
2.39093379349883,0.729021967817385,0.365367106436641,1.99531363106932,0.0460086841385895,0.119394812850447,"ZNF684"
1.06707471854576,0.422364753332813,0.516788965747824,0.817286709521026,0.413764600128811,0.577345953668108,"RIMS3"
10.1462618426329,-0.133077412215625,0.202127475196424,-0.658383587319351,0.510291679040592,0.662727314444926,"NFYC"
2.12268645820137,0.812438678559948,0.501851196923185,1.61888361239537,0.105472307468464,0.219894271281919,"CITED4"
6.35165425785895,0.287331028377376,0.233582439832594,1.23010543336778,0.218657625689991,0.370224791860508,"CTPS1"
5.59292043382618,-0.271061284008946,0.259549032547913,-1.04435482324099,0.296321256945021,0.458869078913865,"SCMH1"
5.30406208577174,1.39950409314029,0.905940950584889,1.54480718885348,0.122392907926061,0.245463892904345,"GUCA2B"
16.5844182952515,1.07811454429309,0.78286926556121,1.37713228979583,0.168471351195931,0.308013278449126,"GUCA2A"
6.74248899965384,0.603051455651805,0.29812580464962,2.0228086473781,0.0430928797928333,0.113867451456284,"FOXJ3"
3.6884926423372,-0.433154892213941,0.462655321018168,-0.936236702650897,0.349151329939005,0.515538197571392,"RIMKLA"
43.5572447227172,-0.180741484174965,0.137708209649601,-1.31249607147506,0.189352810691761,0.335077647728943,"PPCS"
35.6951713471551,-0.218969808875244,0.131778224390848,-1.66165396360016,0.0965821766546058,0.206757823471125,"PPIH"
547.933518644942,-0.365505937396773,0.119098445745024,-3.06893960798849,0.00214820012494318,0.0122335885458222,"YBX1"
6.11736136235614,-0.193836174557822,0.262411948246344,-0.738671298518216,0.460106618161126,0.619756058386547,"C1orf50"
12.0569988042781,-0.800297141636623,0.190902198739717,-4.192183992222,2.76281777119913e-05,0.000436742372565102,"CCDC23"
2.79034822377905,-0.0342123664367212,0.470015512952223,-0.0727898664914894,0.941973334934116,0.966263381258572,"ZNF691"
3.6210279769946,0.408935364466605,0.301506731097859,1.35630592052646,0.175001852522076,0.316753353064958,"SLC2A1"
40.6962159031897,-0.467680450111152,0.143227537365271,-3.26529701420778,0.00109349348845812,0.00728548422371481,"EBNA1BP2"
12.104318602445,0.00140998812222018,0.193316904579906,0.00729366179995589,0.994180551454831,0.996566437954538,"TMEM125"
12.5019239279377,-0.52421408319823,0.19755623823255,-2.65349293896334,0.00796634373079248,0.0324267214829109,"C1orf210"
2.12995324060017,-0.453416646893798,0.428807619628646,-1.05738943558527,0.290333890977755,0.452760777716602,"RP1-92O14.3"
13.2606129012223,0.280516432717104,0.226957944052472,1.23598419913537,0.216464437074551,0.367639411902855,"CDC20"
17.9493997367041,0.068479870382107,0.183971209909289,0.372231450865994,0.709720531420449,0.820128215708244,"ELOVL1"
11.624391815379,0.0963312744533581,0.19593887073767,0.491639428617153,0.622974264944678,0.753648269722535,"MED8"
3.25201181522356,0.490744768085699,0.337272484855097,1.45503944176335,0.145658342626115,0.278396621069977,"SZT2"
27.3600417923953,-0.471714212759766,0.185296620658255,-2.5457248550137,0.0109051105563326,0.0411642337997121,"HYI"
56.5336672415506,-0.0734431618585634,0.150383366774838,-0.488372906084265,0.625285729339753,0.755609210455642,"PTPRF"
6.26937890311726,0.354007162858908,0.281629022245851,1.2569981603312,0.208754301740166,0.358592451317732,"KDM4A"
2.73063132245496,0.0379907543629236,0.315914304406051,0.120256518407262,0.904279947358404,0.943732483981575,"IPO13"
5.02024443307949,-0.237708879931237,0.308947187622326,-0.7694159049016,0.441646449677523,0.603086234250238,"DPH2"
109.517976145754,-0.418587874778719,0.140790297960662,-2.97313011508559,0.00294779460547192,0.0154354143758076,"ATP6V0B"
11.5373390748726,0.475861560076303,0.283852199455131,1.67644133457392,0.0936517782343595,0.202278900482328,"B4GALT2"
5.29220499578433,-0.85746014009895,0.357150169922053,-2.40083923321691,0.0163575212153831,0.0553532041263015,"CCDC24"
9.99115231561483,-0.0973917470006195,0.209063536625797,-0.465847601033082,0.641324589985422,0.768229805475762,"DMAP1"
27.940132715556,-0.233129119282623,0.184364171425874,-1.26450338739681,0.206049405660019,0.355246316156184,"ERI3"
11.850931476418,0.259496387892052,0.234473452396827,1.10671969572434,0.268415137169195,0.428171032558381,"RNF220"
7.5331609770433,-0.189073982659488,0.241458681968882,-0.78304901326288,0.433598330459195,0.595382206193811,"TMEM53"
4.85290694109429,0.1947446530882,0.346461444578992,0.562096175881409,0.574050493684765,0.717315425315446,"KIF2C"
2725.39470895211,-0.0293099984837498,0.120637001112597,-0.242960271006681,0.808036174529719,0.886659882327246,"RPS8"
7.3171425589072,-0.193460095488194,0.455352214088232,-0.424858141681743,0.670940090264711,0.791312921402559,"PLK3"
7.35533735066918,-0.114488872434256,0.231759682555293,-0.49399822769839,0.621307431144616,0.752140750145183,"EIF2B3"
4.35156079664409,0.86870315468802,0.287245074306963,3.02425779374613,0.0024924395581694,0.0136913978764389,"HECTD3"
14.8925930198511,-0.989419150043638,0.232640432957916,-4.25299737222644,2.10928052718219e-05,0.000359604184069051,"UROD"
2.03200360859017,0.540188037672538,0.485062302681595,1.11364671030131,0.265430779123975,0.42515484422954,"ZSWIM5"
8.9516692830357,-0.360607348944249,0.219870320629745,-1.64009106782311,0.100986233340867,0.213450855212499,"HPDL"
5.06323802076416,-0.214745706192102,0.278061870844483,-0.772294689451352,0.43993991000604,0.601428426820946,"MUTYH"
4.82106337893827,0.298999510447723,0.252487879352171,1.18421332229845,0.236328629801732,0.391657091354618,"TOE1"
1.32209512311893,1.39747054316537,0.525888127858111,2.65735328321087,0.00787568628269329,0.0321783118999432,"TESK2"
185.538762995392,0.0567724596125977,0.138658686824762,0.409440338089652,0.682216542080966,0.79940610589141,"PRDX1"
73.7204325826589,-0.0654151797212386,0.124727530174091,-0.524464644092078,0.599955404732779,0.737299501572704,"AKR1A1"
102.329578795178,0.371047518891958,0.141440936856198,2.62333895079611,0.00870725998014965,0.0346477172772685,"NASP"
23.8841748880185,0.298762612321732,0.26133407022329,1.14322105826639,0.252946821180355,0.411227915871057,"GPBP1L1"
8.87179698631959,-0.274146342002251,0.228424548956909,-1.20016146799513,0.230076636852697,0.383991436333224,"TMEM69"
2.69941225789385,0.835204344174409,0.346711715657279,2.40893026239702,0.0159993548492551,0.0545021937462079,"IPP"
7.11794167190437,0.234202452603894,0.27893754807066,0.839623256975665,0.401119655093901,0.56602903512471,"MAST2"
1.87237737856307,1.50101001621205,0.490985841335058,3.05713503291785,0.00223463583963381,0.0126297431628767,"PIK3R3"
64.0835008160296,0.275032345916016,0.189515444588911,1.45123974730717,0.146713112519601,0.279723385176064,"TSPAN1"
8.11488331436071,-0.0600100478865524,0.226133747542417,-0.265374136053249,0.790721258535778,0.874059548090028,"POMGNT1"
4.64693169597113,-0.503016844705227,0.298838815913627,-1.68323797953547,0.0923290312543144,0.199938839366272,"RAD54L"
11.5697134062603,0.0477260743126478,0.226363955780813,0.210837781783866,0.833013855555048,0.902595859546759,"LRRC41"
621.356307203002,-0.20979154914118,0.0943313731050041,-2.22398489744926,0.0261494603734244,0.0784577683022098,"UQCRH"
3.33418203363173,0.287514721407125,0.2956687302563,0.972421808548687,0.330840746783113,0.496535449152102,"NSUN4"
21.0394473020909,-0.588188107573712,0.186044711510729,-3.16154166811558,0.00156936363546637,0.00962353985384799,"FAAH"
5.61202559234088,-0.0753679857133529,0.247880985032771,-0.30404908106763,0.76109049879107,0.855547336390749,"MKNK1"
2.22486309033643,-0.236202083275579,0.413221219517264,-0.571611698817203,0.567585068016002,0.711200396752484,"MOB3C"
21.9515252450528,-0.444673793607105,0.170971878406505,-2.60085926265512,0.00929905942921899,0.0363788852310224,"ATPAF1"
15.5945024757436,0.69048811775398,0.311915810529487,2.21370028207886,0.0268494035273371,0.0801056379963957,"EFCAB14"
41.5073800437217,-0.219655668612206,0.213696298584981,-1.02788709990153,0.304002938369512,0.467521986731421,"PDZK1IP1"
7.37943736794785,0.662196055075137,0.339583880394889,1.95002205141508,0.0511734908045847,0.129453554655903,"STIL"
56.3458297704349,0.216834708625002,0.177691159820655,1.22028979294105,0.222355037776185,0.37467427622178,"CMPK1"
2.59589513250765,-0.251493470393717,0.341912376992087,-0.735549477928191,0.462004918550218,0.62142350946933,"FOXD2-AS1"
9.79296708879333,0.893514882061666,0.282349221542759,3.16457356311978,0.0015531039546576,0.00956399220474861,"FOXD2"
2.51299524821446,1.65096813495129,0.431088113203403,3.8297695630784,0.000128263311868583,0.0014170290609286,"SPATA6"
12.569236090081,-0.0186735734356053,0.186157235571158,-0.100310758151903,0.920097616803175,0.953278011685029,"FAF1"
5.86531269747434,0.12636065623525,0.290341781549476,0.435213476892292,0.663407481184893,0.785671237259317,"CDKN2C"
6.51991524961565,0.625137713266051,0.31047572407175,2.01348338951481,0.0440638006929301,0.115867524340247,"RNF11"
4.50134245805776,0.502703388195294,0.344154291417292,1.46069190689172,0.144100011061228,0.276293453411888,"TTC39A"
7.03819763823378,0.888955482798087,0.324450104180832,2.73988348699259,0.00614609679488385,0.0268274160741313,"EPS15"
7.27916757265632,0.315008891449831,0.230564910987747,1.36624818624969,0.171861077827533,0.312684085308596,"OSBPL9"
15.5904439122732,0.558522971343776,0.192539008518214,2.90083020392692,0.00372175485865187,0.0184558254634517,"NRD1"
30.1752149577306,-0.264552254357878,0.150337814134578,-1.75971864351479,0.0784555231457773,0.176974354576447,"TXNDC12"
3.81457888306094,-0.251733930256803,0.284184165116678,-0.885812656568843,0.375718488487087,0.541657080176525,"KTI12"
16.7139511999741,-0.0185036792317472,0.176529049053913,-0.104819457935765,0.916519069902875,0.950918559150886,"BTF3L4"
2.16162727085239,1.08064416453639,0.396151173560435,2.72785804172691,0.00637470350418654,0.0275484600300302,"ZFYVE9"
1.36321045991703,0.326196750860049,0.464246916662619,0.702636332417702,0.482282414252138,0.638263102458959,"CC2D1B"
5.69705904737784,0.0731826725913604,0.249788267211448,0.292978823258382,0.76953833840546,0.861743282644184,"ORC1"
19.9925834521557,-0.149454423921938,0.154233236222278,-0.969015677700926,0.332537367024156,0.49839301764868,"PRPF38A"
5.35990509093159,0.645681541723742,0.268769663031635,2.40236020107576,0.0162896595930145,0.0552390966401682,"ZCCHC11"
3.80176962578458,0.265725407078784,0.328182787609109,0.809687214294991,0.418119968281195,0.582077022886011,"COA7"
9.27238854179132,0.98042259869164,0.401259083624868,2.44336549302451,0.0145509925638696,0.0509589742804334,"ZYG11B"
28.6779011894247,-0.580155843049219,0.155319199796249,-3.73524872527208,0.00018752974637233,0.00188921432801809,"ECHDC2"
98.1151220397916,-0.175274034586423,0.137795197308707,-1.27198943076187,0.203376874580276,0.352429050253996,"SCP2"
14.3227850730413,0.157367580760778,0.205989261030287,0.763960120899898,0.444891007939951,0.606060755924218,"CPT2"
18.0295377548291,-0.390771860043598,0.197690535863714,-1.97668471247907,0.0480772798977091,0.123520051972822,"C1orf123"
41.7677488154588,-0.24836649020713,0.13440357974784,-1.84791573760982,0.0646145334947888,0.15364874835853,"MAGOH"
10.3313444397548,0.338558485403187,0.263559916618446,1.28455984410299,0.19894613861537,0.347093231431131,"NDC1"
3.09339802344951,-0.121763946175662,0.302142212934417,-0.403002099551355,0.686946679949364,0.803685273252963,"YIPF1"
29.1501773717253,-0.188454547430293,0.166981522428388,-1.12859521634266,0.259068629594283,0.417865040456545,"HSPB11"
6.32241642219054,0.0760529785033596,0.254692722278523,0.298606798902525,0.765240077238461,0.858967156466118,"LRRC42"
180.635551641148,-0.555514099129887,0.151272001850885,-3.6722862944425,0.000240390155827508,0.00228202543032057,"TMEM59"
1.95046259482314,0.124154739393194,0.420022494430601,0.295590691068826,0.767542683579292,0.860484519838042,"TCEANC2"
2.5976027454762,0.105580663186317,0.385856598793903,0.273626688039903,0.784371522366151,0.869833016736077,"CYB5RL"
54.1982308189597,-0.537038279003398,0.117721518899304,-4.56193807236522,5.06835976262912e-06,0.000120179884327843,"MRPL37"
13.7091885821174,0.235367378944603,0.24199616815846,0.972607875305213,0.330748227082285,0.496533832750016,"SSBP3"
11.4067696128992,-0.20711641679447,0.225701352485135,-0.91765695913635,0.35879848768375,0.525000212374768,"ACOT11"
2.32664852853739,-0.393220277605934,0.352209279656988,-1.11643928856413,0.264234143995113,0.423804874285471,"PARS2"
3.82295001343691,0.315912213981882,0.319875095095637,0.987611160810846,0.323343118173777,0.489135849473077,"TTC22"
22.1369679097871,0.514080690110297,0.205800262302355,2.49795935320542,0.0124910515329518,0.0454448307027996,"DHCR24"
1.41663760533042,-0.24465957074557,0.502758383553213,-0.486634492330995,0.626517375583881,0.756501967849783,"TMEM61"
2.68128581948423,0.698888249932262,0.467211309300644,1.49587185930582,0.134687050815233,0.262974385121075,"PCSK9"
5.36048442463202,0.370216479379094,0.291202224645286,1.27133808757833,0.203608397984606,0.352739736371232,"USP24"
3.53490667610816,0.42008411068897,0.385208797247353,1.09053612921312,0.275477047326845,0.43629586320104,"PPAP2B"
2.74694931457529,0.9303786128042,0.464022859765264,2.00502753953728,0.0449601029714637,0.117541338052503,"PRKAA2"
6.11090503160298,0.265852083933797,0.228057702050181,1.16572289181139,0.243726501639148,0.400147266222874,"OMA1"
4.92700365859185,1.02523859701073,0.350223489408747,2.92738387919542,0.00341826680177714,0.017298405157176,"MYSM1"
301.591215840163,0.305005229131463,0.297066522960314,1.02672366476047,0.304550602781618,0.468075225899854,"JUN"
5.89500124123329,-0.252396953427255,0.268394162406745,-0.940396583755622,0.347014173896781,0.513499649614259,"FGGY"
19.028202543528,1.19979718634091,0.276255060849219,4.34307767123861,1.40500432351925e-05,0.000262170909852561,"HOOK1"
9.21300771743042,-0.306734539013703,0.230219578223452,-1.33235644587962,0.182743086948233,0.326789053887338,"CYP2J2"
29.2456026339943,0.752244620423905,0.283817135675848,2.65045526103489,0.00803833726530635,0.0326219516820729,"NFIA"
18.2896178103484,-0.24460439833065,0.224981480419774,-1.08722014751731,0.27693952882558,0.437845870293463,"TM2D1"
15.0115760832819,0.869814636093117,0.220647224178906,3.94210550044287,8.07694319728985e-05,0.000997902197071305,"INADL"
23.5979859560984,1.34118672352227,0.483376383879942,2.77462194730511,0.00552659101487011,0.0249040574363027,"L1TD1"
32.0413032323517,0.55034070572842,0.13796240179852,3.98906295160137,6.63348173366173e-05,0.000864821268038012,"USP1"
4.02208246502622,0.419565983981394,0.309450134792753,1.35584359742609,0.175148936437476,0.316919438174069,"DOCK7"
2.93354056237039,0.115538117839681,0.366768156816557,0.315016763839365,0.752748925695001,0.850131074898309,"ATG4C"
8.26514410342208,0.194149599044008,0.240187298093513,0.808325838148273,0.418903032086289,0.582745592907312,"ALG6"
23.3005594621511,0.654678233206324,0.317873221234958,2.05955767731191,0.0394408457611597,0.106259575258339,"ITGB3BP"
29.9233544266218,-0.171871893589043,0.12460216248945,-1.37936525462465,0.167782166363941,0.307016904245661,"PGM1"
8.66036421854035,0.46415371088045,0.260841746472083,1.77944564916539,0.0751667280589494,0.171674167554193,"RAVER2"
15.690756148109,1.24995999451374,0.213661054155153,5.85020044694748,4.90980955461539e-09,5.9245035292359e-07,"JAK1"
13.5214689422098,0.0927977652954583,0.283226514792436,0.327645048922999,0.743180056289984,0.842859962881732,"AK4"
18.2666696002069,0.444396382613604,0.160436209459694,2.7699257175809,0.00560690782730458,0.025156755060113,"LEPROT"
1.50424965612281,0.278580051225313,0.482499945979441,0.577368046456077,0.563690855040861,0.707545386701774,"WDR78"
19.1372329920759,1.35801807086105,0.339094340873639,4.0048384982252,6.20598659982493e-05,0.000824447805303435,"MIER1"
8.49924278990384,0.151296002114661,0.282707568643744,0.535167851502827,0.592533794543234,0.732783979068946,"SLC35D1"
177.53522568014,0.591787056681906,0.111233955398927,5.32020150285526,1.03652383674195e-07,6.58283559474713e-06,"SERBP1"
17.4514950539123,0.331091113756755,0.522186441701407,0.634047702728516,0.526049691112626,0.676952626416177,"GADD45A"
20.2791042735363,0.630722480228924,0.195951276124642,3.21877199629835,0.00128740807512619,0.00827292999755647,"GNG12"
14.2276410488915,0.594351717945468,0.236776134234694,2.51018422894067,0.0120668189508753,0.0442637186890661,"WLS"
5.76272989104394,0.902528121620206,0.344730148431008,2.61807133993919,0.0088428315773232,0.0350485952298285,"DEPDC1"
5.35866733205389,0.292995015273464,0.264143395508839,1.10922711018024,0.267332220196253,0.427196573180003,"LRRC40"
61.6250669400531,0.301525248699291,0.128529568371707,2.34596017491697,0.0189781351544079,0.0620043765875061,"SRSF11"
3.96115420625778,0.597413671612451,0.301852027161858,1.97916070741545,0.0477979152647508,0.12297686798749,"ANKRD13C"
2.49738126620869,-0.125925331829742,0.38097518019264,-0.330534214239543,0.740996344713711,0.841671405040362,"HHLA3"
2.56656679178447,0.0682143546237476,0.380208339283067,0.17941309428503,0.857613350452032,0.917875331221944,"CTH"
25.9349423305138,1.03303300583517,0.195121131099648,5.29431640752227,1.19462437317657e-07,7.258084994126e-06,"ZRANB2"
3.4526398134405,0.14399353552053,0.283205361600446,0.508442123788885,0.611143317814254,0.745834040390132,"FPGT"
3.0645764790568,-0.0871430641087342,0.446543259891141,-0.195150329063254,0.845275263025039,0.910322228922245,"CRYZ"
12.2330835212862,0.728020304793898,0.188289388266336,3.86649673408101,0.00011040994182569,0.00125818674525393,"TYW3"
33.4830130916389,-0.380543719011075,0.159749680915914,-2.38212506484678,0.0172130504438136,0.0575573910384769,"ACADM"
14.1884848730087,-0.284052807488466,0.220793991553066,-1.28650605702826,0.198266506299138,0.346336538267435,"RABGGTB"
6.38995929860379,0.018546775268757,0.306625825148912,0.0604866705527814,0.951768031769677,0.971812789114206,"PIGK"
5.01745791996618,1.33596858149631,0.324390767396165,4.11839274039739,3.81524075264536e-05,0.000561382075245381,"ZZZ3"
8.37892813694508,1.00363123255201,0.238294921853467,4.21171892688997,2.53434768472191e-05,0.000407748383053037,"USP33"
3.66190991348642,1.06465420819105,0.34588905025821,3.07802229471062,0.00208379324732927,0.0119293593389541,"FAM73A"
20.3866798115163,0.592862378882873,0.194273285490031,3.05169276047116,0.00227554887732862,0.0127845115405012,"FUBP1"
4.06237428697992,1.18319437339093,0.536397363307152,2.20581690800259,0.0273968219504146,0.0813144264502603,"DNAJB4"
23.0285397040212,0.645055032903277,0.236993505199219,2.72182578320463,0.00649223583265469,0.0279341050485855,"GIPC2"
3.77982941810505,2.56380467992636,0.673565806601894,3.80631655407306,0.00014105182653753,0.00152571995637208,"RP11-386I14.4"
16.4795403631612,1.1230270492307,0.311777588287681,3.60201339486427,0.000315762089838064,0.0028041900463633,"PRKACB"
6.82572303552543,0.0697100136986672,0.290121923068736,0.240278338711244,0.810114486395917,0.888309843693714,"SAMD13"
14.1650185140845,-0.0472807740650055,0.183246421008258,-0.258017448880351,0.796393440795164,0.878357432599899,"RPF1"
161.707108778076,0.36802255728411,0.0929706343428502,3.95848172797169,7.54277101538673e-05,0.000955828392381563,"GNG5"
4.94575620350637,0.470413643219744,0.29300112856312,1.60550113075215,0.108383564537643,0.223900610781588,"CTBS"
5.73068640283058,1.42518090974944,0.29523834878607,4.82722151647763,1.38451093993877e-06,4.37086883945787e-05,"SSX2IP"
2.49351610208747,-0.25205214483986,0.42519629398582,-0.592790079323376,0.553321647846795,0.698970162764981,"MCOLN2"
2.05480908879692,0.788392627020507,0.440326541139392,1.79047264555177,0.0733779609312154,0.169010531434358,"SYDE2"
8.1146365138344,-0.0191118338121493,0.209952058773089,-0.0910295137081982,0.927469139858057,0.957626436476374,"C1orf52"
16.8825966767363,1.06786784454816,0.319133498220915,3.34614777358452,0.000819427128918333,0.00584023771042532,"BCL10"
32.9596960969527,0.60266654553574,0.287461273549073,2.09651386461578,0.0360366313174008,0.0999636822750889,"DDAH1"
4.59012603789885,0.669865731784855,0.527699720048638,1.26940702512238,0.204295931894985,0.353457674108577,"CYR61"
7.27712296150385,1.92193848287382,0.287526539037526,6.68438638501811,2.31894227376867e-11,1.04932137888032e-08,"ZNHIT6"
10.6341360185299,0.612123072463235,0.203320882051025,3.01062569810029,0.00260710014249161,0.0140688291505853,"ODF2L"
100.267603540099,0.813840983104769,0.493910620567364,1.6477495101642,0.0994040836867169,0.210763051315452,"CLCA1"
2.57338967358243,1.53282135681974,0.766670832741586,1.9993213402138,0.0455735966430398,0.118731934433837,"CLCA4"
30.4424855416467,0.570581667118402,0.14544728379678,3.9229448101322,8.74731944617656e-05,0.00106193431784018,"SH3GLB1"
46.3369257937407,-0.211287648944115,0.156747889349178,-1.34794573516357,0.17767583661972,0.320386088080024,"SEP15"
3.40687965093065,0.924723444111487,0.45998886794701,2.01031700666724,0.0443976480503581,0.116407160267235,"HS2ST1"
22.5043598626769,1.63004717676932,0.295618143990814,5.51402953405988,3.50709707747309e-08,2.68218832826463e-06,"LMO4"
17.0603513153665,1.18279905288185,0.242284182621301,4.8818665753786,1.05086352514188e-06,3.60011920600656e-05,"PKN2"
10.9966978538626,0.236928435599708,0.215184436028576,1.10104819833831,0.270875680589576,0.431077859176478,"GTF2B"
6.32882191336496,0.147873793399804,0.268162874926174,0.551432756829275,0.581337050706198,0.723864353194613,"CCBL2"
6.32104116141482,0.660259061024489,0.2966108258908,2.2260113367122,0.0260134220702574,0.0781509429820062,"RBMXL1"
5.72937368826525,1.63640900133456,0.455127373027709,3.59549677367997,0.000323773141233366,0.00285867992991411,"GBP3"
5.34656945852955,2.13776451134412,0.455990119991558,4.6881816460929,2.75643303082455e-06,7.48371567868866e-05,"GBP1"
4.80621735175897,1.25623365490425,0.411268828729138,3.05453165217053,0.00225412227224975,0.0127035640252373,"GBP2"
5.17525771206434,0.945999419730568,0.304732779088091,3.10435727512301,0.00190692906631707,0.0111462129301646,"LRRC8B"
3.59465203744601,0.407750145351733,0.328944058418688,1.23957291495668,0.215133403873807,0.366084106247187,"LRRC8D"
18.1590168932422,0.641745783373559,0.174203202265491,3.68389200099501,0.000229699594125752,0.00219976859982863,"ZNF326"
16.2702506072891,1.25162929790251,0.242757296718363,5.15588744322933,2.5243250284083e-07,1.26332579762738e-05,"ZNF644"
3.31796234487751,0.338564793796157,0.347754635267031,0.973573777201223,0.330268211753024,0.495950329042843,"CDC7"
2.39009219995033,-0.135003054728527,0.633049044706872,-0.213258444756107,0.831125384244992,0.90119456203413,"TGFBR3"
2.96467118524141,-0.183379701697876,0.352899180211512,-0.519637652850217,0.603316149420189,0.740173224435524,"GLMN"
5.91129019951637,0.983005802368264,0.254328502452394,3.86510278199065,0.000111042428652346,0.00126010530320217,"RPAP2"
6.29480156228813,1.10643906617632,0.320778708743605,3.44922850556359,0.000562190743913512,0.00436411113574034,"EVI5"
1143.75782461362,-0.113107488161102,0.163450516241597,-0.691998353764248,0.488938362818556,0.64385481025943,"RPL5"
1.11894746959341,0.946692179997833,0.622947960960929,1.51969705228268,0.128587132799531,0.254270987291135,"FAM69A"
13.5099983514053,0.371477811323723,0.195360985482393,1.90149435623727,0.0572372910381472,0.140823964810666,"MTF2"
12.6492886227862,0.507481374515496,0.190207001856237,2.66804780877132,0.00762934009102304,0.0314744752962347,"TMED5"
4.17877421925111,0.229558619188036,0.33368007049825,0.687960233421374,0.491477823937504,0.645659186046828,"CCDC18"
9.61349138607915,0.464988135588553,0.221380994687801,2.10039771591186,0.0356938697807173,0.0994796131889529,"DR1"
17.798165949751,1.45804157782585,0.357922230427258,4.07362676547181,4.62866389392478e-05,0.000649448189767741,"FNBP1L"
3.6024325520802,0.0890285961425073,0.345942274164212,0.257351017182269,0.796907812262727,0.878799638624412,"BCAR3"
1.17145997776969,-0.657592925431275,0.573584263264734,-1.14646263425775,0.251603779455408,0.4097191550286,"RP5-1033H22.2"
13.4588465189919,0.765515582438378,0.246924199185738,3.10020477929161,0.00193386889724902,0.0112610274660184,"DNTTIP2"
10.9751970744396,-0.0331513774552003,0.261481425475183,-0.126782915440189,0.899112218113529,0.941324466279083,"GCLM"
14.9036245315302,0.583468481348467,0.272251180532889,2.14312562467652,0.0321030123702164,0.0918109261120573,"ABCD3"
3.94530281830151,1.01396603084171,0.510547676055893,1.98603593434181,0.0470293340031564,0.121488717239362,"F3"
1.59554336130234,-0.299838131347544,0.457567056283255,-0.655287847388056,0.51228244365085,0.664285055289341,"LINC01057"
18.594805745884,-0.00861858891157595,0.159393392355813,-0.0540711806442813,0.956878453160385,0.974936486888794,"SLC44A3"
56.6885622479064,-0.162798449731491,0.19804496393503,-0.822027717831282,0.41106112182978,0.574829227796989,"CNN3"
3.15944386619086,-0.315476242601641,0.332341084256883,-0.949254418264441,0.342491230365999,0.509165607361362,"RP4-639F20.1"
14.8866774951456,-0.249007455328855,0.178037405197369,-1.39862437925789,0.161925651674778,0.299707070708531,"ALG14"
8.00571590617957,0.724063451056573,0.266018307265181,2.72185571925616,0.00649164777859632,0.0279341050485855,"TMEM56"
2.15528255685674,0.827941571789549,0.422641170321477,1.95897046934586,0.050116245253425,0.12761603011589,"PTBP2"
1.86705903796948,1.89195210918079,0.587818013878882,3.21860178577416,0.00128817242629977,0.00827294651071291,"DPYD"
27.1260450726012,-0.323488406656185,0.169710973494113,-1.9061136707663,0.0566354594077021,0.13969136706056,"SNX7"
6.04327610519199,1.05619410313019,0.335251373082611,3.15045422012314,0.00163016802405092,0.00992355646927858,"AGL"
26.1555727942511,0.530873520491242,0.174832275909509,3.03647320112686,0.00239363385439314,0.0132896088410505,"SLC35A3"
4.32735826724923,0.255556036143449,0.330091125403631,0.774198445447325,0.438813447457611,0.600341904685015,"HIAT1"
7.774380674663,0.658255319914427,0.241361363276967,2.72726053158337,0.00638625933535171,0.0275764518417175,"SASS6"
5.65210972052292,0.810889796811433,0.292916019253683,2.76833543920707,0.00563434315809483,0.0252325635863546,"TRMT13"
7.00925712422097,0.5814680938245,0.242941305917764,2.39345092687255,0.0166907139085497,0.0562922835549223,"DBT"
11.1619178372323,-0.164535334234333,0.175939078857268,-0.935183560713159,0.349693709044226,0.516255339557137,"RTCA"
2.89682013273688,1.01149922255088,0.352525423462717,2.86929439759359,0.00411388694367453,0.0199985730565378,"EXTL2"
8.86965834848602,0.855246969161441,0.355672744018165,2.40458956595719,0.0161906382021583,0.0550157480836792,"SLC30A7"
8.81092727446444,-0.17684370415068,0.196926538020403,-0.89801865166775,0.369175605817661,0.535380557895844,"DPH5"
2.3158766864309,-0.422203657138831,0.354731017745588,-1.1902078927917,0.233964691762969,0.38886693488611,"RP11-421L21.3"
4.41900428626694,1.10937546949176,0.335207797446151,3.30951570322577,0.000934575234200435,0.00646930408616322,"RNPC3"
6.45066475008357,0.0888223200954581,0.316388121255598,0.280738479507269,0.778910992740754,0.866987483841607,"PRMT6"
15.8291257314779,0.356651838186459,0.235317288018391,1.51562106290544,0.129615197960495,0.255652206656552,"VAV3"
21.9682502484905,0.994522828494571,0.24688740428657,4.0282445002346,5.61948864306211e-05,0.000761893216774714,"SLC25A24"
4.75361241762845,1.15976026932209,0.412232903123395,2.81336171987934,0.0049026467296307,0.0227464065883947,"FAM102B"
3.4515016157118,0.240767078567216,0.333801051814378,0.721289154897878,0.47073162811323,0.628877534913234,"HENMT1"
35.2407415804085,0.633375174525399,0.195480909963446,3.24008709926629,0.00119493193237737,0.00780994597677684,"PRPF38B"
7.90522069377764,1.06516137855331,0.273590040930546,3.89327540918684,9.88997638803668e-05,0.00116622348139736,"STXBP3"
7.38512613133453,0.496341892099509,0.2422008361066,2.04929883842785,0.0404329021806527,0.10821255206817,"GPSM2"
6.52893590856695,0.479964330769497,0.229244170147017,2.09368173010328,0.0362883414960465,0.100456637432339,"CLCC1"
6.1514021295402,1.12070280101046,0.355117036622571,3.1558688697934,0.00160020784400213,0.00975758404596471,"TAF13"
5.46700326475325,0.507522708562012,0.288162747579105,1.7612363597508,0.0781984063757869,0.176545707552735,"TMEM167B"
24.7122558240614,0.022183648089595,0.234724403220157,0.0945093385487835,0.924704564561742,0.955953505106189,"KIAA1324"
39.9487153551028,-0.0679650872804487,0.134703697845021,-0.504552498318521,0.613873180442266,0.747603734077691,"SARS"
1.70244117873938,-0.0959671303727015,0.45841155737079,-0.209347100503135,0.834177285385347,0.903296970713418,"PSRC1"
14.6088404499621,1.03288348443039,0.2065561601649,5.00049712197307,5.71826817487752e-07,2.29152739406531e-05,"SORT1"
65.6925137660052,-0.199196375431889,0.130833870378529,-1.52251381737446,0.12788038591766,0.253334730219953,"PSMA5"
1.95340288608521,-0.0699057138753544,0.443642124604539,-0.157572308846163,0.874793825274227,0.927730183108648,"CYB561D1"
19.8841705128215,0.237379658653529,0.229593116159594,1.03391452942571,0.301176121956201,0.464400494738655,"GNAI3"
4.14688383147919,0.168538102987148,0.305361751031239,0.551929317990801,0.580996780740965,0.723663842051482,"AMPD2"
31.3388611537402,-0.598718131139366,0.185563315703765,-3.22648972329836,0.00125318732187867,0.00810578577462914,"GSTM4"
23.321954467514,-1.35755499165981,0.275649727084021,-4.92492775531034,8.43915274261633e-07,3.06519059480981e-05,"GSTM3"
29.3219341789257,0.130386551851015,0.159319078895672,0.818398855647397,0.413129474959456,0.577052874348514,"EPS8L3"
32.0746115973879,0.647409063179164,0.204211437377926,3.17028796962547,0.00152287930426727,0.00941826266762103,"AHCYL1"
3.08043980400265,-0.392391044879397,0.33850978916799,-1.15917192777154,0.246386111666271,0.40315702466411,"STRIP1"
5.00077374906541,1.1741680533485,0.36456808059247,3.22070997395145,0.00127873481825171,0.00823967408884584,"RBM15"
99.6480712359696,-0.514887131229726,0.104739752512442,-4.9158711843296,8.83885052504862e-07,3.18350302791403e-05,"LAMTOR5"
6.53154641957061,0.871833791611243,0.323821653488356,2.69232703316609,0.00709553300715722,0.0297864276991602,"LRIF1"
15.8116124909422,-0.342346280642933,0.212946934231631,-1.60766005802436,0.107909650905056,0.2231763109558,"DRAM2"
5.16575790257295,0.806491461919839,0.323157757013472,2.49565868191806,0.0125723509129164,0.0456946890610014,"CEPT1"
10.5180190608051,-0.0148830972901822,0.205649157487626,-0.0723713020369547,0.942306422548218,0.96640012996053,"DENND2D"
13.4379390496972,-0.131884197539185,0.166430180678506,-0.79242957618334,0.428110239678884,0.590459385688681,"WDR77"
207.731326544299,-0.636977210174625,0.107683193870452,-5.9152889813144,3.31293400154511e-09,4.55423585528859e-07,"ATP5F1"
24.8400073737354,-0.032128557140849,0.156554170248289,-0.205223259718309,0.83739769755609,0.905782808141209,"RAP1A"
2.81756587198301,0.178725946924627,0.333286265071081,0.536253562343801,0.591783319921013,0.732311628799248,"DDX20"
7.62994992537242,1.41681536129397,0.265171777342825,5.34300963507987,9.14159022835993e-08,5.9093851119041e-06,"CTTNBP2NL"
6.3525903632747,-0.0893324017754326,0.21737597582111,-0.410958025319913,0.681103313416145,0.798788551155436,"ST7L"
32.3541838891917,1.17118363029629,0.413950623473086,2.82928340696759,0.00466523661620162,0.021885300065637,"CAPZA1"
7.46056942140238,0.190280290313671,0.236920889164811,0.803138511696642,0.421894680412242,0.584994343457014,"MOV10"
51.2802870946341,-0.166342458455581,0.221167521295805,-0.752110696367134,0.451984491981951,0.612499152730672,"RHOC"
9.602440835779,0.0827357001072021,0.337771482469103,0.244945782581779,0.806498411850134,0.88533030958177,"SLC16A1"
3.74207482879246,0.217735340082809,0.363462020619767,0.599059400240861,0.549133274291257,0.696664341492708,"LRIG2"
9.03891994854377,1.15213668828742,0.271356237408274,4.24584560609878,2.17770553061762e-05,0.00036737849868137,"MAGI3"
2.6233071215151,0.30637917877143,0.338167940702037,0.905997115324965,0.364937379286336,0.531273014542246,"PHTF1"
14.1825175723335,0.484093589632666,0.197791969415345,2.44748859654719,0.0143855677325511,0.0505987026610318,"RSBN1"
23.2685068777594,0.286609547182658,0.17624256270678,1.62622208154961,0.103902420379298,0.217665950100149,"BCL2L15"
5.66475394084883,0.0226217155879999,0.276412077955549,0.0818405467493277,0.934773512559276,0.963044256054731,"AP4B1"
3.28522359953863,0.0283834413662727,0.285463763154475,0.0994292272077748,0.920797477781375,0.953528931011337,"DCLRE1B"
10.2226586839341,0.701915444553118,0.299889110546393,2.34058330185527,0.0192536427245653,0.0626594426097629,"HIPK1"
9.64966185573525,0.311672386119475,0.308331835935865,1.01083426942752,0.312095758123398,0.477395214775663,"TRIM33"
22.2680702393887,-0.177012228350359,0.16444258315327,-1.07643789677868,0.281731461389206,0.443099735074118,"BCAS2"
8.58526674321813,0.499223000300381,0.367210577329243,1.35950060025851,0.173988012405905,0.315549401257202,"NRAS"
57.3849024028425,0.284515330639089,0.148063248642871,1.92157968467476,0.0546586668745034,0.1359437911952,"CSDE1"
9.25648836415571,0.269656416896399,0.195695796669864,1.37793668277559,0.168222837993738,0.307662516101718,"SIKE1"
3.94068702812382,0.86977153325741,0.40274816207404,2.15959156406408,0.0308043020603886,0.0889246997277565,"VANGL1"
138.707594081539,-0.0106114323381889,0.111838750925285,-0.0948815348025302,0.924408923435395,0.955829849424773,"ATP1A1"
7.43436663009068,-0.279887170033009,0.226763489847494,-1.23426910664165,0.217102643688844,0.368453619387537,"CD58"
2.57265852375351,0.645609828682828,0.385661693993347,1.67403151191356,0.0941244064124063,0.202836207052184,"IGSF3"
8.30809470928011,0.548202635964281,0.25359446487199,2.16172950084302,0.0306390323250573,0.0885181939478909,"PTGFRN"
9.7622635802498,1.20779884651372,0.269684742217128,4.47855832178039,7.5148840009322e-06,0.000161927857639134,"TTF2"
10.3328279342476,1.31428419028473,0.245281525995599,5.35826815717183,8.40234679301922e-08,5.53027188922356e-06,"MAN1A2"
10.6287633192477,1.0265652792771,0.313611310592121,3.27336816181428,0.00106273954843267,0.00711989604933916,"FAM46C"
3.07590500004387,0.787007293887399,0.363948351338084,2.16241477944304,0.0305862193858948,0.0884572603330997,"GDAP2"
4.5718102059286,0.684322767572002,0.281715767729588,2.42912483417991,0.015135320027739,0.0523303328561751,"WDR3"
8.81722403107676,-0.10158666601035,0.262288567104737,-0.387308784106416,0.698527623273178,0.812032754094061,"WARS2"
2.92979396727188,-0.468445407281011,0.638108924505299,-0.734115116230632,0.4628785814252,0.622059323632925,"PHGDH"
150.162144412211,-1.20545306423186,0.266848918134964,-4.51736163165624,6.26149177309009e-06,0.000141116174827768,"HMGCS2"
4.84216356411449,1.23335169578965,0.554771397276475,2.22317102475815,0.0262042698569659,0.0785910993224661,"REG4"
6.35108583468794,0.255749226356931,0.342775299348029,0.746113348433727,0.455598946459753,0.615628288982571,"NOTCH2"
2.37678300141957,-1.38330983681209,0.479469739587034,-2.88508267070938,0.00391310889881756,0.0191684089495529,"AL592284.1"
2.4510731224294,0.782265071110818,0.52573163328223,1.48795511167362,0.136762732024371,0.26560144309454,"RP11-640M9.1"
10.2934888259086,0.341919505883521,0.207501714073413,1.64779123589577,0.0993955180964205,0.210763051315452,"PDE4DIP"
8.4846699546576,-0.653001112289738,0.292694147726873,-2.23100160136815,0.0256810229401072,0.0774280702747263,"NOTCH2NL"
10.5258157913258,0.0876223348586169,0.262143071547225,0.334253865041906,0.738188000591471,0.839623134313299,"NBPF10"
61.942559937375,0.599738121789263,0.210401106666957,2.85045136544165,0.00436572264013394,0.0208586660236932,"TXNIP"
15.1848828188572,-0.323557730657419,0.18893883792527,-1.71249984497838,0.0868045931554227,0.190945489501294,"POLR3GL"
72.8243286117426,-0.196714027999546,0.121245892901182,-1.62243869291203,0.104709450000649,0.218850005197661,"RBM8A"
7.26279880609065,0.046206120347591,0.242245891098466,0.190740574125196,0.848728848681165,0.912593593730441,"PEX11B"
3.69940358027547,-0.438095465342225,0.318335168338511,-1.37620818845992,0.16875718768823,0.308351694490057,"POLR3C"
10.4344497558484,0.542752920585477,0.198994319531426,2.72747946706972,0.00638202294231978,0.0275691205861547,"RNF115"
3.16634217423024,-0.858412607739836,0.377145043085646,-2.27608084337171,0.0228411714167809,0.0708931470666592,"GPR89A"
3.12130262235856,0.648215899719796,0.338729776675665,1.91366671711435,0.0556627543445324,0.13785576104484,"PRKAB2"
5.97057445388866,0.302988323047963,0.296310478877299,1.02253664533217,0.30652697773219,0.470138246321662,"FMO5"
9.18166343057535,0.104389346933434,0.277840423163384,0.375716916008466,0.70712736062523,0.818059588044403,"CHD1L"
3.22875188868559,0.0490637544029186,0.491491611240698,0.0998262295445173,0.92048228389386,0.953528931011337,"BCL9"
5.49373913101438,-0.53691319778327,0.287087844208501,-1.87020526509416,0.0614553188586279,0.148347139216123,"ACP6"
25.7323741225695,-1.15373405413048,0.235364666264639,-4.90189998541771,9.49141587556945e-07,3.34664858469754e-05,"RP11-14N7.2"
2.36770973637156,2.76541957850431,0.695535599668674,3.97595691697398,7.00968159916472e-05,0.000903026597472466,"HIST2H2BF"
1.72999300154086,0.296718837386089,0.425590799946326,0.697192790406912,0.485682150229199,0.641170327771586,"RP11-196G18.23"
0.754410349830333,3.69476327144141,1.05633072596229,3.49773340927443,0.000469229916969003,0.00382283338205804,"HIST2H4A"
2.27407080776268,1.26912119219176,0.478889706167428,2.65013253750761,0.0080460200018251,0.0326409328426674,"HIST2H2AA3"
0.821101123828101,0.922095815765055,0.678539429348699,1.35894212757855,0.174164928044493,0.315764794417896,"HIST2H2BE"
10.6045336450626,2.62244619427917,0.448733586204672,5.8441049988245,5.09298980903769e-09,6.0119423180597e-07,"HIST2H2AC"
0.475454947850822,3.2707448560682,1.01749685054564,3.21450120883838,0.0013067136467671,0.00835742650405815,"HIST2H2AB"
11.461682222089,-0.583465620196223,0.23235761666456,-2.51106733048711,0.0120366736783487,0.0442073320986233,"BOLA1"
17.7951336320872,0.193296816262497,0.16480441103103,1.1728861809779,0.240841451902756,0.396861284071922,"SF3B4"
14.996379053712,-0.26747242402777,0.217956577747089,-1.22718216074276,0.219754132817904,0.37150216102155,"MTMR11"
5.58899130105941,1.00763566668025,0.328647949572136,3.06600320492514,0.00216940989478966,0.0123285146297309,"OTUD7B"
4.15718692809266,0.178927731354378,0.298958726800726,0.59850312205017,0.549504276364863,0.696907210244355,"VPS45"
16.6697365267577,1.06174612079,0.214486308408965,4.95018133635621,7.41443654054449e-07,2.76703714193516e-05,"ANP32E"
38.0218757918508,-0.0592983048133768,0.118528074200674,-0.500289110518931,0.616871520589135,0.749240954812296,"APH1A"
80.4560853271292,0.189797868317294,0.1503179071065,1.26264310068409,0.206717470986779,0.356171939539333,"MRPS21"
5.67585176591157,0.182683174416561,0.317626431859811,0.575151045669874,0.565189147746472,0.709098214478592,"PRPF3"
11.2147515427182,0.492926405495665,0.313630661509009,1.57167798302624,0.116025250761678,0.235530866589383,"RPRD2"
7.08820612275729,0.349790958644039,0.340342159497457,1.02776264674507,0.304061491002212,0.467521986731421,"TARS2"
52.7610772922373,0.715405503283669,0.398099831903365,1.79705050329518,0.0723276024949722,0.167087377812252,"MCL1"
62.2634664989781,0.0108636922384635,0.128390905950968,0.084614187881907,0.932568119222519,0.961337425226062,"ENSA"
14.0338127501736,0.605930699982021,0.218992640061652,2.76689983650335,0.00565921398651239,0.0252709966667453,"GOLPH3L"
65.5115345113851,0.493480285468081,0.143590703336187,3.43671473154291,0.000588815405702705,0.00450954534974004,"CTSS"
3.29811563358395,0.196709866798024,0.411820744286715,0.477658956055579,0.632892961682722,0.761737735895138,"ARNT"
3.72270135582043,-0.224384566222873,0.29989673128657,-0.748206108350209,0.454335847155571,0.614533229556545,"SETDB1"
8.64878013071291,-0.121261575446778,0.261263325786125,-0.464135465940003,0.642550693384634,0.769021438192322,"CERS2"
2.03614018212362,0.584878514070848,0.403295098976262,1.45024949610229,0.146988957037772,0.280150943037944,"FAM63A"
3.64032111697776,0.0968852432533885,0.344350312829625,0.281356629117757,0.778436879932666,0.866792219426715,"PRUNE"
5.59438156341721,1.93890393956801,0.591372534245207,3.27865064285191,0.00104304676351855,0.00704479069293981,"C1orf56"
8.04448654023454,1.18591054954327,0.347874528814183,3.4090180548307,0.000651971646019152,0.00488304281087448,"CDC42SE1"
7.38270370344207,0.272962798563695,0.214473045441697,1.27271377156761,0.203119628954655,0.352039446289108,"GABPB2"
10.6692335296405,-0.493736182413513,0.245592086967835,-2.01039124879531,0.044389795969757,0.116407160267235,"SCNM1"
1.3261704906062,0.380727363007814,0.633014871004748,0.601450898623452,0.547539706365833,0.695227547191974,"LYSMD1"
13.1024239170255,-0.677749762668443,0.201323137281031,-3.36647725552954,0.000761348603732716,0.00551952325536535,"VPS72"
3.99834291875411,0.737178799567535,0.318403976645173,2.31523113289832,0.0206002863158315,0.0657417306464677,"PIP5K1A"
48.6425958205675,-0.434741759157234,0.149233787679547,-2.91315905008566,0.00357792314442312,0.0179061038472051,"PSMD4"
1.18067942090472,-0.366135428662561,0.50302981680777,-0.72786029064054,0.466699113262085,0.625259359736769,"RP11-126K1.2"
2.8764389089392,0.052311474496785,0.367957423779052,0.142167194126776,0.886947943840179,0.934082105324316,"ZNF687"
6.35261193240345,-0.132920922020999,0.241847687371917,-0.549605925388038,0.582589693796564,0.724848021709688,"PI4KB"
2.96841384832347,-0.0672559611235706,0.39986208435497,-0.168197895612092,0.866427596419916,0.922883933869,"RFX5"
167.28680003024,-0.486451004656266,0.18601886083753,-2.61506280850271,0.00892110487892417,0.0352558948271894,"SELENBP1"
45.1273918914242,0.287413008377871,0.129406110383997,2.22101574280385,0.0263498951355907,0.0789842288635151,"PSMB4"
12.6891741337986,0.313683157806397,0.237996353474171,1.3180166554125,0.187498072473441,0.332717167820518,"POGZ"
6.05992602597811,0.589917459434858,0.280316967412784,2.10446575845752,0.0353378384919789,0.0987068831504149,"CGN"
7.01660193573501,0.193942121500415,0.438354519653578,0.442432124695973,0.658176536867697,0.78174997660305,"TUFT1"
5.8476227356101,0.397162491157629,0.266433425363497,1.49066315765666,0.136049953473329,0.265022869008135,"SNX27"
19.931933137957,-0.665471463124875,0.193886419743033,-3.43227475140784,0.000598540850554806,0.00456471463274241,"MRPL9"
5.93145443437149,-0.566621193824667,0.357823728235594,-1.5835204574572,0.113302887650357,0.231378217352929,"RORC"
5.65207734582148,-0.0211581198239186,0.332796979173914,-0.0635766582870985,0.949307318121442,0.970486442134883,"THEM4"
731.461014229446,0.23026309542756,0.153836160199097,1.49680735094759,0.134443393011612,0.262599864767286,"S100A10"
165.588795721515,0.504668676495035,0.145893117070478,3.45916713981263,0.0005418485503657,0.00424259211028948,"S100A11"
1510.82061261492,0.235706276841879,0.119638973135107,1.97014627144701,0.0488216091593112,0.125018315366687,"S100A6"
4.92747499635715,0.661893972330823,0.400275574586244,1.65359570844413,0.0982096852537553,0.209169872887975,"S100A4"
100.573793009502,-0.183266710353992,0.146610707365174,-1.25002268693456,0.211291259955525,0.36143708028278,"S100A16"
170.807158335111,-0.476421005597664,0.127627093952562,-3.73291431186817,0.000189276999847471,0.00190328538735512,"S100A14"
31.7944710354819,0.0435915285989117,0.18783959980958,0.232067831506786,0.816485329603696,0.891834717546583,"S100A13"
23.0778563329189,-0.176288228786133,0.140779344886753,-1.25223077950778,0.210485783442687,0.360775821999303,"CHTOP"
12.862276418964,-0.399499883229944,0.177634469853373,-2.24899977780049,0.024512510207809,0.0746301824661638,"SNAPIN"
61.2499355151345,-0.524365018428272,0.163426264364261,-3.20857250496477,0.00133395670360258,0.0084916587345393,"ILF2"
4.78790334366165,0.407723410971589,0.298836661549627,1.36436877877476,0.172451529022314,0.313495749109864,"INTS3"
3.92776195114981,0.249759286393282,0.271965330069127,0.918349726157372,0.358435801726123,0.524823083018161,"SLC27A3"
5.59773992433107,0.243985670899378,0.288910348223513,0.844503052243113,0.398388358481293,0.563933468861684,"GATAD2B"
3.91087147504421,0.013071399174822,0.333399815209087,0.0392063779838163,0.968725848652114,0.981743441243184,"DENND4B"
3.27183855505274,0.0973860348542196,0.399386345287468,0.243839169774629,0.807355382664119,0.886002370223559,"CRTC2"
14.5426119351416,-0.0590687466176833,0.174849784358063,-0.337825676105613,0.735494559533009,0.837654696505762,"SLC39A1"
7.37464486550483,-0.339467736913405,0.224256797376428,-1.51374558490456,0.130090378536071,0.256356652313868,"CREB3L4"
126.85480211826,-0.326472768345622,0.116454408544686,-2.80343846510842,0.00505608795747018,0.0232942778660465,"JTB"
62.0862629312899,-0.150416151763459,0.143406244954602,-1.04888146127162,0.294232678910156,0.456937922631816,"RAB13"
2506.94188228135,-0.0798399302709554,0.202192035723465,-0.39487178604874,0.692937512983746,0.807695759472307,"RPS27"
113.475113443869,0.904532447593573,0.154720810927746,5.84622354400652,5.02858182346812e-09,6.0011427036114e-07,"TPM3"
43.2337997052354,-0.118407343805098,0.128968059231931,-0.918113713661143,0.358559336001999,0.524856590497172,"C1orf43"
11.6600329226658,0.371960185737934,0.24549195411124,1.5151624300053,0.129731274836334,0.255788243413687,"UBAP2L"
27.8483006421046,-0.10703331311277,0.196401041737537,-0.544973245385355,0.585771918710893,0.727796485993623,"HAX1"
4.41207150547578,-0.223513171768923,0.321646247665121,-0.694903712981076,0.487115645655907,0.642467319871648,"IL6R"
8.46603141818839,0.180665914367027,0.229327688684001,0.787806807820636,0.430809718357819,0.592752254068911,"UBE2Q1"
21.0378864727576,0.643624463811572,0.222032819178835,2.89878075769136,0.00374616744754177,0.0185366493202888,"ADAR"
30.2423388093022,-0.636263805912972,0.176566082636341,-3.60354489612499,0.000313906495983586,0.002794282415067,"PMVK"
2.64799843385753,-0.0859209087581006,0.416713008022327,-0.206187249027506,0.836644647659799,0.905246674662291,"PBXIP1"
4.19796640010677,-0.379372149373746,0.311749274793549,-1.21691429635235,0.223636825620679,0.376250337140291,"PYGO2"
7.05355903926855,0.102253720882347,0.284125023522106,0.359889880922055,0.718929484578351,0.826898348074655,"SHC1"
79.7740253464609,-0.666391867340092,0.11733215593486,-5.67953313420797,1.35062885339395e-08,1.24303638541172e-06,"CKS1B"
12.6174708954196,-0.166978659394251,0.212970951532105,-0.78404429427118,0.433014120130541,0.594956141778552,"FLAD1"
9.45118491417336,0.202749423818511,0.23900855900933,0.848293570150333,0.396274497577365,0.561746644522933,"ZBTB7B"
1.45115760976106,-0.34310757086342,0.512280565370431,-0.669764957051061,0.503007635821612,0.656885873619854,"RP11-307C12.11"
29.0150620411806,0.476479741759544,0.17239798819874,2.76383585874714,0.00571262680972993,0.0254154556139562,"ADAM15"
10.0179915650051,-0.409864216935576,0.249793921404617,-1.64080941053677,0.100836984205013,0.213176883096446,"EFNA4"
2.03067138445872,0.246767156402304,0.476747161348909,0.517605927016117,0.604733245604971,0.741158226754316,"EFNA3"
14.0918492355123,-0.414208832357838,0.30975403029338,-1.33721854067734,0.181151311599972,0.324798290238681,"EFNA1"
18.1259348457224,0.348157483693152,0.186698572439108,1.86481063644289,0.0622079518652346,0.149530402225863,"SLC50A1"
57.4945205926787,0.199415713662097,0.161966001692227,1.2312195866947,0.21824074768936,0.369749535086809,"DPM3"
41.0223996380674,-0.482983086548146,0.25759526533032,-1.87496880398328,0.060797015371663,0.147190948032507,"KRTCAP2"
88.239319375544,1.28699822791644,0.281373510085562,4.57398504757991,4.78534005416607e-06,0.000115486206640541,"MUC1"
1.24183625521879,-0.378155607346177,0.488057178090943,-0.774818247372878,0.438447065274878,0.600107906104717,"THBS3"
33.9624991026671,-0.545552156804114,0.15696299936999,-3.47567362368088,0.000509572022471713,0.0040482459137109,"MTX1"
5.95553927380089,-0.198541609184886,0.266094911764848,-0.746130799225278,0.455588405753145,0.615628288982571,"GBA"
4.21737957320944,0.409645213064067,0.293304559019205,1.39665477561583,0.162517409937693,0.300372392155144,"FAM189B"
13.2559533368735,-0.450096366669607,0.206542744239451,-2.17919234261649,0.0293173825474608,0.0856108562692726,"SCAMP3"
3.49848260963076,-0.2434162565096,0.291681051532375,-0.834528863739309,0.403983029317421,0.569034461528819,"CLK2"
2.61930419433528,-0.112488085328412,0.36774965636206,-0.305882230975261,0.759694315570067,0.854951323014604,"HCN3"
78.6741602782529,0.00201562136014866,0.16859811560165,0.0119551832056712,0.99046137111949,0.994025177020953,"FDPS"
20.4704989793275,0.0745963684433935,0.165868154862207,0.449732912899186,0.652903036349622,0.777555321280502,"RUSC1"
16.5013324132765,1.0745522933525,0.231483973836028,4.64201592682895,3.45026258256685e-06,8.98557593445466e-05,"ASH1L"
3.19527200249263,0.508465055969814,0.319620964786232,1.59083762327632,0.11164612340045,0.228769226439413,"MSTO1"
11.4902015352974,-0.137405434996734,0.202796824318608,-0.677552202596923,0.498055660582904,0.651908457747419,"YY1AP1"
27.4667066450846,-0.259057686384278,0.124011712376565,-2.08897757655052,0.0367097417190784,0.101339042976409,"DAP3"
6.71768478807803,0.544549335203308,0.24257189865223,2.24489868046924,0.0247746376809643,0.0751963569634635,"GON4L"
2.50564290931881,0.69883863261595,0.36979381473127,1.8898061697538,0.0587838881095169,0.143233795124378,"RIT1"
10.272796367649,0.34032913456662,0.284891160206409,1.19459352238253,0.232245881308211,0.386779676584447,"KIAA0907"
4.80144303548921,-0.0975847527640424,0.265684794252416,-0.367295211751303,0.713398825350609,0.822715434141193,"ARHGEF2"
99.8457732033634,-0.248010196623133,0.119096454465145,-2.08243140181572,0.0373030826557097,0.102300878192173,"SSR2"
7.95351935124789,0.0301177094144958,0.252989492167374,0.119047274084294,0.905237902753249,0.944299624190487,"UBQLN4"
69.1830066548721,-0.42402724203435,0.125884812217174,-3.36837490215124,0.000756127019870305,0.00549266851892409,"LAMTOR2"
73.1861336575941,0.126868587045042,0.128397629592221,0.988091349100171,0.323107912134575,0.488994858952597,"RAB25"
142.282862760758,0.0642080205303056,0.182528141671939,0.351770526682443,0.725010363866109,0.831049151596603,"LMNA"
4.65640845844567,0.598417780994233,0.503467334655631,1.18859306215675,0.234599839294267,0.389685025123314,"SEMA4A"
3.59230910793544,0.774963574158718,0.425695598703149,1.82046414508299,0.0686883516882783,0.160455043952399,"SLC25A44"
37.3730442360131,-0.773213044259635,0.167990701692507,-4.60271334347383,4.17022025081221e-06,0.000103398611698221,"PMF1"
5.96349742214624,-0.110742031786551,0.312957719456238,-0.353856207729801,0.723446647465795,0.829984216298176,"SMG5"
1.54142341601119,0.160185789412806,0.433094255499299,0.36986357445017,0.711484143182767,0.821327087733963,"TMEM79"
5.64422892732754,-0.418934367806538,0.259402224658271,-1.61499913255729,0.106310882722324,0.221048475275596,"C1orf85"
66.912097024141,0.0324873475439577,0.114855936704749,0.282853011137511,0.777289515855731,0.866579159043062,"CCT3"
3.768534973615,0.278467947173362,0.379159660910236,0.734434529519446,0.462683948620978,0.62187471312176,"MEF2D"
5.95409496754618,1.04918776767882,0.639936034459433,1.63951975069678,0.101105060765019,0.213535775944789,"IQGAP3"
48.9540028660672,-0.725062121076818,0.147020652226315,-4.93170252000174,8.15159938911332e-07,2.97068353576411e-05,"APOA1BP"
19.9246733301061,0.346538542744431,0.167803663316349,2.06514289316273,0.0389094819737059,0.105244576397122,"GPATCH4"
1.45558844746974,-0.618192059229318,0.493264649480013,-1.25326649675991,0.21010873692816,0.360243271714528,"RP11-284F21.10"
11.8221971229374,0.666941076857556,0.180619030201354,3.69252938693144,0.000222034674517821,0.00214528164169353,"ISG20L2"
7.51583732434805,-0.599989248803438,0.234604022133209,-2.55745508260196,0.0105441174363525,0.0400942280668027,"RRNAD1"
50.6253534869046,-0.947980014726598,0.203451651915752,-4.65948546399195,3.17000779985089e-06,8.3966548064343e-05,"MRPL24"
46.8027525409735,0.655317528182454,0.169158551650131,3.87398403326271,0.000107070430766577,0.00123437885151277,"HDGF"
12.7941414018141,-0.239150291609233,0.198094017431698,-1.20725650733844,0.227333374693567,0.380641450689505,"PRCC"
1.49103403051183,-1.01872411749429,0.482930700126095,-2.1094623249843,0.0349046947028592,0.0978737372768011,"SH2D2A"
2.64405247446425,1.65243667334094,0.431798944307208,3.82686594102762,0.000129785150544367,0.00143093069534196,"ARHGEF11"
2.65366294468131,1.0700014634632,0.438959802887227,2.43758416243432,0.0147857718812425,0.0515319263896963,"ETV3"
4.37589873989931,1.61219164551841,0.40336404053496,3.99686507349601,6.41868611896229e-05,0.000842889132429631,"IFI16"
62.0384463826539,-0.850208256895588,0.175409223499056,-4.84699857815724,1.25343325664795e-06,4.02556085060585e-05,"DUSP23"
181.70892361272,-0.157774227973096,0.109709447456549,-1.43810976748911,0.150402911685077,0.284758650784509,"TAGLN2"
1.35227219233741,0.367570387973395,0.444688540085811,0.826579402973743,0.408475495645662,0.572984226648397,"IGSF9"
9.64177130621219,0.292127376749,0.331531719893702,0.881144575978021,0.378239573057926,0.544116451771498,"LINC01133"
4.35022604858524,0.220842550625669,0.274229399294498,0.805320476921235,0.420634768273453,0.584080499098542,"PIGM"
10.2087140066254,-0.115235655881067,0.208593825700945,-0.552440396995629,0.580646659755365,0.723474172356877,"IGSF8"
6.63287792564662,-0.0761879731660619,0.245237944389664,-0.310669596239173,0.756051812964163,0.852265174256883,"PEA15"
8.5707742567861,-0.31999971419274,0.266735654983548,-1.19968856136791,0.230260317124809,0.384127949626353,"DCAF8"
5.15023303535125,-0.0549981610627903,0.269582379450028,-0.204012447605038,0.838343771695319,0.90618227934818,"PEX19"
22.6507746315031,0.752559179809594,0.209137010023442,3.59840269173418,0.000320177602620118,0.00283615723038702,"COPA"
10.6936065691263,-0.368767911044118,0.193384044509492,-1.90692004596076,0.0565309419006324,0.139592093915613,"NCSTN"
85.0241799214881,0.0454164210581613,0.414322593470696,0.109616086049561,0.912713852715403,0.948312146065848,"ITLN1"
14.7868541770671,0.413544277188685,0.208124258897386,1.98700660547495,0.0469216648523051,0.121268272321759,"F11R"
129.322336115637,-0.481129661070586,0.142648510366205,-3.3728334059391,0.000743989523161712,0.00542263504801086,"TSTD1"
1.66125678525446,1.75462416623751,0.661913828123171,2.65083473359768,0.00802931196725713,0.0325975057810888,"USF1"
4.71072877036607,-0.353198475893216,0.27841828884673,-1.26858934934282,0.204587564954135,0.353849491225021,"KLHDC9"
49.2398663997234,-0.175563574449248,0.140469905622576,-1.24983051473648,0.211361466548918,0.36143708028278,"PFDN2"
12.9303895549931,-0.439977689563445,0.192971442303356,-2.28001451568045,0.0226068275783968,0.0704622699350825,"NIT1"
4.02099576187732,0.385505449655799,0.313210870380006,1.23081759323385,0.218391093957556,0.369946541940267,"DEDD"
77.6889364818124,-0.288340160405198,0.123453967674242,-2.33560869559123,0.0195116449748562,0.0632149356882273,"UFC1"
3.45846790726067,-0.322983742083034,0.368722057197525,-0.87595449140709,0.381054774281709,0.546737329726432,"PPOX"
8.4967032340807,-0.453343432063616,0.2604468572954,-1.74063698357255,0.0817472306170214,0.182257221207319,"B4GALT3"
76.6893376248816,-0.117737035104563,0.164649282836795,-0.715077728102021,0.474561015229271,0.631778365842257,"NDUFS2"
2.35699318944554,-0.172911695916886,0.354653181717012,-0.48755151463679,0.62586754569429,0.756137673405272,"TOMM40L"
70.1512153028495,-0.697477435644199,0.13794558197369,-5.0561781368049,4.27741815814134e-07,1.86014454140524e-05,"SDHC"
1.25054644024777,0.198570452068247,0.636926900989489,0.311763330705235,0.755220393869126,0.851770015309867,"RP11-122G18.5"
4.38275694759467,3.45038415410778,1.31966438065971,2.61459216803511,0.00893340540176197,0.0352788300593218,"HSPA6"
5.24648449060096,-0.529396938173796,0.28639316476298,-1.84849711274334,0.0645304616773107,0.153482438417782,"DUSP12"
7.43404134975566,0.568684681838077,0.255912765874079,2.22218176532036,0.026271024259459,0.0787695536879418,"ATF6"
2.49718718914518,0.8334056141248,0.459144690107399,1.81512632527637,0.069504498452751,0.161770007114633,"NOS1AP"
3.06962746290316,0.237727581004826,0.404008808712025,0.588421776650608,0.55624922443497,0.701284719916854,"C1orf226"
11.7696474661248,1.28659439322628,0.366812027891296,3.50750328614514,0.000452332767125756,0.00373845802966949,"UHMK1"
18.0823008073566,0.461947987374151,0.177051919336624,2.60911030563787,0.0090777975241545,0.0356932951166973,"UAP1"
8.52336660511171,-0.316579380143464,0.327833526161482,-0.965671155876612,0.334208757174312,0.500138776755275,"HSD17B7"
7.27393376573258,0.398839897247509,0.284556506097389,1.40161932235352,0.161028953862418,0.298793790557012,"NUF2"
17.4728179699743,0.73653630377101,0.334431452659149,2.20235357025969,0.027640342851145,0.0819476176258352,"PBX1"
214.028269686868,-0.26789873532353,0.178083955594485,-1.50433953709768,0.132493963832825,0.259820232434901,"MGST3"
27.338767949275,0.188256603259586,0.140762784174945,1.33740323738989,0.18109104828582,0.324743854752973,"ALDH9A1"
47.5698072660823,0.29717914580305,0.141722647823257,2.09690653094249,0.0360018502898703,0.0999620877615917,"TMCO1"
11.0830404147728,-0.14992380889893,0.206121720398023,-0.727355703268075,0.467008082882051,0.625441827611182,"UCK2"
6.85331777557259,0.848546388425339,0.260414799936559,3.25844148885569,0.00112025975127174,0.00743190036579789,"POGK"
2.82502399597524,0.652447032005724,0.425589383573296,1.53304348554869,0.125265140822303,0.249331497058678,"TADA1"
28.2224050743009,0.184793886212502,0.26254294223899,0.70386156503223,0.481518989114602,0.637898620728068,"GPA33"
6.67333913123334,0.947265632940588,0.283377096308609,3.34277415246354,0.00082945377215836,0.00588364987958183,"POU2F1"
16.0646869120616,0.0822372298415975,0.226047901474897,0.363804438373564,0.716004048100231,0.824843954849741,"CREG1"
26.3075734857296,0.213542388155832,0.177538519027291,1.20279469112281,0.229055779713102,0.382779925566427,"MPZL1"
225.105487717039,-0.440552709295463,0.0944056344382538,-4.66659338626243,3.06234495818375e-06,8.14017085326381e-05,"MPC2"
14.726083594616,0.34197640307805,0.250160817864096,1.36702624334973,0.171617079847758,0.312344810984859,"DCAF6"
14.8040898305689,0.704186081905909,0.234324322866567,3.00517706950507,0.00265426280149308,0.0142628867017392,"TIPRL"
12.2974689002304,0.785740758020438,0.315931286501177,2.48706219229577,0.0128802879945418,0.0465181003061936,"SFT2D2"
152.020738114936,0.405069112524433,0.355444547709862,1.13961267695426,0.254447701567366,0.412926186345127,"ATP1B1"
3.84938301844443,0.476456292479774,0.330155093058282,1.44312870677317,0.148984218016868,0.282911104679697,"NME7"
4.0084313121064,0.626741172671812,0.33551645403421,1.8679893791674,0.0617635513459353,0.148664316769714,"BLZF1"
3.9051934533604,0.218817986966235,0.308507441504336,0.709279445251761,0.478151081279696,0.635272907107596,"C1orf112"
4.13973862390297,-0.518192439581603,0.318192731816828,-1.62854895089152,0.103408538576473,0.216840457412724,"METTL18"
3.70762475222333,0.0634161552596868,0.355391779188534,0.178440129944719,0.858377335849108,0.917982710213471,"SCYL3"
10.6209229081541,1.13327368425301,0.258080034423081,4.39117147045627,1.12741584532307e-05,0.000221742684736267,"KIFAP3"
2.87743565550124,0.321027259532331,0.30782446909939,1.04289064632051,0.296998942219737,0.459656336398225,"GORAB"
49.5674209189102,1.22214100159701,0.171037811680345,7.1454433940086,8.97058528891571e-13,8.11837968646871e-10,"PRRC2C"
2.61442827334796,0.204341972156845,0.361355945757229,0.565486674720798,0.571742785288634,0.715007674831248,"VAMP4"
6.33800191386508,0.21069315330635,0.243315298818932,0.865926451518125,0.386530496293109,0.5523351090313,"METTL13"
9.77415660242007,-0.431604759702333,0.20601563629332,-2.09500971609662,0.0361701287805796,0.100206020040075,"PIGC"
4.47158852037985,1.63783109342156,0.324785703418672,5.04280538269346,4.58755780582643e-07,1.95375991259902e-05,"SUCO"
122.244508007327,-0.275359625220088,0.140932815911261,-1.95383611289984,0.0507206019747825,0.128697388590701,"PRDX6"
3.87582473824292,-0.0262614796789228,0.319797619481968,-0.0821190593021397,0.934552037179428,0.962925533564382,"KLHL20"
4.70757484706368,0.87585886547581,0.382186560936906,2.29170503360636,0.0219226697658594,0.0690087517847053,"CENPL"
5.21651076369436,0.338249860947838,0.286452188924013,1.18082484277181,0.237672312936135,0.393523603977195,"DARS2"
1.37402326115619,0.0590956311856026,0.550999407284457,0.10725171461953,0.914589289657954,0.949564023488086,"ZBTB37"
7.64614416843565,0.981638778589084,0.323298469543536,3.03632361753848,0.00239482177734216,0.0132896088410505,"RC3H1"
9.09191978269538,0.933819266018704,0.249642182398003,3.74063091841555,0.000183558903167004,0.00186129756152536,"RABGAP1L"
65.6267143960511,-0.278872062216669,0.150723576523687,-1.85022190057203,0.0642815736815748,0.153125222676443,"CACYBP"
29.0222430347717,-0.758217503699125,0.172683333023,-4.39079724965777,1.12935810700298e-05,0.000221742684736267,"MRPS14"
6.85521900256309,0.997561361131147,0.313714871830336,3.17983446341253,0.00147359205118546,0.00918668752920441,"KIAA0040"
9.50446691863063,0.257136513207984,0.240467465771142,1.06931934589732,0.28492579621868,0.446613143439045,"RFWD2"
3.75305135857523,0.906293097344944,0.344891769961319,2.62776086958116,0.00859489118467076,0.034316367009384,"RASAL2"
4.60909206282381,1.69844824150872,0.36767569460842,4.61941941339797,3.84815300461319e-06,9.71882363490681e-05,"RALGPS2"
6.44803189558284,1.09186283600634,0.244020124965157,4.47447863639215,7.65979843186908e-06,0.000164398045395451,"FAM20B"
13.9753740997413,-0.0426694772507883,0.225096549065096,-0.18956077926565,0.849653323493699,0.913316350899888,"TOR3A"
3.83417730447528,0.380628616781762,0.407875349149525,0.933198384201015,0.35071754884838,0.51714766877032,"ABL2"
3.77141697075307,0.752603256185758,0.317734771711536,2.36865248374209,0.0178530194278613,0.0590389132115022,"SOAT1"
7.33765174997811,0.387276003977267,0.384682203309116,1.00674271033554,0.314058431760983,0.479633605530062,"AXDND1"
13.3463458747494,0.682264563355119,0.258813284493976,2.63612652143827,0.0083858457415111,0.0336922992056273,"TOR1AIP2"
4.66201057162092,0.540814738273918,0.351393947595264,1.53905535930525,0.123790781918785,0.247399317563122,"TOR1AIP1"
9.69598754297374,1.68897362844213,0.317887222559621,5.31312210299789,1.07762777804486e-07,6.76088507168227e-06,"CEP350"
21.4917335457291,0.173654671666704,0.235049890826871,0.738799201547438,0.460028936737172,0.619756058386547,"QSOX1"
13.861107004394,0.0231359022531689,0.177845592564245,0.130089826346477,0.896495359119771,0.939762509656439,"ACBD6"
3.02159177064103,0.739739992583432,0.432919800203158,1.70872293721907,0.0875022832595577,0.192052303192966,"XPR1"
3.9040026125087,0.393811338383483,0.350053766312975,1.12500243185896,0.26058800376679,0.419692380380742,"STX6"
1.20176437670653,0.607026937267504,0.502778597215848,1.2073444268092,0.227299527952158,0.380641450689505,"MR1"
19.120985744231,0.501401273229163,0.469018121144576,1.06904456485724,0.285049588892826,0.446701087355857,"IER5"
43.6801200762888,0.149824892569191,0.24854050169515,0.602818822474897,0.546629223723595,0.694487902513523,"GLUL"
1.53641549623312,0.417833688041979,0.421804305690957,0.990586588151408,0.321887489303966,0.48802151805683,"RNASEL"
34.1892400542568,0.153529189958033,0.162438672012846,0.945151718218257,0.344581424719633,0.511230139220614,"DHX9"
3.35146927630567,0.76786250329424,0.439176788734965,1.74841321989271,0.0803925003926165,0.180198669610695,"LAMC2"
8.78385538205345,0.81324607683637,0.267377517180159,3.04156492069004,0.00235351806522666,0.0131320882355854,"SMG7"
72.6358214018994,0.428171103401066,0.118728525421535,3.60630355578731,0.000310589785993561,0.00276929809186377,"ARPC5"
4.36561781266181,0.00883509312796065,0.336361841367148,0.0262666332543855,0.979044668529432,0.986704048275523,"TSEN15"
24.8061608824962,0.40281386550224,0.1534021927236,2.62586771642848,0.00864283989554453,0.0344428141115833,"C1orf21"
9.64722994522287,1.59071385247361,0.302452830615258,5.25937829458477,1.44543257991522e-07,8.41799617977147e-06,"EDEM3"
4.35226157979846,0.173464701447442,0.354319261618276,0.489571751349841,0.624436969963057,0.75499727163202,"RNF2"
3.02025197238017,0.111906325741825,0.375327039921306,0.298156844135951,0.765583457972369,0.859081215789555,"TRMT1L"
21.9148082462483,0.891947614328836,0.251268656755506,3.54977666473036,0.000385558093818209,0.00329957517641115,"IVNS1ABP"
32.8629114200498,0.79650942461547,0.182031201462465,4.37567525905558,1.2105712929368e-05,0.000233439349741588,"TPR"
7.45485424673235,0.588821605398468,0.233928748245624,2.51709808997144,0.0118325881819371,0.0436635771851298,"C1orf27"
1.40608071428468,0.278129018745174,0.594438035039283,0.467885637107313,0.639866375215145,0.766825832592642,"BRINP3"
2.19047143195366,1.45465395279008,0.775921777047615,1.87474304217242,0.0608280823913345,0.147190948032507,"RGS1"
2.01694761040035,0.991014967652376,0.585646921315453,1.69217139471408,0.0906132989335886,0.196852695763745,"RGS2"
12.7097711964326,0.579993648582868,0.210051880086275,2.76119236992617,0.00575907434069052,0.0255488346976712,"UCHL5"
9.58255756331196,0.744874757951745,0.239747156068221,3.10691801382532,0.00189048821007006,0.0110861631532829,"TROVE2"
16.9570304228467,0.0475558436218637,0.160056523165916,0.29711905944981,0.766375613734652,0.859619827014906,"GLRX2"
6.71430352980682,0.882168565236253,0.264885171665572,3.33038108433652,0.000867271990833596,0.0061040659886279,"CDC73"
6.49235601797399,2.13172431655621,0.365986772960445,5.82459387620166,5.72516496588386e-09,6.54476752942092e-07,"ASPM"
4.14149381329034,1.40636595272667,0.531950131952149,2.64379284495258,0.00819828136137189,0.0330978942693304,"ZBTB41"
7.27207359627706,0.666064879283237,0.298330431615129,2.23264142272457,0.025572600178113,0.0771654453832475,"DENND1B"
10.1161251651591,-0.736676922717464,0.208922891609572,-3.52607087256929,0.000421774082270757,0.00355074925074451,"C1orf53"
6.10921948021624,1.14858653112601,0.36185875239286,3.17412947325652,0.00150286636008564,0.00933169163552319,"NEK7"
7.91466745830222,0.777669505199013,0.266325923733349,2.91999176909879,0.00350040630767548,0.017619916744826,"NR5A2"
2.48307116409204,1.47006860736669,0.443064600608348,3.31795545242887,0.000906789453587046,0.00631871514430944,"ZNF281"
1.76374378475555,1.86369887053746,0.529897765773177,3.51709139180484,0.000436303529810517,0.00365324312547588,"KIF14"
2.14748240182515,0.820024077423936,0.396013952633294,2.07069491357864,0.0383873158722676,0.104195513714778,"DDX59"
1.29265755173824,1.58968961309893,0.54835309656455,2.89902550575238,0.00374324442458072,0.0185366493202888,"CAMSAP2"
13.2978384477523,0.578273014430637,0.215028288916856,2.68928808085449,0.00716045954832372,0.0299617405725204,"C1orf106"
14.6059088870311,-0.339695987719349,0.209225058742074,-1.62359131244464,0.104463060806994,0.218461167025603,"TMEM9"
38.3871909011163,-0.077549511634495,0.138682859185571,-0.559185988015479,0.576034794924427,0.719132989180282,"LAD1"
1.17864187781622,1.08255874879912,0.607211155995555,1.78283738384912,0.0746127783451135,0.170876164662154,"PHLDA3"
18.7485663631723,0.418566569470275,0.183871913772596,2.27640296379325,0.0228219024566241,0.0708738520671825,"CSRP1"
2.03923469182218,-0.447290645385439,0.439977126740905,-1.01662249739824,0.309333047623338,0.473949900845012,"RPS10P7"
1.86772075316767,1.32229240379848,0.439452453176342,3.008954425538,0.00262148436728631,0.0141146852894047,"NAV1"
10.4948067513588,0.18232682510199,0.184121476730157,0.990252893578532,0.322050524994613,0.488200544589824,"IPO9"
29.5908047991891,-0.242612854021361,0.14812277087207,-1.6379173343368,0.101438939410761,0.213779773237928,"TIMM17A"
27.7858165484768,-0.402072086104269,0.148267924848813,-2.71179411537767,0.00669201436288924,0.0285785591745879,"RNPEP"
2.74200564789375,0.220867166453123,0.372162557855306,0.59346960566354,0.552866918169421,0.698970162764981,"RP11-465N4.4"
238.670414845733,0.0659107724703197,0.138353033312386,0.476395572198987,0.633792588555229,0.762335742081805,"ELF3"
3.35083368659779,0.0140613273545441,0.355145672601369,0.0395931259743298,0.968417507821358,0.981705790622603,"ARL8A"
1.47038087163459,-0.463849041538711,0.444877890476376,-1.04264350166294,0.297113433754225,0.459740704997009,"LGR6"
43.4263361807706,-0.496301048326037,0.143033857262266,-3.46981517401172,0.00052081662141911,0.0041135043698993,"UBE2T"
5.71794086733771,0.956034519851988,0.389028274322845,2.45749366550822,0.0139910278116846,0.0495572609376696,"PPP1R12B"
8.46603399142507,0.389206143252132,0.314380050821116,1.23801157941027,0.215711767301832,0.366838364061682,"KDM5B"
8.59316039196576,-0.401757437385545,0.206418389151445,-1.946325804775,0.0516156157719697,0.130117360093684,"RABIF"
5.69594928766522,0.650821736501196,0.295589928821242,2.20177236449345,0.0276813921148129,0.0820469209516561,"KLHL12"
15.9411037779249,-0.293184230686225,0.192145347846555,-1.52584610541994,0.1270481953769,0.252330541659315,"ADIPOR1"
7.36367450009082,-0.368297741781872,0.219056486613369,-1.68129119331632,0.0927063676425863,0.200516063054867,"CYB5R1"
35.9953406837369,0.117052658092845,0.130273877582905,0.898512121268169,0.368912585955685,0.53518443540993,"TMEM183A"
71.6134722959683,0.387274010499306,0.528965641947311,0.732134527818502,0.464086461172745,0.622832088239307,"BTG2"
2.67654756394161,0.760791389813165,0.551545154914652,1.37938187478211,0.1677770446497,0.307016904245661,"FMOD"
19.3563058050977,1.10548016260697,0.292709238099656,3.77671770725118,0.000158908663230165,0.00166257040720577,"ZC3H11A"
2.27910213517768,1.95769954305269,0.535539913065608,3.65556234986515,0.000256618826793313,0.00239486421500647,"ZBED6"
123.682156785263,-0.103138970826882,0.140672916048207,-0.733182859389489,0.463446908204705,0.622361001991233,"SNRPE"
2.44502485339269,-0.577752155398679,0.379393413035261,-1.52283127631681,0.127800922933516,0.253269712236858,"GOLT1A"
10.8180425442486,0.0527838004928742,0.228385893612923,0.231116728173826,0.817224119692851,0.892181191478741,"PLEKHA6"
9.63821658587832,1.24953905193192,0.301559707128754,4.14358756290481,3.41914433104411e-05,0.000515720936599154,"PPP1R15B"
6.11464253432079,0.325610080312147,0.237730762908699,1.36965900554149,0.170793371131751,0.311158532207819,"PIK3C2B"
14.4943660387701,1.16158226826486,0.312177067192876,3.7209083892994,0.000198507445293312,0.00197416745044448,"MDM4"
6.18912061134844,0.493150209874403,0.260515022503852,1.89298185238861,0.0583602828757352,0.142874813352228,"RBBP5"
2.76295510818993,-0.138188309012983,0.360087343064745,-0.383763305415977,0.701153887430778,0.813895811276766,"DSTYK"
7.40234961503143,0.26496929320067,0.318703660737275,0.831397080873503,0.405749347599627,0.570782113333154,"NUAK2"
4.46674472460306,0.123879717092856,0.310959066492432,0.398379498916686,0.690350467497388,0.806298729057769,"CDK18"
1.54895911033416,0.671208148955553,0.616963146744119,1.08792259715625,0.276629279386401,0.437610192882202,"MFSD4"
5.6015731203357,1.16436034904846,0.320344258801236,3.63471583166693,0.000278287202209677,0.0025482285126451,"ELK4"
130.120438398265,0.417409580345544,0.152045034972204,2.74530227456524,0.00604551853336362,0.026537724847344,"NUCKS1"
2.07403333204806,0.460930956357147,0.41119459094371,1.12095578713545,0.262306682572994,0.421770221669063,"RAB7L1"
3.7267849517268,-0.204341970408239,0.553701143459849,-0.369047405485549,0.71209239036062,0.821649650959638,"CTSE"
4.39604709724048,0.139375276661559,0.280922725687164,0.496133861440487,0.619799970192322,0.75156628810726,"IKBKE"
10.5490433228314,-0.436993949615792,0.220430423360871,-1.9824575163129,0.047428057733288,0.122141026080983,"EIF2D"
7.36115445566256,0.356398340899095,0.244729682467198,1.4562938884492,0.145311394294938,0.278018347167819,"MAPKAPK2"
1808.86991648147,0.978090439291,0.23375831515998,4.18419528144534,2.86178029902293e-05,0.000447178907156677,"PIGR"
1.76289910636118,-0.0174243576120646,0.529097512959839,-0.0329322236171373,0.973728635995111,0.984333332114578,"C1orf116"
1.57073817772863,0.901827898632378,0.506443074711327,1.78070931100484,0.0749599512733671,0.171346047322409,"YOD1"
13.6734735704098,0.168672531354439,0.275625928608005,0.611961770818469,0.540563051063904,0.689432147334586,"PFKFB2"
1.82118302590233,0.365278040495159,0.491950138482628,0.74251029102629,0.457778219009819,0.617560759155942,"C4BPB"
19.0870987794753,1.42842412874762,0.375489720682372,3.80416307043443,0.000142284429723826,0.00153752130029926,"CD55"
33.7751853528965,0.989637497263685,0.201550952084421,4.91011075377688,9.10249681071157e-07,3.24108574965009e-05,"CD46"
9.82712874590335,-0.2385346249479,0.224468822545118,-1.06266261052782,0.287934982476208,0.450274785855339,"PLXNA2"
6.35176223823602,0.176042107961611,0.333852519022711,0.527305016229741,0.597981791374199,0.736283568211349,"LAMB3"
8.17234139723703,-1.32704053497692,0.424680471748756,-3.12479763788622,0.00177927416609743,0.0105763094930586,"G0S2"
11.8958960037392,0.328280110247701,0.290395752914209,1.13045768387902,0.258283419587607,0.417094116984597,"IRF6"
4.33468525694972,0.392728521900229,0.293089587417181,1.33996067673746,0.18025812965596,0.323624283032521,"DIEXF"
4.32404650383034,0.172585881816086,0.324988768558436,0.531051834749954,0.595382859849582,0.734589622581965,"SERTAD4-AS1"
4.53772401090524,0.186774981048826,0.308776776743132,0.604886750288872,0.545254247429694,0.693217177134919,"SERTAD4"
6.06329215915264,0.82613600870345,0.241884083551267,3.41542112475686,0.000636834701765864,0.00477956106508451,"RCOR3"
5.79428442911656,0.724953919116797,0.251087739257698,2.88725336115579,0.00388621154925872,0.0190710607433121,"TRAF5"
7.20757682271125,0.138893982891193,0.394814720381746,0.351795350378265,0.724991745813078,0.831049151596603,"SLC30A1"
5.54067080817392,0.284373124962104,0.331554167455727,0.857697332367497,0.391059613451545,0.556314828672227,"NEK2"
8.98580127146612,1.257108230201,0.26120162109854,4.81278877563606,1.4883857734007e-06,4.57899985811092e-05,"LPGAT1"
4.52868779242598,0.140581114989305,0.29788040648918,0.471938106457538,0.636970967480809,0.76495684030096,"INTS7"
10.258143168499,1.2321954280571,0.271230996725556,4.54297422836187,5.54660347811588e-06,0.000128985254330489,"DTL"
12.3063403478144,0.643810677857344,0.235621607274866,2.73239235273657,0.00628762145195157,0.0272915943118281,"PPP2R5A"
91.2065676138532,-0.440866800638996,0.116036358306185,-3.79938501237415,0.000145055595233433,0.00155435503271568,"NENF"
77.1958187237436,0.360317777471908,0.616811495201161,0.584161904042331,0.559111389475996,0.703749384528201,"ATF3"
10.9285124524628,0.0742451993310206,0.198955409871168,0.373175071635888,0.709018148227811,0.819403755427693,"NSL1"
2.69460387696373,-0.365352531592099,0.338132730174476,-1.08050034494909,0.279919433268415,0.441272324763389,"TATDN3"
1.31655666222235,0.228105846229196,0.534577421583188,0.4267031060789,0.669595587918492,0.789984582813125,"FLVCR1-AS1"
7.49015372250512,0.638781837666709,0.375923967489319,1.69923147473926,0.089275578159531,0.194869594922402,"FLVCR1"
4.65606000693348,0.506030832529375,0.273914003719453,1.84740767415331,0.0646880778089143,0.15375629787805,"ANGEL2"
1.48414144182323,1.10390041311017,0.459337812105453,2.40324306864757,0.01625038192285,0.0551842237905413,"RPS6KC1"
1.51705147900289,1.52412727063848,0.605933142509247,2.51533900972452,0.0118917974333706,0.0438225042844944,"PROX1"
9.77870592263693,-0.484871351594296,0.211215222722021,-2.29562692189299,0.0216972220908998,0.0684180696594576,"SMYD2"
18.5251961024249,1.73003378817587,0.304391121349261,5.68358820883875,1.31897644998665e-08,1.2242807048594e-06,"CENPF"
9.14982463833786,0.753965067552025,0.295915362128671,2.54790782786121,0.0108371099979599,0.0409645021155046,"KCTD3"
5.48454860420327,0.680446672912733,0.302503895860419,2.24938151945886,0.0244882333515816,0.0745771772849624,"GPATCH2"
13.6268770759965,0.776457604960979,0.191298079737839,4.0588886518101,4.93068162543936e-05,0.000685729854747679,"RRP15"
9.722615487163,-0.138284040702239,0.228959842940118,-0.603966350284428,0.5458660142887,0.693913720610474,"LYPLAL1"
27.9768387114056,0.618891165148033,0.177380727138831,3.48905529439872,0.000484730867684868,0.00389792136263514,"EPRS"
6.46375663900283,0.145063827069435,0.245781498004816,0.590214594048053,0.555046789100467,0.700419257451902,"BPNT1"
26.3603596034332,0.586390369171015,0.225648025876955,2.59869487841551,0.00935789111286382,0.0365563660020507,"IARS2"
8.48088437202991,1.07615704557561,0.277665872780234,3.87572673155755,0.000106306938101481,0.00122818441253413,"RAB3GAP2"
1.00820451570859,1.05857135602794,0.581018824311207,1.82192264989497,0.068466723035569,0.160144004343373,"MARK1"
5.39247177820192,-0.112232551454312,0.323626334818854,-0.346796720103552,0.728744041376763,0.832925537808208,"C1orf115"
5.74883787802839,-0.0226773043065178,0.255701605178083,-0.0886865934639879,0.929330987414252,0.958910643545728,"MARC2"
10.3648555614614,0.102214147464728,0.221919582286769,0.460590933037376,0.645092117910194,0.771128277435851,"MARC1"
0.950833439699882,0.121313105700597,0.581235929614109,0.208715771891697,0.834670127104802,0.903650441666649,"TAF1A"
6.88873502414392,1.17556270119767,0.272193773386978,4.31884494112351,1.56847928305116e-05,0.000285441583192376,"MIA3"
7.65154308027885,0.778432312196986,0.290250665493026,2.68193118825318,0.00731985146028026,0.0304573129726604,"AIDA"
12.1800323417545,1.30911595350856,0.322848760845304,4.05488919976322,5.01580723288833e-05,0.00069479166516795,"BROX"
3.33625577956795,0.199841414315092,0.356304994476707,0.560871773937922,0.574884953236535,0.718027670172372,"RP11-452F19.3"
3.28006544904126,0.569144830920113,0.433792539286112,1.31202079191299,0.189513119297118,0.335252072905473,"CAPN8"
24.0211644353692,0.308970153260824,0.226669630218752,1.36308579566943,0.172855472857221,0.314019811848347,"CAPN2"
2.97631256710596,0.464740869586169,0.354547477119799,1.31080010316682,0.189925307700901,0.335828691127974,"TP53BP2"
1.54626360235379,-0.544474239603708,0.429046906379907,-1.26903196715185,0.204429662877432,0.353632707685396,"RP11-504P24.8"
4.48017771511041,0.258702901588367,0.324021630386501,0.79841244326738,0.424631184673478,0.587676139359496,"FBXO28"
4.07092422086771,0.481437760180435,0.298814557991775,1.61115898574689,0.107145074631572,0.222017842110069,"DEGS1"
7.50787984705817,0.293301970923628,0.213042962020985,1.37672687302731,0.168596707073586,0.308138714038901,"NVL"
35.6599610764003,-0.190906804414276,0.161911070842227,-1.17908431721944,0.238364602753833,0.394129047793335,"CNIH4"
7.82759235495199,0.573710479211882,0.363666785739784,1.57757183693534,0.114664006632067,0.233411642366308,"WDR26"
3.79368852872088,0.298100348759623,0.30326778303661,0.982960820218865,0.325626722048769,0.491768349527135,"DNAH14"
34.9153440689206,0.698134691788207,0.25637885371374,2.72305879239054,0.00646805461984468,0.0278631785686288,"LBR"
10.7004702081957,0.735208376653965,0.308653430561855,2.38198673287264,0.0172195178162073,0.0575573910384769,"ENAH"
97.0396699888164,-0.14660582486431,0.148774047861711,-0.985426067055615,0.324414830731679,0.490487374076549,"SRP9"
15.3769579290464,-0.29702108090981,0.235419407818089,-1.26166777693758,0.207068356486485,0.356606779486715,"EPHX1"
2.59158994887934,-0.281087654381377,0.430142626650978,-0.653475468287997,0.513449799571078,0.665242761076343,"RP11-285F7.2"
17.4418301801333,0.260443840134434,0.16944845133959,1.53700926786566,0.124291039848145,0.248125127343906,"TMEM63A"
96.2822267862691,-0.305751047997033,0.246788128671121,-1.23892121409327,0.215374676535807,0.366437253200512,"LEFTY1"
10.1169162165252,-0.285587260456346,0.234918676294676,-1.21568563624168,0.224104697916819,0.376707448678825,"PYCR2"
4.72349632050888,0.629069923820591,0.320197877974472,1.96462864713533,0.0494572338305414,0.126318334760038,"SDE2"
1089.89228011125,0.142224873545124,0.0835579952378168,1.70210969208074,0.0887348073825018,0.194012484029388,"H3F3A"
13.8283516994899,1.08110073122779,0.332687137602795,3.2496018301692,0.00115566694210521,0.00763415023799429,"ACBD3"
2.42795754024097,0.320753994204026,0.385702269466672,0.831610336769724,0.405628925595681,0.570760576829372,"LIN9"
35.3119769786409,0.325440514805809,0.144389416627669,2.25390837089541,0.0242019329620813,0.0739749484852809,"PARP1"
1.69917448192522,0.463192008892647,0.477779821128917,0.969467500318868,0.332311987967142,0.498192737344445,"PSEN2"
21.0521659282757,-0.721693350085518,0.158461655983957,-4.55437213251504,5.25422724927189e-06,0.000123508458716651,"ADCK3"
10.9301653422781,0.589579177234558,0.211705659569215,2.78490040575321,0.00535441664677253,0.0243199350832077,"CDC42BPA"
3.32238594043427,-4.33965176829562,0.692512710398933,-6.26653013458149,3.69181968959647e-10,8.53045996362077e-08,"CTD-2090I13.1"
2.2155364109475,1.33880280538181,0.461911547635362,2.8983964835594,0.00375076101469721,0.0185416589914586,"ZNF678"
3.71601261370736,-0.191819449339994,0.274980910464793,-0.697573693445725,0.485443837975851,0.641118822864859,"SNAP47"
5.99718831523639,-0.245484574447102,0.393386380165254,-0.624029165280147,0.53260843147174,0.682864299435781,"JMJD4"
82.7975081459652,0.174786171205657,0.131097462066438,1.33325366067787,0.182448575076225,0.32636987733945,"ARF1"
26.2053294886242,-0.257201894064571,0.161745045473602,-1.59016860956368,0.111796804118974,0.229034765654039,"C1orf35"
46.0087303728726,-0.667691281393543,0.146168578401878,-4.5679535827309,4.92509060136434e-06,0.000117552711935861,"MRPL55"
125.983046197784,-0.0521896553896429,0.146846017987212,-0.355403953780944,0.722286987272873,0.829442389952776,"GUK1"
3.60290447832405,-0.262448129450665,0.299382028929673,-0.876632877360574,0.380686075606843,0.546418617304947,"IBA57"
6.15220446592341,0.032371875698983,0.251476779602168,0.128727096593947,0.897573593807466,0.940609521495156,"TRIM11"
15.8149409753313,0.183908632899505,0.203674148511928,0.902955206849603,0.366549668628471,0.532913617868058,"RNF187"
2.74332711447727,-0.0475345909493739,0.487679036921832,-0.0974710564747794,0.92235231834956,0.954612234563635,"RHOU"
33.3152594907372,-0.330750549053605,0.124817676783376,-2.64986945420904,0.0080522878100763,0.0326541619183826,"RAB4A"
1.34223177884686,1.32555849501797,0.554223429424269,2.39174027051683,0.0167687042337874,0.0564676365826142,"CCSAP"
4.7310252616393,0.262951018490435,0.284639642766352,0.923803219870819,0.355588778471063,0.52221101086865,"NUP133"
6.42094422780432,0.824509469045563,0.360923151975632,2.28444605044685,0.0223453297941894,0.0699136506957351,"ABCB10"
4.24705066709938,0.991834056860793,0.336911954161654,2.94389689831219,0.00324107950665612,0.0165872400764776,"TAF5L"
2.14926241913646,0.498955188850755,0.428242218395192,1.16512377205721,0.243968895610454,0.400468894547994,"URB2"
6.04833722404977,0.830002510702797,0.323348838787376,2.56689497885774,0.0102613685619356,0.0393080996764095,"GALNT2"
10.6005650677471,0.565224383875556,0.213027505392514,2.65329297657644,0.00797106506224207,0.0324337829059382,"COG2"
1.15863666465455,-0.410456866360042,0.595987509137994,-0.688700451044194,0.491011792295471,0.645329138612984,"CAPN9"
3.53771185056583,0.0293507964917706,0.27438789392338,0.106968263330038,0.914814157454635,0.949706696296466,"C1orf198"
2.72261209562735,0.741051115781509,0.363420568719566,2.03910064417224,0.0414399839404891,0.110384651850309,"TTC13"
15.282121642018,-0.0875744606333084,0.172055081005466,-0.508990842476349,0.610758643011515,0.745718119939749,"ARV1"
18.0844176163774,0.29028074462779,0.166149828785839,1.74710227960543,0.0806195980545744,0.180548684623126,"C1orf131"
10.1237160225368,0.117460766808511,0.195435458092848,0.601020756185951,0.547826161746945,0.695428651849423,"GNPAT"
2.48067835300902,0.690364961982823,0.357226789562093,1.93256771931665,0.0532894722617472,0.133278715807312,"SPRTN"
9.03049203143348,0.780204523024255,0.251474934295488,3.10251407445443,0.00191884423429697,0.0111975542098147,"EGLN1"
7.89466541373464,0.153907884292126,0.229131030063854,0.671702493761911,0.501773113482013,0.655431322157164,"RP11-295G20.2"
9.68988692972733,0.466976274294062,0.212232238455734,2.20030791595057,0.0277850560392525,0.0823092494779821,"TSNAX"
12.5301051660674,0.666257259412202,0.272450787943064,2.44542239882027,0.0144682580598058,0.0507838663637656,"SIPA1L2"
35.3349067305299,-0.612090936476256,0.161406679493444,-3.79222804407619,0.000149301714329614,0.00158496248056658,"NTPCR"
1.52704836763596,0.624706044026378,0.449585596471232,1.38951525344596,0.164676125866469,0.302971269766594,"PCNXL2"
7.54107735007466,0.984467537575131,0.402702535828178,2.44465194526408,0.0144991991400781,0.050826760058505,"MLK4"
10.4556350230252,0.459862265946858,0.219483798295751,2.09519914234034,0.0361532934935621,0.100184936805329,"KCNK1"
0.763265396320576,-0.0949775595266128,0.603034374974344,-0.157499412086838,0.874851271198495,0.927730183108648,"RP5-827C21.4"
38.9074510249274,-0.0422956747451012,0.15606342084984,-0.27101594028108,0.786378772340451,0.871312294793843,"COA6"
9.56596497558475,0.172857541576612,0.202742473207494,0.852596591340303,0.393883053513092,0.559378836295565,"TARBP1"
43.3306860369477,0.166066105325764,0.239367234649622,0.693771248888121,0.487825675854116,0.642701302896482,"IRF2BP2"
4.31206244518845,-0.177952349860717,0.272717837851019,-0.652514522933147,0.514069307151714,0.665807116954992,"RP11-443B7.1"
81.8444549095832,0.607874265972603,0.138834202462295,4.37841868352066,1.19543528317569e-05,0.000231415814176256,"TOMM20"
1.72185328487299,0.359398381191312,0.48442663454005,0.741904667427198,0.458145097732989,0.617915519297101,"RBM34"
13.6856996406388,0.929526803934161,0.21360810770165,4.35155207325954,1.3517720708984e-05,0.000253983472144579,"ARID4B"
9.02975111230362,0.281153420525639,0.202949865045708,1.3853343556662,0.165950253238493,0.304531894249753,"GGPS1"
4.25174866606095,0.0777832475714137,0.305452491706434,0.254649248846757,0.798994017681718,0.879783615083857,"TBCE"
3.73100080075447,0.577118724634121,0.390242448386191,1.47887224216827,0.139174463328625,0.269225666482475,"B3GALNT2"
1.79827426611792,-0.992672448685312,0.705538732098146,-1.40697087703928,0.159436024706317,0.297084731046815,"GNG4"
3.05250804316834,0.241857552628322,0.348584611489741,0.69382739414313,0.487790460856165,0.642701302896482,"LYST"
6.99394674565629,0.333626360771368,0.214353266218171,1.55643236353488,0.119605314400027,0.241164818860805,"LGALS8"
3.83885038021789,0.835113884447059,0.312850834284995,2.66936761206237,0.007599422499507,0.0314040062194239,"HEATR1"
5.91000498034169,1.59194784688417,0.302509379663163,5.26247433602479,1.42129508478021e-07,8.3433862814665e-06,"MTR"
1.9842468464137,-3.10817658619071,0.782661448550159,-3.97129128047441,7.14841131560577e-05,0.000917200313591067,"MTRNR2L11"
4.17149531535083,2.06091663603856,0.411797188211388,5.00468846081735,5.59524475012097e-07,2.25053177727088e-05,"CHRM3"
38.7990528234472,-0.371218916905838,0.18478606889348,-2.00891181423328,0.0445464867838228,0.116640872214957,"FH"
4.98123836906379,0.451203852889559,0.294334986206426,1.53296031404543,0.125285633466778,0.249331497058678,"OPN3"
3.46317741886521,1.31157564328974,0.373676130940261,3.5099262026437,0.00044823107708618,0.00371020540941761,"CHML"
3.62264422361284,0.490007444122917,0.345923736587298,1.41651870714937,0.156623690954626,0.29308373336342,"EXO1"
12.5398124827721,0.140735428122076,0.196242602695921,0.717150232358801,0.473281403614686,0.630870718871293,"SDCCAG8"
5.53943258130009,-0.112693896180206,0.379203148575096,-0.29718607718229,0.766324450762462,0.859619827014906,"ZBTB18"
18.7315576154569,0.52870803057661,0.212971703214329,2.48252712729884,0.0130454134507163,0.0469259181872132,"ADSS"
10.3322770324087,0.804158863573007,0.224369531091383,3.58408229344421,0.000338265430777686,0.00296016323790948,"DESI2"
54.648367336755,0.135466469892007,0.15141126727326,0.894692134420375,0.370951684499527,0.537138039155315,"COX20"
8.03994671602498,1.12018922750955,0.348741182854491,3.21209333047692,0.00131771559665197,0.00841787728214138,"HNRNPU-AS1"
79.70248153899,0.621815474466802,0.186316180689524,3.33742068008034,0.00084559854078699,0.00597864593290801,"HNRNPU"
2.72155080149231,-0.242695567383422,0.447497450031645,-0.542339553814798,0.587584612108811,0.72910979061948,"EFCAB2"
6.0005695960611,-0.436115490739061,0.260365882395753,-1.67501013084414,0.093932243973185,0.202587048851065,"SMYD3"
7.70329636591129,-0.340400718210382,0.229313642313243,-1.48443291370076,0.137694108383681,0.267123618622147,"TFB2M"
5.02101855785114,0.52165728799934,0.39491608271801,1.32093199246036,0.186524041229159,0.331747639657495,"CNST"
30.9922071290427,-0.512444849819873,0.159167046731695,-3.21954110692079,0.0012839595065561,0.00825565437608007,"SCCPDH"
6.45631326133595,1.15353845728571,0.35201265679021,3.27698006033116,0.00104923778875161,0.00706868634357471,"AHCTF1"
1.76674354960012,-0.18644975407771,0.457341912525262,-0.407681318880675,0.683507654194845,0.800484538397069,"ZNF670"
1.25984600206294,1.04356833735533,0.564936106656501,1.84723250126736,0.0647134508263367,0.153764396550862,"ZNF669"
4.57906445359523,0.203595502672912,0.313954079996661,0.648488156851081,0.516669268330452,0.668218203414161,"ZNF124"
3.07953331387094,1.08201985824365,0.369264874039004,2.93019979509168,0.0033874412734403,0.0171904730044681,"RP11-488L18.10"
2.61055205020185,-0.143085436518026,0.400849631827974,-0.356955389644544,0.721125202469495,0.828563407463921,"ZNF496"
1.60687611680291,0.762486806051812,0.649026241056596,1.17481660650655,0.240068094811089,0.396046643144312,"TRIM58"
7.21172893504009,0.474998886377041,0.626344367093068,0.758366980422546,0.448231319405539,0.609311819845307,"LYPD8"
4.01348655831935,0.672589199231497,0.360418487989712,1.86613401266667,0.0620226183796855,0.149150937910404,"SH3BP5L"
9.9625644778922,0.0859574403861907,0.203362200483101,0.422681502176869,0.672527653414414,0.792410797014271,"ZNF672"
4.28655037760806,-0.225024506573904,0.27859326249587,-0.807716972614297,0.419253530714086,0.582791534609432,"ZNF692"
1.92315263591925,0.348280137736496,0.423530525608728,0.82232594034615,0.410891416907251,0.574813962078158,"PGBD2"
3.64664696968851,0.300310525743342,0.381365650028453,0.787460867859851,0.43101212734722,0.592880519694846,"FAM110C"
49.7002623884956,0.110827240648173,0.199763281805784,0.554792851050187,0.579036357550838,0.72220250959756,"SH3YL1"
64.8003699061601,-0.269654264920819,0.121061910511796,-2.22740797481916,0.0259200199263429,0.0779754616066714,"ACP1"
25.4006225877619,0.00553826424431015,0.140676070214484,0.0393689149538094,0.96859626296094,0.981743441243184,"TMEM18"
10.1899269180457,-0.514739924658546,0.195897669758179,-2.62759595504099,0.00859905857131863,0.0343203881236752,"TSSC1"
7.14411478086277,0.219435401637823,0.23849019644855,0.920102397941385,0.357519251390539,0.523975583009616,"TRAPPC12"
72.7000479303955,-0.347019403035946,0.110545901280181,-3.13914309818162,0.00169442681232621,0.0102173654535606,"ADI1"
11.2661001122028,0.0159741328994603,0.204032631414342,0.0782920496036761,0.937595741548969,0.964140683005568,"RNASEH1"
5.57808102174638,-0.11740842739006,0.259658641089557,-0.452164529928219,0.651150458858353,0.776240697349846,"RNASEH1-AS1"
1539.24516621369,-0.361215886818679,0.134334330042633,-2.6889320600627,0.00716810064645873,0.0299617405725204,"RPS7"
1.75766552921694,0.0912674879830025,0.418930032143181,0.217858546726985,0.827539326259893,0.899157286961724,"CMPK2"
1.71431063664825,0.593237766073495,0.425904619495938,1.392888780534,0.163653425675451,0.301948545041437,"RNF144A"
72.6450384108862,-0.468859197070161,0.273062945020643,-1.71703706277217,0.0859724003352256,0.189768347081413,"ID2"
7.61169291288576,1.14184704853719,0.279204877171652,4.08963861986979,4.32045800874271e-05,0.000618184110341842,"KIDINS220"
10.0645150874567,0.368335110289398,0.293813453945446,1.25363595622748,0.209974355840545,0.360183463027691,"MBOAT2"
8.96540514423604,0.680359669021432,0.336990082713873,2.01893083482549,0.043494408818119,0.114703564780178,"ASAP2"
24.7927336381061,-0.254520789363234,0.173882577443932,-1.46375095828853,0.143262006554869,0.275123853436937,"ITGB1BP1"
10.121698796012,-0.0622585509552094,0.212074588921797,-0.293569122409887,0.769087173341796,0.861682317393161,"CPSF3"
25.2568309067763,-0.237343613018359,0.162459155039234,-1.46094329347608,0.144031004157693,0.276259256225565,"IAH1"
4.83864273562736,0.610793245001537,0.387341106209131,1.57688723249466,0.114821474808968,0.233644597419036,"ADAM17"
79.147820852562,-0.0511049410452055,0.117557789005624,-0.434721862987407,0.663764327023717,0.78583675912761,"YWHAQ"
3.07613640289532,0.909911998555172,0.346865685978988,2.623240162794,0.00870978528240729,0.0346477172772685,"TAF1B"
2.68461382456464,0.983566020129289,0.41821199703975,2.35183597575227,0.0186810105175013,0.0613659329159299,"KLF11"
58.1923128297153,0.297833710148789,0.160364036614701,1.85723505366967,0.0632777198680595,0.151431475929292,"RRM2"
11.5862104097516,-0.24143979525574,0.20815409542413,-1.15990893555943,0.246085884290154,0.402847860022772,"HPCAL1"
50.1914146056233,0.48084302522925,0.207139598633444,2.32134767278445,0.0202680872363234,0.0650832133017363,"ODC1"
8.61679005782671,0.312934047058348,0.194530472130453,1.60866338127475,0.107689967009398,0.222849283864723,"NOL10"
98.2205723464981,0.155088506192913,0.128943726989275,1.20276115646799,0.229068760244586,0.382779925566427,"PDIA6"
4.17638693513281,0.342162587823991,0.316767028006055,1.08017109601903,0.280065996962316,0.441439292744666,"PQLC3"
24.0867303246442,1.3693030709631,0.264126325811378,5.18427334631145,2.16858686885684e-07,1.12683509070743e-05,"ROCK2"
2.36625098622714,0.182191688016357,0.356025622319877,0.511737573349887,0.608834685951742,0.744105253253331,"E2F6"
3.68176927483843,1.39650347748186,0.356570330896539,3.91648815528364,8.98482280574555e-05,0.00108296532375579,"LPIN1"
50.83337794925,0.164552666034987,0.219644792376951,0.749176268894115,0.453750970517943,0.613818577457008,"FAM84A"
6.5810974830616,0.818254708039292,0.290241430518713,2.81922090370395,0.00481403752166295,0.0224475944548131,"NBAS"
28.2016289173253,0.347799771368942,0.165969081779955,2.09556965453398,0.0361203834747811,0.100140664784659,"DDX1"
6.75876415805194,-0.262570935195699,0.293634900183949,-0.894208879909065,0.371210141992691,0.537368987208827,"VSNL1"
14.9240506882703,0.60637296559471,0.2215906813455,2.73645517001351,0.00621050563784032,0.0270108495101906,"SMC6"
4.17707247793733,1.27535232545523,0.325463502537491,3.91857248358691,8.90749439288351e-05,0.00107603324924043,"GEN1"
4.17739407654368,0.185620447510823,0.394125277136441,0.470968136982911,0.637663488919113,0.765341865297774,"KCNS3"
10.8883492654111,-0.159638691728689,0.214005177187243,-0.745957148452599,0.455693301195838,0.61563376810122,"RDH14"
7.03587400908857,-0.402723243443063,0.279198128705407,-1.44242816135775,0.149181624123357,0.283186932001338,"TTC32"
85.3993413595735,-0.219914199354601,0.158595780944943,-1.38663335206215,0.165553592904453,0.303872118126821,"LAPTM4A"
34.3929704695327,0.0163573849260044,0.135051538198948,0.121119575120336,0.903596324615795,0.9434996905844,"SDC1"
16.2017832166934,0.496194837400168,0.321586195589172,1.54296062519443,0.122840329735064,0.245907093257658,"PUM2"
68.8987958773756,-0.623822423367423,0.465344916498267,-1.34055923090705,0.180063601421438,0.323435446813896,"RHOB"
2.47255741444398,-0.285829369261836,0.378228098204291,-0.755706333344521,0.44982528600643,0.610485204452615,"HS1BP3"
3.32620516322345,0.162126903825465,0.333422282588826,0.486250956494707,0.626789246788682,0.756661985340717,"C2orf43"
3.66520224492943,1.58798191346174,0.426433976972115,3.72386347996277,0.000196197048197543,0.00195836391858945,"ATAD2B"
7.47203595698682,0.320633864819985,0.272672861062165,1.175892105914,0.239637993782127,0.395540998624205,"UBXN2A"
1.69606260623334,0.0552570686658767,0.504040689955851,0.109628190277092,0.912704252793964,0.948312146065848,"FKBP1B"
87.3886041659846,-0.0384234389896492,0.121296785067165,-0.316772113691004,0.751416525376642,0.849521398301149,"SF3B14"
27.4385396897087,-0.104455894156248,0.162644067078228,-0.642236117386362,0.520719885584357,0.671697108616952,"TP53I3"
7.78019227411253,0.725098154644645,0.307068122948531,2.36135925696912,0.01820808191746,0.0599938621430873,"ITSN2"
8.89054884709233,1.25900247312562,0.339581510055078,3.70751185163591,0.000209305624041698,0.00205706703809307,"NCOA1"
62.4006696557966,-0.54427577994059,0.141998483216611,-3.83296896988912,0.000126605928700778,0.00140157021986794,"PTRHD1"
2.49880071029585,0.485397436158611,0.37541460426075,1.29296364778998,0.196023632238075,0.343634648281758,"CENPO"
4.52900762546158,-0.115618223634629,0.334316126951175,-0.345835017559637,0.729466706884265,0.833235712167414,"ADCY3"
1.78662878637285,1.05321800335574,0.436712355033132,2.41169729048731,0.0158784585601915,0.0541971106084396,"DNAJC27"
1.395613927453,0.389068689170248,0.486697723811993,0.799405195740224,0.424055498691147,0.58717872189033,"DNAJC27-AS1"
4.7869327199782,0.484268565433495,0.308516091435025,1.56967036364612,0.116491819391283,0.236275829401933,"DNMT3A"
1.25374598219955,0.155329151270976,0.527641141168855,0.294384078782946,0.76846443148177,0.861251158502788,"DTNB"
7.11589691850478,0.630260915957749,0.314981353721419,2.00094674974054,0.0453981287714664,0.118401459764199,"ASXL2"
36.9028956579257,0.28785499666828,0.173757586507085,1.65664707052399,0.0975908498883407,0.208383136017967,"RAB10"
83.2351611969273,0.294214766356566,0.13531497745902,2.17429564621307,0.0296829391852024,0.086399549598311,"HADHA"
42.0802656731392,-0.304613715345869,0.153460104603502,-1.98497007501009,0.0471478009903726,0.121621168350462,"HADHB"
6.62180393037484,0.648658679342855,0.276635632999036,2.34481246074729,0.0190366521929645,0.0621394778525983,"EPT1"
2.97136674955188,0.173609489838509,0.341587222849686,0.508243512126053,0.611282579376963,0.745834040390132,"SLC35F6"
3.44783367937615,0.706500508542593,0.431399061134354,1.63769598080456,0.101485129462462,0.213779773237928,"CENPA"
9.45120903851914,0.482417151765747,0.219909823041228,2.19370442435991,0.0282566655623153,0.083274732159225,"TMEM214"
4.05544047635602,-0.730328278678577,0.273863038845081,-2.66676467828034,0.00765852754912651,0.0315641780582595,"AGBL5"
222.562625360926,-0.1910006822097,0.147891016426365,-1.29149617620485,0.196531680183289,0.344247426901696,"OST4"
15.6779233198889,-0.472657246542417,0.214062473426015,-2.20803412656903,0.0272418943192645,0.0809652359899324,"KHK"
9.76351792633941,-0.303688497918571,0.216582679158461,-1.40218275578898,0.160860679695026,0.298674471104117,"PREB"
6.70307164548599,0.0128655691106531,0.218654519846236,0.0588397126192523,0.953079777142537,0.971964163749456,"SLC5A6"
58.9636712485049,-0.446950942109455,0.149311213942656,-2.99341844666208,0.00275871225953555,0.0146645203810847,"ATRAID"
6.6466977433607,0.240418754723236,0.259553834116736,0.926277030510386,0.354302029673848,0.521078452385814,"CAD"
14.2206009915544,-0.539000820653856,0.218785153798972,-2.46360784218984,0.0137546510656052,0.048927451874377,"MPV17"
7.77350195972658,0.0460511467159284,0.230799993594716,0.199528370857731,0.841849452765608,0.908434524745082,"GTF3C2"
8.18475104460462,-0.0444174306030164,0.228799306107029,-0.194132715517234,0.846071965616379,0.910999558456661,"EIF2B4"
19.7890425322007,-0.169504358006523,0.142102006861964,-1.19283577867536,0.232933694755964,0.387708254436416,"SNX17"
2.5727136731854,-0.052899765634048,0.368352540791533,-0.143611784298744,0.885807034601343,0.933799048303152,"ZNF513"
55.5702448284899,0.528522201354219,0.124951140790289,4.22983094040941,2.3386699957125e-05,0.000387163965753624,"PPM1G"
15.2008470665766,0.104575530545862,0.253848133235733,0.41196099893612,0.680368009702126,0.798098572625307,"NRBP1"
92.0793794681658,-0.568426220838096,0.151779482400951,-3.74507945241574,0.000180336695333331,0.00183376077838949,"KRTCAP3"
23.8859126776226,-0.388881254122554,0.189682978874358,-2.0501642078288,0.0403484094453697,0.108086760379061,"IFT172"
1.90853224307497,1.73809974551791,0.460809394577909,3.77184095196229,0.000162047539693061,0.00168728310744644,"ZNF512"
9.12416071171101,-0.452105301513207,0.212514821136398,-2.12740598088937,0.0333863656431255,0.0946426340079203,"GPN1"
5.88972535224933,0.00390615287636865,0.26885407517879,0.0145288959215925,0.988408026082761,0.992887907063064,"SUPT7L"
6.66255093593616,0.644436991651811,0.283154164723281,2.27592270197263,0.0228506364678555,0.0708963287448468,"SLC4A1AP"
50.1268571859976,0.126654514283772,0.14401151289062,0.879474923508157,0.379143823875831,0.544931435586491,"MRPL33"
3.36538226619288,-0.642140543055997,0.321034412507225,-2.00022339674114,0.0454761464727742,0.118576458750139,"RBKS"
8.54038232589105,-0.28508683648666,0.234631499312674,-1.21504076529277,0.224350543841753,0.376867270861785,"BRE"
16.7028242541785,0.356802631764743,0.404246693631138,0.882635869102035,0.377433042057153,0.543648836381826,"FOSL2"
36.9279357454373,0.699858447487404,0.401743276316315,1.74205391538741,0.0814990104930059,0.181821003395983,"PPP1CB"
6.08238836130704,-0.0762644198458136,0.270047982678384,-0.282410626028047,0.777628668084337,0.866579159043062,"TRMT61B"
18.1814065585697,1.47406839012911,0.239965982215467,6.14282231389588,8.1067953643981e-10,1.46732996095606e-07,"WDR43"
10.7554093669153,0.623343277620107,0.30362835284152,2.05298112572992,0.0400744080694032,0.107565020176401,"YPEL5"
6.94191000490205,1.40286897552204,0.371707847718149,3.77411718405734,0.000160575273640986,0.00167516567890597,"LCLAT1"
3.56480641172134,-0.0970177731934396,0.448027239965631,-0.216544362795624,0.828563448844809,0.899639977449972,"CAPN13"
1.42096839338993,1.61821219729713,0.615934366920202,2.62724777866921,0.00860786291333527,0.0343302942485571,"XDH"
3.52560959026771,-0.0517908248746333,0.407953550853378,-0.126952749317403,0.898977796438295,0.941274476409553,"MEMO1"
51.6493311343666,-0.414404558637196,0.137128032906158,-3.0220265678338,0.00251088509551542,0.013765036449883,"DPY30"
2.90596933939822,0.778653353378354,0.477022749371405,1.63231911770334,0.102612277923255,0.215503643056769,"SPAST"
3.08690204047705,0.723882006544222,0.396017553072299,1.82790384145439,0.0675639844388788,0.15875051298274,"SLC30A6"
17.2791890694361,0.241371953309431,0.190523373202271,1.26688893468822,0.205195005843594,0.354355833023749,"YIPF4"
13.4378135357903,0.928246743865423,0.307978233805482,3.0140011272735,0.00257826847958077,0.0139729985346786,"BIRC6"
3.15805380328912,0.36179518536606,0.356000712924936,1.01627657538524,0.309497700119838,0.474068409492446,"TTC27"
1.48095404457213,-0.0750191125047565,0.520058049888035,-0.144251420626808,0.885301937720053,0.933680927931781,"LTBP1"
5.43004751667885,1.41128591256501,0.352837637405685,3.99981680792841,6.3391534907965e-05,0.00083547581201517,"FAM98A"
1.35792193704838,-0.936119972427482,0.469345022453276,-1.99452412967834,0.0460948056868817,0.119517523613056,"RP11-490M8.1"
10.2050033560259,0.986045743148521,0.347994606489849,2.8335086945587,0.00460400555019435,0.021672952004816,"CRIM1"
12.6435945534021,0.0557176413456747,0.203335268390917,0.274018579199729,0.784070343787968,0.869833016736077,"FEZ2"
7.3941204468174,1.43652188674805,0.35982248516701,3.99230716802286,6.54335373359637e-05,0.000856154476468152,"STRN"
1.92456354542406,0.810658567291366,0.397752122037338,2.03809991795661,0.0415399413766621,0.110542456101581,"HEATR5B"
3.60006538505147,1.73809285182288,0.393631135032151,4.41553702727532,1.00759530072722e-05,0.000204532429269114,"GPATCH11"
15.7063640680226,1.24979608498139,0.236075250665786,5.29405806604748,1.19631419332279e-07,7.258084994126e-06,"EIF2AK2"
14.0614274729258,0.371051978920337,0.194578286362164,1.90695470629085,0.0565264530379162,0.139592093915613,"CEBPZ-AS1"
24.5039550589272,1.01006233445371,0.215280241884354,4.69184875310713,2.70747258444643e-06,7.36921109450832e-05,"CEBPZ"
4.32703974479638,0.268994449017142,0.319890358707403,0.840895768487933,0.400406329194063,0.56561039737871,"NDUFAF7"
5.4818261505177,1.14025618520107,0.299992028422238,3.80095494936341,0.000144139509341958,0.00154832351281272,"PRKD3"
4.98021933917679,-1.2256954293353,0.387529992245782,-3.16284017717505,0.00156238079643612,0.00959992516374034,"QPCT"
1.83660047518732,0.790571129168673,0.520621115650569,1.51851529913606,0.128884545657969,0.254580968687803,"CDC42EP3"
5.90691322431683,-0.111705932999696,0.243194957275461,-0.45932668280276,0.645999589325986,0.771927523735651,"RMDN2"
4.54528485679886,0.908587897695826,0.348341556520255,2.6083247338392,0.00909865926930695,0.0357494354792596,"ATL2"
6.9646733065585,-0.0291886842602681,0.278718795348954,-0.10472449202331,0.916594426997373,0.950918559150886,"HNRNPLL"
28.2336332146211,-0.0837923620382773,0.156199598770317,-0.536444156693959,0.591651620666913,0.732232091218539,"GALM"
116.371891422521,0.0498715153997679,0.126086275992691,0.395534843162937,0.692448212428276,0.807377610541859,"SRSF7"
8.46932626535512,-0.00285182719415233,0.230537011782297,-0.0123703659213098,0.990130127744982,0.994025177020953,"GEMIN6"
3.63587292112668,0.410251214824946,0.337885640369692,1.21417179604341,0.224682128180299,0.377249213363954,"DHX57"
10.6762134252726,0.25030313008096,0.202375589489521,1.23682471147994,0.216152165789217,0.367434254643808,"MORN2"
5.66644732517326,1.30386265658699,0.324429795155749,4.01893622612882,5.84614905967562e-05,0.000785757163218778,"SOS1"
3.28774771549541,1.65222386735808,0.40161437984487,4.11395594947641,3.88935686278518e-05,0.000569250883151577,"MAP4K3"
5.12066022912807,0.318729276097188,0.295579589156971,1.07831963974997,0.280891135395222,0.442162303289189,"AC007246.3"
4.98833121482412,0.0244279994522153,0.274981907988577,0.0888349332903388,0.929213094680437,0.958880103404556,"THUMPD2"
19.1451881412219,-0.101226250352566,0.27805826206023,-0.364046907301174,0.715822982161708,0.824810353981554,"PKDCC"
32.4618232397107,0.536339981439756,0.200475134634762,2.67534416383804,0.00746525703522921,0.0309792477656053,"EML4"
102.610104250994,-0.556631379357515,0.150570950734757,-3.69680457379901,0.000218330281840337,0.00212461188242478,"COX7A2L"
9.57725760460143,-0.278834091612302,0.189983983549927,-1.46767157105654,0.1421934565572,0.273652478860747,"MTA3"
5.32909200006578,-0.310477399920616,0.317030170750764,-0.979330765855406,0.32741657365984,0.49344213016179,"HAAO"
3.23147440964611,0.410301777791297,0.357599735393706,1.14737718510772,0.251225766265424,0.409164940258324,"THADA"
138.585389037303,0.430447359018991,0.179785388353424,2.39422882449608,0.0166553543406506,0.0562421415718473,"ZFP36L2"
6.08969792324647,0.105018216999286,0.251576166924865,0.417441040949836,0.676355841030656,0.795215332287653,"DYNC2LI1"
37.6140018993875,0.637960419220857,0.202892107664827,3.14433334328979,0.00166465698775473,0.0100657989348643,"LRPPRC"
12.342182102168,0.42054675693628,0.236045189335168,1.78163663542887,0.0748085061069994,0.171143959621237,"PPM1B"
5.19780772092564,-0.305598870236846,0.387108886807198,-0.789439045838932,0.429855442380076,0.591964253645401,"SLC3A1"
6.63922419516448,0.900112260119627,0.284989685006226,3.15840294395204,0.00158636122475167,0.00970038451621799,"PREPL"
4.02183388965029,-0.48361055140172,0.276354001198026,-1.74996761148822,0.0801239026739373,0.179746838686827,"CAMKMT"
3.59279829914767,1.06343694880553,0.346694164357848,3.06736327903079,0.00215956226585896,0.012291848116996,"SRBD1"
4.87278790741696,1.08416621002704,0.481151068597036,2.25327611385818,0.0242417448569541,0.0740549505334801,"PRKCE"
3.81278439525779,0.500907905842363,0.340955160877364,1.46913132082647,0.14179717393214,0.273034983848056,"EPAS1"
1.029408844881,2.05809502810435,0.5679556488965,3.62368968792386,0.000290430026487217,0.0026262032370118,"RHOQ"
19.963990731345,-0.195988054573485,0.159315403603896,-1.23018898449247,0.218626343895398,0.370224791860508,"PIGF"
17.126432626282,-0.212457994844535,0.222209821230883,-0.956114332245401,0.339014474595181,0.505547853175199,"CRIPT"
1.80032058884399,1.50897055445109,0.460954898588212,3.27357526533004,0.00106196104441013,0.00711989604933916,"SOCS5"
10.7482038476774,0.387668993768411,0.198857008822259,1.94948619646047,0.0512373896713266,0.129548582995886,"MCFD2"
2.30902806198815,0.206029569164649,0.382338332184467,0.53886715461542,0.589978522235721,0.731044905577693,"TTC7A"
313.250193521732,-0.319588911932159,0.148076427327658,-2.15827000758861,0.0309068451722617,0.0891429386604029,"CALM2"
2.00551648490799,-1.078560220858,0.495571577949669,-2.17639644573714,0.0295256293393732,0.0860108193738178,"AC073283.4"
5.45777845551952,0.513105792397862,0.750965752270639,0.683261241736288,0.494441780548529,0.648350366669527,"BCYRN1"
655.389883216397,-0.319006883563267,0.135400113257127,-2.35603114273227,0.0184713690447017,0.0607323850516079,"EPCAM"
17.8862764127407,-0.0338032697553852,0.340152404947042,-0.0993768359822357,0.920839073917929,0.953528931011337,"MSH2"
14.1133432978966,0.984570629674394,0.23355729643653,4.21554215901774,2.49178834580148e-05,0.000403290930482923,"MSH6"
8.04491219448968,0.710408825071641,0.365593694311627,1.94316487435393,0.0519962406385588,0.130949668550758,"FBXO11"
3.34528917307396,0.949230592782575,0.345891389325078,2.74430246625903,0.00606396370174792,0.0265916756744854,"FOXN2"
3.33072263761837,0.080247443544181,0.33883459438451,0.236833678951672,0.81278582269151,0.890073009421176,"PPP1R21"
1.28691747815298,-0.135904274167984,0.515769728426319,-0.263497965618584,0.792166791367027,0.875171043158282,"GPR75-ASB3"
6.27419365855003,0.03101096289041,0.256112489393254,0.121083368342859,0.903625002383797,0.9434996905844,"CHAC2"
21.0133454552132,0.618804325567517,0.190897885544419,3.24154625287104,0.00118883140666226,0.00778222367471496,"ERLEC1"
6.26336901558246,0.975092754241813,0.294828435898135,3.3073226172075,0.00094192344564172,0.00650718105576913,"PSME4"
6.94639369783681,-0.27445619706944,0.283895738200386,-0.966749972399083,0.333669038989283,0.499543382842413,"ACYP2"
37.7979099472447,1.02818090883355,0.196892094339518,5.22205278115719,1.76950513768198e-07,9.8045029567481e-06,"SPTBN1"
70.9158186446897,0.302004633240687,0.129001886603337,2.34108694990881,0.0192276885654989,0.0626312830897774,"RTN4"
0.994505342279616,0.459481201687024,0.64851950241164,0.708507916844995,0.478629897572157,0.635650562980979,"CLHC1"
2113.98357397832,0.00602225830424015,0.145074377506161,0.0415115226255884,0.966888107046209,0.981007190824423,"RPS27A"
14.715261329058,0.644296044637491,0.187662193726539,3.43327567392908,0.000596335440092859,0.00455369544471952,"MTIF2"
8.44499168786628,0.165107633264367,0.236923478136695,0.696881687551059,0.48587683890974,0.641300737792875,"CCDC104"
17.6703023948656,1.10625157053745,0.258884964329354,4.27313951354115,1.92739776233254e-05,0.000335954279436284,"SMEK2"
1.26719931212593,-0.280557315664887,0.473356605592907,-0.592697582224446,0.55338355980233,0.698970162764981,"RP11-554J4.1"
7.58825175418552,0.497067863112622,0.248891492710156,1.99712677078713,0.0458114134610875,0.11917135923547,"PNPT1"
4.17465234414886,0.481822976531194,0.299788241845127,1.60721105526249,0.108008077709037,0.223337342711375,"VRK2"
11.1968448755822,-0.255101731034436,0.231968686257266,-1.09972486006803,0.271452019700447,0.431559988897137,"FANCL"
8.527379780947,0.410949242403048,0.286681761192499,1.43346838910728,0.151724026383371,0.286461080227257,"BCL11A"
2.4672826786771,1.18634938357547,0.465030384338175,2.55112229981245,0.010737663890607,0.0406451829390002,"PAPOLG"
17.5966077452565,0.838376328976914,0.306596487838326,2.73446162050952,0.00624823789680257,0.0271423454237104,"REL"
7.76607936383159,-0.0696307252434821,0.233383524551939,-0.298353216565575,0.765433591663615,0.859006800192917,"PEX13"
5.1380024274569,0.803435549812616,0.26413071225155,3.04181040880793,0.00235159960041386,0.0131302682059098,"KIAA1841"
6.61798031130544,0.919843704995884,0.24362012042852,3.77572962109167,0.000159539976234683,0.00166596552106602,"AHSA2"
13.4090046763943,0.809668589477124,0.27784644818649,2.91408652067302,0.00356731023499941,0.0178777061154101,"USP34"
25.5781596069313,0.782583063621747,0.273178010819196,2.86473666483977,0.00417356154216733,0.0202252915430331,"XPO1"
3.42726799343245,0.989274814520845,0.367936237782623,2.68871264348066,0.00717281352069984,0.0299617405725204,"FAM161A"
49.077055206718,0.0130087689259651,0.118875006984178,0.109432329435712,0.912859592538893,0.948312146065848,"CCT4"
25.8159383678757,-0.552858780101081,0.15544768708272,-3.55655841831138,0.000375744955589919,0.00323856366484644,"COMMD1"
2.65223237728944,0.754880522458602,0.438884307169673,1.7199988929355,0.085432642818345,0.18884561388301,"B3GNT2"
5.0017165210798,0.752723219357622,0.342124126836264,2.20014655592491,0.0277964986796049,0.0823101487950765,"EHBP1"
19.7469482949406,-6.39958879638713,0.808365489623237,-7.91670213354834,2.43893093250646e-15,6.62169748175505e-12,"AC009501.4"
94.8568270748015,-0.660010050649042,0.164208728779662,-4.01933597290467,5.83623967032136e-05,0.000785397308794175,"MDH1"
52.4596863549863,0.149345114633711,0.149732148194086,0.997415160571442,0.318563035501658,0.484537053998321,"UGP2"
3.62339820655269,0.59996927017939,0.361670426757656,1.65888396117444,0.0971391771726972,0.207622803403954,"VPS54"
8.4423466332963,0.382702588232616,0.305041552391316,1.25459166212764,0.209627031800953,0.359758148760802,"PELI1"
5.43191174834581,0.655668008894392,0.30300637325105,2.16387530684429,0.0304739205361784,0.0881819283301086,"LGALSL"
9.76502543311395,0.632854630938073,0.303178496036755,2.08739946668695,0.0368520401482495,0.101576943149744,"AFTPH"
4.37606685758038,0.900927009899563,0.291479352124914,3.09087763277815,0.0019956585849328,0.0115465382164998,"SERTAD2"
5.17477978527184,0.460570109296181,0.261187728547571,1.76336810254198,0.0778384259687443,0.176109438754284,"SLC1A4"
5.52537270782304,-0.00937015692818859,0.23201345096806,-0.040386265921619,0.967785179523661,0.981156371324399,"CEP68"
49.6510604889928,-0.090433853512746,0.150021370668826,-0.602806474234793,0.54663743928965,0.694487902513523,"RAB1A"
52.2648929008412,0.801177722943055,0.221334857668882,3.61975393926258,0.000294883295428522,0.0026620387268111,"ACTR2"
4.27040130031109,0.454752530562675,0.309723832855625,1.46825165622516,0.142035877394994,0.273446131627305,"SPRED2"
2.1832720138931,0.761333724597349,0.399296594139123,1.90668724895781,0.0565610991524889,0.139634811729036,"ETAA1"
12.5036138893803,0.318300872286852,0.250409406023407,1.27112186934823,0.203685296305527,0.352794628050721,"C1D"
3.96105897020072,0.254965225144585,0.290541295169915,0.877552449112183,0.380186643861115,0.545852320509215,"WDR92"
9.19895790739233,0.647489058407099,0.243739450503593,2.65648034025396,0.00789610548157146,0.0322496071943836,"PNO1"
6.90839362021355,0.924727366934497,0.463918376626011,1.99329755734157,0.0462288737290058,0.119791354974231,"PPP3R1"
51.5969545317837,0.763374139332818,0.235223253685976,3.24531749038693,0.00117319741313279,0.00770806989560476,"GFPT1"
18.8033779681123,-0.155168356407334,0.197588950943876,-0.785308873123217,0.432272494649145,0.594274007417633,"NFU1"
2.95557464555756,2.71740459713377,0.561917572774911,4.83594877397132,1.32512046970438e-06,4.1955709332331e-05,"AAK1"
45.21405570069,0.21600806069711,0.164237363333175,1.31521875603246,0.188436393361154,0.333891210948301,"ANXA4"
12.9353591647422,0.402508060672174,0.228398839489811,1.7623034406448,0.0780180428829261,0.176319054872887,"GMCL1"
10.2075034558666,0.41969438629495,0.231884954407372,1.8099250439407,0.0703074118262704,0.163184118921414,"SNRNP27"
7.30371049363112,1.15145195480034,0.52781362133632,2.18155028262644,0.0291427395935702,0.0852383926706632,"MXD1"
2.39346674635238,0.120345550388532,0.436314075054058,0.275823213756333,0.782683853083376,0.869168790129259,"PCBP1-AS1"
89.4995344731179,-0.008234554659082,0.182404803499057,-0.045144395877297,0.963992214681261,0.979505562447464,"PCBP1"
13.2616603196252,0.405408523457966,0.278249230646013,1.45699782355813,0.14511698100128,0.277752980908336,"TIA1"
10.0672714018773,1.02133473140449,0.234205032162047,4.36085733075892,1.29553822434949e-05,0.000245792867582358,"PCYOX1"
173.300874914098,-0.00902955940167073,0.167657531809455,-0.0538571652834119,0.957048964256026,0.975004854767396,"SNRPG"
33.1346737220841,0.241086746297058,0.14028856606886,1.71850602691827,0.085704356092556,0.18929211046678,"FAM136A"
1.76681895616399,-0.205053496759742,0.401890801829803,-0.510221920546916,0.609895996663659,0.745069354688457,"TGFA"
8.61950414365428,0.494307882968867,0.217270992003387,2.27507537205501,0.0229014087699006,0.0709989435458523,"TEX261"
14.9088764918273,-0.329944799589348,0.216807107154283,-1.52183571802632,0.128050249298062,0.253440077889002,"NAGK"
10.3595161574892,-0.40757624593384,0.208778052520845,-1.95219871539489,0.0509146166545135,0.129099401556856,"MCEE"
14.8322087528463,0.507252099171315,0.20367442336015,2.49050465347021,0.0127561825328991,0.0461927783618819,"MPHOSPH10"
4.93129890033134,-0.0105444194404102,0.282071944570278,-0.0373820213012466,0.970180407574017,0.982257514786659,"PAIP2B"
15.1994342826741,1.23506139928118,0.221442929985974,5.577334979082,2.44231285586073e-08,1.96470500849241e-06,"ZNF638"
1.42024180521691,0.736737423514761,0.449585773887509,1.63870270436782,0.101275190566802,0.213604305604093,"EXOC6B"
20.4252155243412,-0.408364887228879,0.146066493003388,-2.79574650443211,0.00517799971182213,0.0237070307210743,"SPR"
6.13039019315183,-0.404516008771914,0.263672800860144,-1.53415903139162,0.124990533703626,0.249063705691996,"SFXN5"
2.25669092315848,-0.0193312402812978,0.456054232381426,-0.0423880295559452,0.966189370804281,0.980836885712338,"RAB11FIP5"
3.39006300995224,-0.0938231234922775,0.422669932370314,-0.221977283707222,0.824331567177566,0.896748554497482,"SMYD5"
29.6697975055676,-0.454245467833496,0.194486581353078,-2.33561341185201,0.0195113989479983,0.0632149356882273,"PRADC1"
61.6014425687699,-0.36644280722267,0.120934912362834,-3.03008287733531,0.00244486640002832,0.0134682689043159,"CCT7"
3.93447786694696,0.538605996190102,0.339693627565179,1.58556402735803,0.112838241866527,0.230653396211403,"ALMS1"
39.9476751564696,0.0727072492203952,0.13821998418399,0.526025593546674,0.59887042466373,0.736549582315755,"TPRKB"
8.27375017848704,-0.540684067689406,0.21373924852891,-2.52964334538807,0.011417852347717,0.0425472353766047,"DUSP11"
14.48782343226,0.233132997257114,0.187086666861507,1.24612299298535,0.2127192446837,0.363088798404287,"STAMBP"
49.6065562660325,-0.504384887520572,0.131523144215155,-3.83495156331924,0.000125589041387491,0.00139173162190628,"DGUOK"
9.00555315024343,-0.523729741872368,0.254273288326526,-2.05971199459936,0.0394260820589806,0.106259575258339,"DGUOK-AS1"
4.49024495334386,-0.0300524255274024,0.470217720742708,-0.0639117247217623,0.949040516389298,0.970486442134883,"TET3"
78.3217661781838,0.0155657569558057,0.126689446989241,0.122865458218692,0.902213638681978,0.942663086019461,"BOLA3"
28.1263201779921,0.455775945177631,0.185278491900101,2.45995064242739,0.0138956124509228,0.0492674995811365,"MOB1A"
17.6600190046722,0.319128476149711,0.200581725855402,1.59101470878643,0.111606265591671,0.228769226439413,"MTHFD2"
9.88920268342538,0.467519237637354,0.20894719392869,2.23749947939913,0.0252537133109355,0.076394241380713,"DCTN1"
1.91673839482574,0.271378982020146,0.430008203209046,0.631101871998977,0.527973917207603,0.678346492600275,"WDR54"
10.4626470448737,-0.183738218643416,0.206553832235819,-0.889541562383819,0.373712096570571,0.539983151777062,"RTKN"
3.08584010135278,0.411110616773956,0.353357065181674,1.16344247018972,0.244650026704296,0.401162507928229,"INO80B"
8.32009169143623,-0.0533980286206899,0.232189633028658,-0.229975937875311,0.818110467414256,0.892753182889753,"MOGS"
3.76822023110855,-1.62182099069256,0.393808908677473,-4.11829431725938,3.81687026051356e-05,0.000561382075245381,"MRPL53"
1.85920746819843,0.146872003218393,0.423396097626173,0.346890309197111,0.728673727280812,0.832925537808208,"CCDC142"
2.78244316143002,0.30626837498314,0.372294853640938,0.82265003662533,0.410707035582554,0.574630804265808,"TTC31"
4.37602432435689,-0.662675231128113,0.307032711877315,-2.15832126510646,0.0309028625083582,0.0891429386604029,"PCGF1"
5.237985794372,0.409240016275876,0.327712716026734,1.24877673725206,0.211746744679203,0.361795098680954,"DQX1"
45.266722159589,-0.217872762285747,0.146199865139386,-1.49023914678737,0.136161366630495,0.265144780636037,"AUP1"
11.3617874801394,-0.616117423602011,0.174635352677667,-3.52802232855571,0.000418676838425096,0.00353838946715684,"HTRA2"
3.70153141585755,-0.0505525086683695,0.323601327206662,-0.156218483727309,0.875860807695665,0.928256891926898,"DOK1"
9.50484124614812,1.24260234059422,0.347870784351997,3.57202270638767,0.000354234689566625,0.00307513087825223,"HK2"
56.4530592382679,-0.482169995607846,0.156269808911709,-3.08549680175439,0.00203212409587937,0.0116952133975888,"POLE4"
21.2607335933679,0.0697080340731186,0.192141197972285,0.36279587516246,0.716757373402157,0.82522425322201,"MRPL19"
5.44610414682179,0.0359492406241936,0.281601595683735,0.127659932241889,0.89841810001222,0.941089179664437,"GCFC2"
2.34444401939831,3.96757948802158,2.93110789099217,1.35361086509803,0.17586055871315,0.317883766249137,"REG1B"
687.077711478811,2.89208056338243,1.43538277439475,2.01484970766903,0.0439203989095064,0.115548212344185,"REG1A"
2.73207207654269,4.64731036607068,1.76172242718746,2.6379356329646,0.00834124126864206,0.0335751965075807,"REG3A"
189.778074277602,-0.488260287587545,0.133568889210882,-3.65549410848709,0.000256687103707875,0.00239486421500647,"SUCLG1"
47.8031814145335,-0.192389433412466,0.152174851693305,-1.26426562123556,0.206134704617812,0.355336967007847,"TRABD2A"
3185.31470965097,-0.342238639013551,0.141556991028583,-2.41767387485967,0.0156200693243889,0.0536137651273274,"TMSB10"
14.1671197539642,0.617942106000239,0.187779068398911,3.29079333106236,0.000999052819164323,0.00681086856002797,"KCMF1"
38.578823993375,0.445459430314772,0.176111357160115,2.52941909879085,0.0114251510085492,0.0425472353766047,"TGOLN2"
14.9566935192665,0.0729429726782165,0.248585260805871,0.293432412049483,0.769191653985514,0.861689531666705,"RETSAT"
3.57641712704346,-0.0554467342757091,0.34870334415042,-0.15900832385419,0.873662315784055,0.927730183108648,"ELMOD3"
30.3186911700737,-0.550827782593573,0.251130156003445,-2.19339561349222,0.0282788880965702,0.0833176138710669,"CAPG"
0.359029562867236,0.417200255892823,1.1154393281876,0.374023261821604,0.708387009722887,0.818761486333605,"SH2D6"
32.0445706199106,0.572355882782131,0.211690612402638,2.70373766831711,0.00685643954325329,0.0290660176429508,"MAT2A"
10.2630205228734,0.308440151447552,0.243202060076234,1.26824645873011,0.204709950728843,0.353981505120553,"GGCX"
116.706768253242,-0.496312044394793,0.121421008987307,-4.08753022672277,4.35989884945841e-05,0.000622187930422054,"VAMP8"
1.3976237780356,0.885288832810584,0.650039851210614,1.36189932226747,0.173229660117994,0.314384042259595,"VAMP5"
48.9681086698972,-0.536592661957833,0.165344244083009,-3.24530596715809,0.00117324489294978,0.00770806989560476,"RNF181"
1.88041236450468,0.264372745441577,0.415822516181403,0.635782660038169,0.524918090913485,0.675988434402993,"TMEM150A"
10.2759295595973,-0.0343877971245735,0.195124946272319,-0.176234755122399,0.860109517439033,0.919077375842074,"USP39"
6.98232242268618,0.452697406504135,0.289873136456321,1.56170872554225,0.118356622314407,0.239358085350923,"C2orf68"
4.81129716777398,0.598698645380427,0.329156936883304,1.81888509186329,0.0689289627425978,0.160844120194373,"POLR1A"
18.9984011517225,0.248637495611058,0.16762807313312,1.48326882820877,0.138003000810779,0.267531700964844,"PTCD3"
35.0673611333828,-0.0526857868139314,0.148625940842014,-0.354485808570491,0.722974837582987,0.829618209652498,"IMMT"
29.2936804583335,0.515054278429847,0.149906281839355,3.43584186139577,0.000590715667237513,0.00452091060338224,"MRPL35"
4.19320852527766,1.3216514319685,0.468197581449636,2.82284976329095,0.00475988708683908,0.0222428458533014,"KDM3A"
47.6847485478759,0.390510159334822,0.154311311220105,2.53066451348994,0.0113846682134665,0.0424725169351586,"CHMP3"
7.12748104741829,0.565162964809738,0.316473740266107,1.78581314308897,0.0741295179531067,0.170056308612323,"RNF103"
9.92555314718506,0.128718545271441,0.257691598489661,0.499506177251663,0.617422836103371,0.74952067964259,"RMND5A"
26.9490112309202,-0.365629044346889,0.161463098599027,-2.26447434441278,0.0235449559600287,0.0724973693580695,"KRCC1"
817.77036338823,-0.182010966163329,0.350030638029231,-0.519985813779335,0.603073462713774,0.740126319931245,"FABP1"
2.63888051748016,-0.148689437423998,0.387485766818888,-0.383728771884145,0.701179485295158,0.813895811276766,"THNSL2"
3.30608697459888,1.43010137659221,0.452637700670177,3.15948356593982,0.00158049013708451,0.0096753793059401,"EIF2AK3"
31.7419594856695,-0.547025009443237,0.18697917646892,-2.92559321189525,0.00343800164326657,0.0173659059748256,"RPIA"
36.6217444906967,-0.151860480439292,0.139953080509908,-1.08508137074225,0.277885617489735,0.438850319648215,"MRPS5"
3.89421136340806,-0.301715589515473,0.306653404173802,-0.983897734083099,0.325165797931231,0.491345563591647,"ZNF514"
11.182359632399,0.193678735578198,0.291230903092693,0.665034972324192,0.506028124847723,0.659403100053549,"PROM2"
10.061925585154,-0.303872276541368,0.20276277512427,-1.49865909240555,0.133962094238476,0.26194244570217,"FAHD2A"
2.05393603112603,0.0510732780698538,0.492388238746669,0.103725625534551,0.917387090105803,0.951479860740575,"LINC00342"
5.51375544243016,2.10157234460373,0.314309740604087,6.68630994561169,2.28868037952651e-11,1.04932137888032e-08,"ANKRD36C"
1.33959896091378,0.985443059322729,0.769150882783981,1.28120903372803,0.200120253914662,0.348154602950083,"GPAT2"
13.2193437095465,0.217303142409423,0.496391036760153,0.437766047968388,0.661555885337259,0.784419359620333,"DUSP2"
34.4489283695245,0.178290080949794,0.172524730826946,1.03341752857815,0.301408546969543,0.464512581073741,"STARD7"
5.36316679110107,0.358917017875745,0.283610908387282,1.26552613902153,0.205682784357031,0.354877730954755,"TMEM127"
13.8079558193376,0.302053673380826,0.182210280829,1.65772025599531,0.0973739433710103,0.208042696244181,"CIAO1"
26.3327459147782,-0.0552761443446288,0.167212313138062,-0.330574604867699,0.740965831088253,0.841671405040362,"SNRNP200"
9.8186015641499,0.219739972679793,0.359539376280543,0.61117081236836,0.541086504146953,0.689747827220391,"NCAPH"
1.88929121154232,1.14765962599575,0.424972190504422,2.70055229880698,0.00692244524526578,0.0292634314377526,"ARID5A"
5.9867784318479,0.13721488697396,0.290270279568293,0.47271421372534,0.63641708453823,0.76456535391326,"KANSL3"
3.07426452553091,0.0998281199038601,0.331643286246519,0.301010525597238,0.763406468279071,0.857528535040708,"LMAN2L"
7.11753064527762,0.338678629733422,0.269727352421878,1.25563324109488,0.209248973613523,0.359166090318138,"CNNM4"
7.3522069255166,0.884938032518598,0.373104208808939,2.37182538182453,0.0177004537838364,0.058629576888974,"CNNM3"
10.0627561082199,-0.334403770405043,0.2013186877902,-1.66106671007877,0.0967000494700722,0.206887812696017,"ANKRD39"
3.67728626252854,-0.607969511663377,0.348001350144895,-1.747032048612,0.0806317790443977,0.180548684623126,"FAHD2B"
10.4120054836126,1.57177290919528,0.306945525004896,5.12069009369075,3.04419573739279e-07,1.47589132625382e-05,"ANKRD36"
5.19380791005598,-0.265505784600147,0.338589002290434,-0.784153598622798,0.432949988398815,0.594943296724172,"AC159540.1"
712.010833444519,-0.345091388950818,0.116717679357773,-2.95663339821051,0.00311017662923305,0.0160840562826052,"COX5B"
14.3003301398171,-0.665814865088381,0.178432858616474,-3.73145882575076,0.000190374128796671,0.00191239426948693,"ACTR1B"
13.7937568854941,1.45155203963533,0.271500276332956,5.34641091066592,8.97154078093335e-08,5.83418759766085e-06,"TMEM131"
1.66483379492604,0.252629478698497,0.412311762858901,0.612714701484156,0.540064999944589,0.688877836433901,"INPP4A"
15.0480758742558,-0.0954976233978739,0.184976047540302,-0.516270212645057,0.605665697577298,0.742133529920959,"COA5"
13.3207591915219,-0.661516545443723,0.183554186212995,-3.6039305836158,0.000313440802068379,0.00279242584943609,"UNC50"
19.0724870968262,0.447257401905845,0.199952444322206,2.23681887671815,0.0252981802882947,0.0764861464172831,"MGAT4A"
2.77725110251419,0.821757658945105,0.386661422101142,2.12526415094535,0.0335645778067162,0.0948754073349656,"KIAA1211L"
3.18604218760212,0.869964820947361,0.380454258896742,2.28664760770486,0.0222164000574041,0.0696507230437091,"TSGA10"
1.1731502589054,0.137228207415004,0.507024061756312,0.270654230766979,0.78665698179482,0.871312294793843,"C2ORF15"
3.11586743578284,0.115745204091703,0.319132880052744,0.362686552612734,0.716839046178961,0.82522425322201,"LIPT1"
13.2059991502507,-0.0145849091259831,0.183760875213409,-0.0793689576687371,0.936739158919397,0.963720160266088,"MITD1"
15.7630491404164,-0.113328592494353,0.205567351915527,-0.551296650165161,0.581430334463534,0.723871768001144,"TXNDC9"
72.519093044179,0.59195602436234,0.154086333585255,3.84171659217794,0.000122176857936708,0.00136225942216905,"EIF5B"
9.06824413135564,0.995538585594336,0.231754939661485,4.29565206700007,1.74180588965209e-05,0.000309621456294539,"REV1"
18.2107819031294,-0.295749390045778,0.224771576612372,-1.31577753069646,0.188248722955918,0.333667558560677,"PDCL3"
2.9970479171503,0.240046331579898,0.422065235984215,0.568742249098374,0.569531071551935,0.713062881836986,"NPAS2"
1276.42885318461,-1.09280140717127,0.231094098300276,-4.72881573008118,2.25833228250312e-06,6.32100221339791e-05,"RPL31"
12.8898141946444,0.103379726589154,0.235919019187325,0.438200052481008,0.661241270548813,0.784217560135428,"CNOT11"
13.9721302258205,-0.0621806358734279,0.259901740397099,-0.239246708307622,0.810914286092936,0.88874309363327,"RNF149"
5.75961919292842,0.391030717691406,0.311077848742883,1.2570188435841,0.208746812271961,0.358592451317732,"MAP4K4"
13.2083645409933,-0.282111845254648,0.286958384554855,-0.983110654502304,0.325552981051033,0.491725364981115,"IL1R2"
15.2524204274132,0.921638421022218,0.291349831930915,3.16333946346932,0.00155970346704346,0.00959443036387996,"SLC9A2"
4.888840218851,0.16465153271362,0.35198238309477,0.467783447756499,0.639939458636015,0.766825832592642,"MFSD9"
27.3219679228012,-0.298905472439216,0.149130818477022,-2.00431725307853,0.0450360868622328,0.117626720376106,"MRPS9"
2.98146987493858,0.382756642014849,0.343836781094964,1.11319283758981,0.265625618136443,0.425282944561664,"TGFBRAP1"
2.42739916890947,-0.0825205411453342,0.480150636192988,-0.17186385880819,0.863544560251216,0.921498862565412,"RP11-332H14.2"
6.26950810286734,1.54089001975374,0.304842905112975,5.05470192649781,4.31063469240107e-07,1.86014454140524e-05,"C2orf49"
13.0935915308909,0.248924286653412,0.249134622778677,0.999155733061429,0.317719256102026,0.483660095495936,"FHL2"
8.48341477341877,0.398949490320456,0.251037631136951,1.58920193962002,0.112014808724315,0.229427126656915,"NCK2"
8.62183335842851,-0.122341401988136,0.197936447764518,-0.618084255678285,0.536519800110488,0.685967156722381,"UXS1"
0.895044154354013,0.482504653525952,0.593382461808243,0.813142761340791,0.416136212086877,0.579835676579867,"SULT1C2"
24.2724177068432,1.47299362507914,0.237429526760045,6.20391930683416,5.50740324678724e-10,1.12645308218675e-07,"GCC2"
15.3339698304319,0.617223409658887,0.18780987165836,3.28642687526916,0.00101467114826456,0.00688277868216933,"LIMS1"
14.1675901830348,1.05969439143256,0.237551384733662,4.46090597459858,8.16138944486713e-06,0.000172102309458752,"RANBP2"
2.52818894356861,0.870473090943433,0.351379295889319,2.47730330479581,0.0132379352627759,0.0474468570804444,"CCDC138"
11.608407342425,0.72768386738272,0.244367133228006,2.97783035619506,0.00290296612570703,0.0152447834261017,"SEPT10"
9.65637451623137,0.424875416241458,0.340039821005836,1.24948723647918,0.211486918943611,0.361521791236836,"SOWAHC"
6.15936560951084,1.62346315333937,0.549848215263728,2.95256601416937,0.00315144678399234,0.0162279336529904,"MALL"
1.03017392906784,-0.059981428491014,0.508015751649181,-0.11807001711324,0.906012180124268,0.944512392854532,"NPHP1"
44.9456006614123,-0.111505827313772,0.148821336276274,-0.749259683482284,0.453700702549124,0.613818577457008,"LINC00116"
6.20347698705293,-1.85080259366552,0.35002141523917,-5.28768387614473,1.23874816193765e-07,7.43248897162593e-06,"LINC01106"
2.9890398910913,0.72294993459567,0.385446487416464,1.87561687081751,0.0607079081031051,0.147092079919844,"BUB1"
4.57236765785007,0.871360945966019,0.327231936779053,2.66282366734382,0.00774880079681979,0.0318059667531905,"BCL2L11"
0.502832932350123,0.415564413850242,0.768133723694174,0.541005297686546,0.588503931215648,0.72989566299187,"MIR4435-1HG"
9.22326913640749,0.169689344259214,0.204194031416925,0.831020099273816,0.405962274978748,0.570915199753628,"ANAPC1"
12.5893115932759,0.996073610671872,0.207294335072504,4.80511737247176,1.54660747506944e-06,4.69096657257184e-05,"TMEM87B"
9.00002282200084,0.915245451768108,0.229328533713725,3.99097939077492,6.58009988425936e-05,0.000859926410867107,"ZC3H8"
5.95533957544667,0.091218351464854,0.404525985341896,0.225494417590401,0.821594667671672,0.89532648434893,"ZC3H6"
4.03049348182693,0.191639567191013,0.304749749555454,0.628842410766744,0.52945223152164,0.679747529698947,"TTL"
4.09282901147914,0.357685634614108,0.379190282624179,0.943287977051393,0.345533623863787,0.512146192870305,"POLR1B"
39.3873647091107,-0.271487255318301,0.174875414272131,-1.55246097027584,0.120551964570662,0.242668088088487,"CHCHD5"
2.19546900639005,-0.458673911472377,0.401529229643609,-1.14231761378739,0.253322022388524,0.411669191219175,"AC079922.3"
15.448884135995,0.260425385284891,0.335155265342938,0.777029073430841,0.437141617596517,0.599111303268321,"SLC20A1"
3.73813747781299,0.757331769344764,0.360792184793123,2.09908030513193,0.0358098222658908,0.0996910202018904,"CKAP2L"
4.05113595927313,0.0597777138528921,0.303539085613212,0.196935803941455,0.843877774806363,0.909629045597727,"PSD4"
4.90425501894332,-1.0108176535719,0.292786482135983,-3.45240547376923,0.00055561211130687,0.00433013759318059,"CBWD2"
8.16812695042956,0.376751096920243,0.220864542861514,1.70580162863204,0.0880450198045269,0.192931580927595,"SLC35F5"
35.2203419576349,0.449030172818146,0.164453007870022,2.7304467010603,0.00632485594642585,0.0273875341220832,"ACTR3"
1.42945443124861,-0.353775762954177,0.520818125714064,-0.679269298604258,0.496967245589056,0.650876059707809,"DPP10"
6.73240059231438,-0.715035197550822,0.401781759837382,-1.77966067409388,0.0751315100386512,0.171629827307478,"DPP10-AS1"
53.0152588039301,0.540125151899908,0.187864092487624,2.87508456111958,0.00403919304698133,0.019670689009066,"DDX18"
6.70539936805833,0.430127635817226,0.245663037999414,1.75088462358856,0.0799657859386845,0.179575772393324,"CCDC93"
4.6317008510891,-0.227739392228193,0.311506431612561,-0.731090498033266,0.464723877801252,0.623313382530449,"INSIG2"
5.28575952083981,-0.106659115813519,0.297451517372247,-0.358576472413956,0.719911950147297,0.827590110998163,"STEAP3"
3.17120918636696,0.214613544925103,0.380508653476685,0.564017514356616,0.572742212631403,0.71589835083311,"C2orf76"
388.385440547457,0.0119221233067914,0.106690332855193,0.111745113055115,0.911025508264928,0.947753981551369,"DBI"
6.19999885414955,-0.0193852169880175,0.349606391466592,-0.0554486916177272,0.955781005174642,0.974261471390709,"TMEM37"
9.67206645968378,-0.387500455806614,0.209482844471179,-1.84979565646449,0.0643430071410882,0.153226836647102,"TMEM177"
4.3524780530025,0.918414959356218,0.283066775948574,3.24451697405516,0.00117650005235787,0.00771283417115233,"PTPN4"
3.98104154118707,0.281158484498528,0.360321875209582,0.780298127431179,0.435215414770556,0.597225095325783,"EPB41L5"
2.14889208436584,0.0959480977045411,0.413550317754378,0.232010697574964,0.816529705024463,0.891834717546583,"TMEM185B"
6.58667552127921,0.360606042797504,0.293290411161618,1.22951869230662,0.218877393899956,0.370539126695795,"RALB"
15.5803010300864,0.428249826714697,0.233780901758413,1.8318426505055,0.0669748668515975,0.15776247807821,"TFCP2L1"
3.41952232989776,0.397513646317801,0.404566780882079,0.98256620440042,0.325820984340792,0.491993310614711,"CLASP1"
2.77683981140752,0.574813334080924,0.344917594155346,1.66652366774319,0.0956091581836135,0.205241244885164,"NIFK-AS1"
30.5781306285861,0.716689622238791,0.17486902694096,4.09843661153763,4.15950114197283e-05,0.000603099898555741,"NIFK"
20.0229047944132,0.0401841650446685,0.173027547755053,0.232241429564473,0.816350501134277,0.891834717546583,"TSN"
16.339295479938,-0.491181496437295,0.182510353913823,-2.69125277500267,0.00711842364789518,0.0298479076510199,"BIN1"
4.82240390554866,0.209217886926318,0.329550451302746,0.634858444584915,0.525520741604109,0.676443671188885,"ERCC3"
8.91079272877684,1.34141654384613,0.344331287951908,3.89571494308551,9.79094881936386e-05,0.0011582756446437,"MAP3K2"
10.4904652641836,0.502811849821778,0.195599050280311,2.57062521060918,0.0101515122426626,0.0389559798428679,"IWS1"
10.639565740516,0.324966954626332,0.265560251048772,1.22370329649466,0.221064175652469,0.373310052493517,"MYO7B"
21.4944335844908,-0.19154345444747,0.159123827832245,-1.20373835306051,0.228690723449872,0.382352710848431,"WDR33"
3.80980225529549,0.256962306346015,0.332689180093405,0.772379511332081,0.43988968515796,0.601428426820946,"SFT2D3"
3.06822528975795,0.140148021550782,0.421056686112667,0.332848346014107,0.739248762099053,0.840565548779783,"RP5-935K16.1"
5.26374073826454,0.719975308568683,0.281444447583523,2.55814358659543,0.0105232631155987,0.0400429703697975,"POLR2D"
4.40146368784426,-0.0234820773026654,0.360876489818055,-0.0650695680245187,0.948118610264146,0.970001705837836,"AMMECR1L"
2.41081312188108,-0.86914255765597,0.469413614436594,-1.85154953100187,0.064090535968428,0.152804219674452,"RP11-395A13.2"
2.7701643017835,0.523480544094614,0.375248155516539,1.3950249625452,0.163008312121136,0.301168810758003,"SAP130"
11.0512342737211,0.885125054731258,0.261903964029049,3.37957868645732,0.000725970228946064,0.00531627558081878,"UGGT1"
2.99757316717889,0.00475945926433502,0.481360334829609,0.00988751860084143,0.992111030105539,0.995226841580099,"HS6ST1"
9.82872087202116,-0.192792232052924,0.21952617600416,-0.878219789376145,0.379824454677991,0.545476537662388,"SMPD4"
242.042078449333,-0.100944281134689,0.118700881445546,-0.850408858850787,0.395097812584056,0.560664085281961,"MZT2B"
20.0876666746163,-0.892888041206086,0.204164683582524,-4.3733716602616,1.22342179608379e-05,0.000235156826645486,"CCDC115"
33.658397211734,-0.176795685717128,0.147122626963599,-1.20168929393078,0.229483930639376,0.383355712466331,"IMP4"
21.6798862060549,0.170199092312217,0.172116540023345,0.988859596463723,0.32273184091625,0.488687645336095,"PTPN18"
16.3247963705796,0.184794585564715,0.203706561383013,0.907160693843637,0.364321826042101,0.530722338137788,"FAM168B"
19.5374844660392,0.692513028257077,0.229382705773938,3.01902894518807,0.00253586302281889,0.0138737896361779,"PLEKHB2"
140.077558317396,-0.406845906763681,0.120875235672912,-3.36583341077907,0.000763127806870526,0.00552873114250428,"MZT2A"
1.41156514482666,0.0692267515717539,0.455115281197131,0.152108167824338,0.879101622179862,0.930239074040076,"CCDC74A"
1.72034272699673,-0.382940802120391,0.483445657679085,-0.792107232814552,0.428298153108017,0.590568555453664,"GPR39"
1.35792033724144,-0.242011715661486,0.676398217287711,-0.357794727242081,0.720496936772148,0.828174929439619,"NCKAP5"
2.53182777226996,0.444650500863553,0.381110914744109,1.16672203198931,0.243322642426347,0.39990049151084,"MGAT5"
7.14989055350519,0.680239336619134,0.3068417598265,2.21690599416379,0.0266295160722398,0.0796026822308077,"CCNT2"
8.96796643635745,0.852500201442517,0.322147115027441,2.64630711148818,0.00813758996564822,0.0329017971060833,"RAB3GAP1"
1.53126382178282,0.77323860334473,0.446305912500715,1.73253049463801,0.0831791524328692,0.185031871245588,"ZRANB3"
6.87368193635974,0.938319395503208,0.299211169756115,3.13597716378044,0.00171282540310702,0.0102940143208313,"R3HDM1"
70.3027380654171,0.294937804207815,0.113641304817664,2.59533982543617,0.00944974366699921,0.0368092597645665,"UBXN4"
25.2248029809521,0.146065019877166,0.182194539431176,0.801698120773497,0.422727603136268,0.585862910931582,"MCM6"
24.0519606409034,0.266865240763303,0.184385515918704,1.44732214693568,0.147806719112944,0.281133236860343,"DARS"
0.892898980991584,1.36639589674546,1.01830863168669,1.34182884660637,0.179651496693569,0.322908847085759,"CXCR4"
27.8941231588189,-0.165462616788333,0.157701387873647,-1.04921471535117,0.294079307437787,0.456843589890084,"HNMT"
4.03414747894943,1.17618361556285,0.369681975840976,3.18160930861505,0.00146459243010601,0.00914633340480234,"SPOPL"
2.05825613683252,0.101626525799057,0.410878466606944,0.247339624873248,0.804645395008445,0.884100464365815,"GTDC1"
2.87698812973044,0.892366779492054,0.354043694074611,2.52049900740217,0.0117188568800533,0.043302751179782,"ACVR2A"
9.70322973032638,0.17408350659244,0.220153589891394,0.790736624727848,0.429097699104909,0.591296125692624,"ORC4"
2.47916463065948,1.1914283028091,0.426047694704326,2.79646696277971,0.00516646927792808,0.0236642160937575,"EPC2"
1.7857661552982,0.457559902640165,0.388010000737975,1.17924770436306,0.238299555440262,0.39412659880555,"LYPD6"
29.8394007958432,-0.419577449001,0.16312114759437,-2.57218303812056,0.0101059446335255,0.0388360080396629,"MMADHC"
12.093126808141,1.61867983285144,0.345516422060128,4.68481302046405,2.80215620786593e-06,7.57000408393632e-05,"RND3"
1.11534032424753,1.24673006155321,0.602529982246631,2.06915854528031,0.0385312113663155,0.104455555526257,"RBM43"
13.9903913743352,0.175702414319687,0.202352135340129,0.868300272810827,0.385229972873167,0.551090895288153,"NMI"
18.8230635221895,1.57287339214313,0.252941903997993,6.21831878104155,5.02509857834259e-10,1.07005040315295e-07,"RIF1"
25.9196116314947,0.322369208665827,0.169295232125383,1.90418362418544,0.0568862736984469,0.140182648596581,"ARL5A"
4.697531792297,0.766227470440883,0.274342644470052,2.79295795198375,0.00522284805157731,0.0238520310513581,"STAM2"
2.74040017081079,0.949227685909689,0.389749914470151,2.43547888188795,0.0148720926859442,0.0516834965021934,"FMNL2"
43.1807666880225,0.611337407328716,0.147450184789585,4.14606063872426,3.38244283680833e-05,0.000513035324130425,"PRPF40A"
15.8773310014392,-0.691121453709054,0.22228635253518,-3.10914928346613,0.00187626891412861,0.0110392216420907,"ARL6IP6"
2.97377637435876,-2.6464938506923,0.692347384653959,-3.82249418334271,0.000132108595861232,0.00145065657335994,"KCNJ3"
14.4188749722422,0.468824795625032,0.482533409211233,0.971590332763468,0.33125439377003,0.496950230189601,"NR4A2"
9.92367162220593,0.745886315106246,0.329566251551726,2.26323633440719,0.0236211245328284,0.0726083816661525,"GPD2"
6.06578422796,2.07035839616815,0.343555406871355,6.02627219586563,1.67784519761541e-09,2.60305697801477e-07,"GALNT5"
6.52899062212479,0.785550095272274,0.330496926300471,2.37687564621431,0.0174599732203132,0.0580395804017757,"ACVR1C"
9.62867298560231,0.81344620798317,0.252283752621829,3.22433053864756,0.00126267563810147,0.00815744046982867,"PKP4"
2.19143336002119,-0.461464689233216,0.45107909016481,-1.02302389823614,0.306296546562699,0.47002691757396,"DAPL1"
5.7259021907942,1.13394271297923,0.478072452631745,2.37190556941104,0.0176966128925223,0.058629576888974,"TANC1"
2.35259317803682,-0.032828737099332,0.34212347205464,-0.095955816483965,0.923555663909671,0.955325213628224,"WDSUB1"
12.157461724862,1.01104579878325,0.202218029893273,4.99978067888835,5.73955639406305e-07,2.29160229557076e-05,"BAZ2B"
2.13266473299594,-0.790452629840372,0.378284712920672,-2.08957064042431,0.0366563861877371,0.101217481311677,"AC009506.1"
9.18016028670261,0.942491316733558,0.272593993497311,3.45749113779668,0.00054523017480657,0.00426292274902761,"MARCH7"
4.04890069969268,0.240956614030688,0.331016439685913,0.727929447429624,0.466656775923335,0.625259359736769,"CD302"
5.22079606480397,0.442015826302079,0.355092125435173,1.24479196985959,0.213208228655775,0.363719975369417,"LY75"
2.79568877241964,0.81586907106889,0.487237173286479,1.67448034714951,0.0940362336528883,0.202706132884154,"ITGB6"
10.0745425040857,0.339451426118725,0.238177415066121,1.42520409008759,0.154098214390152,0.289834881932292,"TANK"
34.2671333017057,0.0772916246232588,0.170288822704317,0.453885483473363,0.649911252371457,0.775235966984427,"PSMD14"
5.02776944658357,-0.281939425744278,0.366192195082952,-0.769921995962835,0.441346165251458,0.603047226299803,"DPP4"
1.0469525625566,1.14209606591149,1.07990649551179,1.05758792141558,0.29024335156928,0.452684589694439,"GCG"
3.72767397215184,1.06843177219735,0.384364487199843,2.77973592196576,0.0054403119704936,0.0245969142379519,"IFIH1"
17.8727932939316,-0.50935676960074,0.187419652467582,-2.71773404173206,0.00657306498285086,0.0281925299027489,"GCA"
4.89795150331726,1.55308361440117,0.314352411078762,4.94058120652379,7.78900441825902e-07,2.87401363684764e-05,"COBLL1"
24.7412651454594,1.00450806195183,0.277012818503206,3.62621508773321,0.00028760582225854,0.0026071779880866,"GALNT3"
2.99255909815269,0.837504738797533,0.398163723503766,2.10341798953367,0.0354292472639772,0.0988596159524132,"TTC21B"
5.42095052491014,1.58295779192328,0.378309933778891,4.18428820018368,2.86061011069913e-05,0.000447178907156677,"SCN9A"
2.25410865303619,0.964488367928583,0.446599357364088,2.15962775589551,0.0308014979533327,0.0889246997277565,"B3GALT1"
11.806376239014,0.969513218291442,0.293876106809184,3.29905424710473,0.000970111623169753,0.00668066723374985,"STK39"
32.2732985986785,1.00709860423193,0.290477731434471,3.46704237622128,0.000526218923742434,0.00414111413901654,"CERS6"
4.95871869095075,0.702058565513493,0.329723373825436,2.12923505351847,0.033234818101058,0.0943115036784661,"NOSTRIN"
13.0883644803222,0.0171673455064799,0.21128033197637,0.0812538741580546,0.935240055729845,0.963164657756207,"SPC25"
1.39753118088581,-0.919793400715678,0.654895861396045,-1.40448803379968,0.16017357250449,0.297836323186481,"DHRS9"
6.25291358454513,0.71563923356089,0.248821498721035,2.87611495485455,0.0040260305945962,0.0196330005645778,"FASTKD1"
63.4271337935474,0.266711574397136,0.130905167009772,2.03744115293192,0.0416058534238064,0.110690732038838,"PPIG"
3.770761542932,-0.784768789680647,0.311226540224204,-2.52153556414343,0.0116843863594657,0.0432194945040181,"PHOSPHO2"
10.063501522678,0.859655338297954,0.263655410962562,3.26052605997918,0.00111205747615558,0.00738651020859303,"KLHL23"
50.5531978798859,0.121611432726698,0.131248932393963,0.926570833823341,0.354149403971273,0.520934921729381,"SSB"
34.7479757634779,-0.254761317014242,0.167118737663763,-1.52443299043351,0.127400584206064,0.252705875770683,"METTL5"
4.32638847794008,1.25321175648617,0.40119075101391,3.12373042827878,0.00178573978582503,0.0106031350869654,"UBR3"
17.9929296590273,0.275235992663896,0.178829596842603,1.53909642208804,0.1237807584068,0.247399317563122,"GORASP2"
11.7675422029307,1.43448447206437,0.279617785678206,5.13016176201048,2.89493296205438e-07,1.40981937075832e-05,"TLK1"
5.30945569093117,0.750583101360795,0.297452195879089,2.52337387909517,0.0116234746679568,0.0430381639597719,"METTL8"
3.49659833460226,0.931392241527821,0.45574768346484,2.04365765382914,0.0409873793465531,0.10944748947715,"DCAF17"
3.05200863219723,0.450842550358831,0.48819057256332,0.923497043360777,0.355748240467952,0.522366940438339,"CYBRD1"
31.4124525496952,0.844809937983436,0.25716366759434,3.28510611894084,0.00101943968002329,0.00690452031346092,"DYNC1I2"
3.11543439379687,0.383316578848462,0.314545405267288,1.21863671326794,0.222982108095108,0.375497859189466,"SLC25A12"
25.7677235529145,0.0755080995179357,0.190415769826828,0.396543309341478,0.691704264564282,0.80703785057672,"HAT1"
3.11629296659977,-0.519188564106752,0.367276650073771,-1.4136171303089,0.157474348810294,0.294169377753593,"METAP1D"
44.1741951929043,0.711266773658394,0.304158262055243,2.33847592648727,0.0193625730670417,0.0629196719054677,"ITGA6"
3.46045290727868,1.2932223580714,0.386944456210654,3.34213951722146,0.000831352625849406,0.00589326991953299,"PDK1"
8.44078697858829,0.00755218046715222,0.252827698702993,0.0298708587148281,0.976170046851105,0.985217833606281,"MLTK"
45.3420052505268,-0.0758791052007075,0.251492357327594,-0.301715352335209,0.762869063908525,0.857103045111378,"CDCA7"
13.3121625599971,0.534414594993627,0.262066131959179,2.03923563490787,0.0414265160085169,0.110375849816608,"SP3"
34.7573938923233,0.0558929038920884,0.162661228789457,0.34361540428564,0.731135538434046,0.834105308025687,"OLA1"
18.088672511742,0.556340664520854,0.170434662697696,3.26424599148383,0.00109755827650612,0.00730360470763264,"CIR1"
3.46036803584583,0.682603594226506,0.306140895345318,2.22970405001445,0.0257670968423676,0.0776229325126524,"SCRN3"
1.22843061300684,1.00129156558896,0.599440043795862,1.67037817368429,0.0948445652101519,0.204003164623143,"WIPF1"
6.06757064320408,0.638636162192921,0.362441322850509,1.76204014809959,0.0780625144343196,0.176319054872887,"ATF2"
610.557231476862,-0.242571090243345,0.100685244373974,-2.40920198139826,0.015987447243668,0.0544787188786428,"ATP5G3"
14.5051259674355,0.714444461703253,0.21564660661813,3.31303363826355,0.000922898792610631,0.00640836373897151,"KIAA1715"
1.62940011092789,0.372863604259758,0.52332376268508,0.71249125464256,0.476160625005746,0.633395466713686,"HOXD-AS2"
0.88081555915094,0.117144274865227,0.767809719332309,0.15256940869034,0.878737850841857,0.930035382530218,"HOXD9"
1.75420894310012,0.427097707558971,0.526399762805861,0.811356193024136,0.417161148560549,0.580965641621898,"HOXD8"
6.78021770501174,0.295035684075343,0.283377186800516,1.04114126972061,0.297809988245798,0.460321160311609,"HOXD-AS1"
6.08465146344896,-0.53184095032357,0.356582292612413,-1.49149568372329,0.135831403588153,0.264692094557212,"AC009336.24"
6.69653283144521,-0.287944405512147,0.361775637609203,-0.795919834223857,0.426078632081971,0.588629174966316,"HOXD1"
24.497779944171,-0.57677835947364,0.157132012652466,-3.67066105586849,0.000241923974431986,0.00229257797760155,"MTX2"
160.645030454566,0.182394495998139,0.105319255990394,1.73182476730346,0.083304766967315,0.185273350248831,"HNRNPA3"
36.5545202446116,0.438282501926376,0.145589508641549,3.01039893613115,0.0026090475856904,0.0140688291505853,"NFE2L2"
13.455702297931,0.794382817461657,0.221458479213392,3.58705081098389,0.000334439173119558,0.00293377174481293,"AGPS"
1.05732540937295,0.656933303670405,0.527364694601533,1.24569071535358,0.212877963590353,0.363270692110502,"TTC30B"
2.90703638405988,0.0954490869236523,0.329413887973098,0.289754289082819,0.772004220309724,0.862725440683638,"RBM45"
18.1937831303815,-0.0513648646775407,0.17544455220412,-0.292769789840956,0.769698121158189,0.861744494410096,"PRKRA"
8.87187374927374,1.05400854502896,0.258080258338043,4.08403398158563,4.42605540446708e-05,0.000628326296634151,"PLEKHA3"
3.53669173289973,0.828048848770759,0.327391965011112,2.52922776752525,0.0114313816322573,0.0425472353766047,"SESTD1"
4.59560131767639,0.93999145831919,0.318213730009895,2.95396260334198,0.00313722019790313,0.0161853735625786,"CWC22"
26.7213835006328,-0.199847977354984,0.156287591092387,-1.27871941692957,0.200995879586677,0.349138715980696,"UBE2E3"
14.4453802284261,0.996615395685297,0.310464452006431,3.21007892930896,0.00132698529091716,0.00846216104483873,"SSFA2"
11.2364141200783,1.45336687156706,0.314667969283063,4.61873153113867,3.86093008417532e-06,9.72846884318885e-05,"DNAJC10"
2.15167978846827,1.4304847568403,0.672483429235684,2.12716729461442,0.0334061855031922,0.0946607423474195,"FRZB"
17.4542227292362,0.729881523840547,0.279545777853991,2.61095527696279,0.00902897006216882,0.0355399111544593,"NCKAP1"
5.17344534444411,0.106554033401988,0.278734922307305,0.38227729959331,0.70225569068259,0.814709625126902,"NUP35"
0.948707545598504,2.2829381620281,0.730772363596738,3.1240072500715,0.00178406060786412,0.010598959628777,"FSIP2"
1.56621941422917,-0.0693988303722869,0.465725411523047,-0.149012333566541,0.881543900844626,0.931704763429341,"AC097500.2"
50.6205593791469,0.527565906265362,0.131970192288273,3.99761413632676,6.39841413524915e-05,0.000841244279767625,"ZC3H15"
5.5105804665317,0.915072872625966,0.33573227288666,2.72560294772402,0.0064184157091533,0.0276932835126757,"ITGAV"
0.601248595341299,1.27889485130632,1.06193599759325,1.20430501857436,0.228471707676794,0.382076184996917,"GULP1"
4.45168637340137,0.834911662053682,0.309431076940843,2.69821528693222,0.00697123410794954,0.029412432949624,"WDR75"
8.03383014056922,1.18067310623413,0.396077820918225,2.98091194174162,0.00287391419119329,0.0151284929302457,"SLC40A1"
7.9596821655471,0.0211463233769755,0.259650731419398,0.0814414165574566,0.935090912834402,0.963164657756207,"ASNSD1"
1.10030498627325,1.20693489356889,0.533224725626194,2.2634638559784,0.0236071102518172,0.0726025179588569,"ANKAR"
1.20428455057607,0.710571829307845,0.507678305990715,1.39964978003382,0.161618219276049,0.299517723777798,"OSGEPL1"
24.6331900184454,0.336005790120355,0.148033756204076,2.26979169303213,0.0232202248323415,0.0717619925097406,"ORMDL1"
6.21302131435318,0.679549883416926,0.259973866131703,2.61391613521901,0.00895110050579821,0.0353080648728154,"PMS1"
5.78596034426001,0.564046886704698,0.367354274612821,1.53543030715835,0.124678163943036,0.24862373492864,"C2orf88"
29.6145497962465,-0.0160530146952833,0.198068357149633,-0.0810478509858892,0.935403898059863,0.963164657756207,"HIBCH"
6.56997685868802,0.318656891137794,0.241867405937498,1.31748587579486,0.187675812393652,0.33286939777806,"INPP1"
5.9596489129639,1.03583580932231,0.298051625215621,3.47535702438446,0.000510173866013384,0.00405006446265011,"MFSD6"
1.2032661418536,0.901629753461158,0.481201012080426,1.87370710124455,0.0609708066277459,0.147437755505972,"TMEM194B"
7.11427556366368,0.344115138996324,0.25632802165769,1.34247959614758,0.179440541760487,0.322583062989388,"NAB1"
7.66982246013187,1.61115288228774,0.385659565609615,4.17765569937564,2.94529041383063e-05,0.000458250055790841,"GLS"
13.4766213315671,1.62868686229236,0.385385350648852,4.22612551190705,2.37749415572541e-05,0.000389783129728913,"STAT1"
17.0802696539719,1.08388810729991,0.273248061807904,3.96668177672893,7.2880195738255e-05,0.000930057492029905,"MYO1B"
7.56807488282654,1.35597947426786,0.365420324551867,3.7107390672119,0.000206655031169422,0.00204024876227265,"NABP1"
3.96293634907055,1.77401170781737,0.43053984956572,4.12043556387821,3.78156819067559e-05,0.000559507228211674,"SLC39A10"
3.69344341156657,1.10176681450292,0.408133674209744,2.69952440615502,0.00694386623753217,0.0293388676342633,"STK17B"
0.816329534796494,0.0152803957624015,0.802470731495254,0.0190416860860823,0.984807850742096,0.990407491227591,"RP11-347P5.1"
4.02209954338447,1.0011877695292,0.287309775468315,3.48469789410144,0.00049269297879529,0.00394590394521891,"GTF3C3"
5.16611831036454,0.650454040566935,0.363871527873447,1.78759257248937,0.0738417646818601,0.169686752764505,"PGAP1"
29.8570837823925,0.906478849252952,0.215417971423844,4.2080001183811,2.57640731887675e-05,0.000413902122529608,"SF3B1"
6.20683904195843,0.789271516174402,0.378360723821942,2.08602919510704,0.036975978563755,0.101776525186145,"COQ10B"
264.489604553658,0.404067460892428,0.173460673450681,2.32944708938488,0.0198353929173362,0.0640536327928252,"HSPD1"
350.251683078153,0.243780235875512,0.172870570974507,1.41018933703563,0.158483783495642,0.295602435814315,"HSPE1"
12.8258062372097,0.118997918755565,0.231321363038628,0.514426844077058,0.606953595190751,0.742957173554053,"MOB4"
2.64401045963017,1.40062288382051,0.458886994679555,3.05221743056496,0.0022715749158032,0.0127790452088648,"MARS2"
35.4592593516898,0.173052350276724,0.259070766354261,0.667973282790566,0.504150646980305,0.657824825928885,"SATB2"
1.42575664926214,-0.721122823366806,0.59002203005161,-1.22219643782407,0.221633350637535,0.373806210269239,"FTCDNL1"
8.24053237940691,0.889164926060603,0.298300446083766,2.98076968282816,0.00287524948508537,0.0151284929302457,"C2orf69"
2.96867306032164,-0.0980378983988518,0.339284639355455,-0.288954721277969,0.772616027354116,0.863231487352438,"TYW5"
12.6905945263802,-0.375666224458569,0.202397991102433,-1.85607684351197,0.0634426058560885,0.151619054452807,"C2orf47"
32.7924311797698,0.483920249101536,0.146303914835625,3.3076370488461,0.000940866626113679,0.00650401754270818,"SPATS2L"
3.10732210455725,0.384422620833274,0.444686660198868,0.8644797679817,0.387324389867007,0.553029565337325,"KCTD18"
7.83518580336113,1.2603942881002,0.271714034728789,4.63867937244488,3.50642536076509e-06,9.08825284436965e-05,"SGOL2"
43.5049084418659,0.790239849787147,0.184992645999447,4.27173656291997,1.93956625128231e-05,0.000336480662762394,"BZW1"
15.1126340198051,0.44105295100124,0.288243066158669,1.53014244845166,0.125981473134666,0.250486781076981,"CLK1"
9.76184479629014,-0.0544469644970462,0.303044823828103,-0.179666373473286,0.857414493888622,0.917843410904922,"PPIL3"
10.4095677638408,-0.434880552686691,0.19901633859776,-2.18515000200885,0.0288778500476306,0.0847374902775652,"NIF3L1"
7.05265441795801,1.1862482242893,0.324084712279934,3.66030293729085,0.000251917235783443,0.00236681561542806,"ORC2"
6.6604579189258,0.313897298909961,0.306916965207279,1.02274339477444,0.306429187961402,0.470097610010005,"FAM126B"
126.720261977321,-0.0811198487341703,0.159807187306112,-0.507610765833608,0.611726339070747,0.746008902052572,"NDUFB3"
17.3000296109872,0.463168899424814,0.21876437084804,2.11720444983496,0.0342424999121704,0.0964152317983332,"CFLAR"
3.86601816244413,0.906241725530524,0.349785639686136,2.59084885915756,0.00957395289771083,0.0372263259825061,"CASP10"
6.78458412812798,0.876578374694704,0.258594050136647,3.38978555087212,0.000699473182620651,0.00518517321724251,"CASP8"
10.426131637682,0.413332573945804,0.250157468141099,1.65228956391847,0.0984755357370275,0.209571686871275,"TRAK2"
8.8343098222721,-0.173317498131658,0.270550574142012,-0.640610350509491,0.521775873063878,0.672739639258425,"STRADB"
3.83885271143133,-0.597711866193974,0.295413932348757,-2.02330290058336,0.043041928033297,0.113833342411708,"TMEM237"
69.2388143756092,-0.409309150298053,0.138021598507318,-2.96554419543512,0.00302147928857655,0.0157151652652976,"SUMO1"
40.528788661375,0.0487403735024024,0.180650269085523,0.269805153068042,0.787310158224865,0.871756557740827,"NOP58"
4.34111418582284,0.607867230045587,0.415424387353311,1.46324397062565,0.143400633006196,0.275292712470796,"BMPR2"
5.11420187018973,0.862884405647305,0.410898634668628,2.09999336294506,0.0357294249727881,0.0995182239560088,"FAM117B"
11.5112167165157,0.144434729927687,0.194049926893549,0.744317363267649,0.456684499242805,0.616634795695246,"WDR12"
1.48152867898192,0.412203991583363,0.477613775481556,0.86304879118647,0.388110641452078,0.55364265942067,"CARF"
73.3700202627473,0.08349858065434,0.192587401651311,0.433562008409658,0.664606528192864,0.786148229623626,"NBEAL1"
5.32732881156747,0.305260962407574,0.261682919399462,1.16652994818355,0.243400247461624,0.399958645397676,"CYP20A1"
6.05485325756975,0.469662839612277,0.256755753359402,1.82922031334134,0.0673666105574209,0.15842386112031,"ABI2"
4.77019222512076,1.24241448473485,0.359733101743169,3.45371187337069,0.000552927777557378,0.00431378998870196,"RAPH1"
2.32781865003274,0.96184178258045,0.421728680820656,2.28071228333053,0.0225654778322026,0.0704039749364003,"PARD3B"
5.43025457495166,0.690356290135486,0.267589172448895,2.57991115192575,0.00988257376967684,0.0381531287375366,"INO80D"
29.8716425314874,0.56801054290269,0.145997624250876,3.89054647852794,0.00010001871612436,0.00117427379147086,"NDUFS1"
800.786536787399,0.2318317575035,0.122068720157082,1.89919053140863,0.0575394292333264,0.141311216977369,"EEF1B2"
7.89860217788553,0.256758626834161,0.240019272750865,1.06974170820304,0.284735587048115,0.446595678125727,"FASTKD2"
9.70525401218174,0.67605963546745,0.24011762482252,2.81553524430849,0.00486960553284079,0.0226580617337836,"CREB1"
11.0145445299568,-0.20263375348695,0.191895970600695,-1.05595627074733,0.290988193848388,0.453390500027761,"METTL21A"
5.56851850195176,0.552511448514968,0.397648419174583,1.38944711426703,0.164696832042813,0.302971269766594,"CCNYL1"
0.784478285710694,-0.0515391238254758,0.665497246269389,-0.0774445335640249,0.938269914476546,0.964621933320121,"RP11-801F7.1"
16.3965350226263,0.755875020286085,0.23678628767224,3.19222463309349,0.00141181489175434,0.00886260677713998,"FZD5"
46.5896543852753,-0.0598590760385946,0.187005439621643,-0.32009269976159,0.748898059516904,0.847544073192328,"IDH1"
1.4547029952514,-0.838929127123476,0.523289977282262,-1.60318210465353,0.10889445518928,0.224665558833144,"IDH1-AS1"
2.10343717674892,1.14500382306739,0.561401008216826,2.03954714421382,0.0413954510871386,0.110320146946338,"PIKFYVE"
11.1852571686563,0.1782769706334,0.211821114467707,0.841639281718439,0.399989894489789,0.56531627461727,"RPE"
5.26255641409538,0.893657305576369,0.331431049034834,2.69635964457405,0.00701019334559996,0.0295080231524091,"LANCL1"
5.24865021334784,4.66199058986612,1.33136026112465,3.50167473522753,0.000462343684576361,0.00379355667857602,"CPS1"
19.7633702763238,-0.328319946741255,0.200881055156337,-1.63439975206093,0.102174940281551,0.214863197896483,"SPAG16"
15.5579389433098,0.771062681904862,0.240632734468604,3.20431334335132,0.00135385044471336,0.00859917148672898,"BARD1"
31.8469891439332,-0.191305900029017,0.162049167376797,-1.18054232012308,0.237784588979153,0.393649487242926,"ATIC"
0.949713936627689,3.26443548472386,1.12007598613907,2.91447680793197,0.00356285280255627,0.0178636110045065,"FN1"
4.95403046558524,-0.363162602285222,0.306805233843024,-1.18369102683246,0.236535392289134,0.391939939008238,"PECR"
68.5863973926485,0.6413937407961,0.131469404833918,4.87865402301286,1.06812236510433e-06,3.62494027657282e-05,"XRCC5"
2.53228981240617,0.129694481456535,0.358074952502386,0.362199256189726,0.717203135352061,0.825437266842241,"SMARCAL1"
1801.01994385863,0.12618323017019,0.195581994818744,0.645167927073911,0.518818368250814,0.669801174417955,"RPL37A"
165.015675609195,-0.00943466138741916,0.30353887731592,-0.0310822174439278,0.975203971241669,0.985182802575304,"IGFBP2"
114.18174526096,-0.111861798195264,0.102107122884283,-1.09553373981593,0.273282872407857,0.433959934836866,"ARPC2"
40.0835247019711,-0.607588558999601,0.157056332458379,-3.86860274583717,0.000109460810392829,0.00125130989564855,"AAMP"
116.739101016954,-0.545850441506257,0.133625282784217,-4.08493385482833,4.40893743367125e-05,0.000626715451959029,"PNKD"
10.7193738033965,-0.0199792411720321,0.255032756252015,-0.0783399021586435,0.937557677643768,0.964140683005568,"TMBIM1"
13.7256552297094,0.513125069523828,0.202150083476506,2.53833716365229,0.0111380621796423,0.0418110457210214,"CTDSP1"
46.1252261791934,0.285834460256951,0.15663483050502,1.82484610437773,0.0680242562415465,0.159426252789564,"VIL1"
7.36013045472517,0.610243814901893,0.320013739575243,1.90693004529079,0.0565296468559784,0.139592093915613,"USP37"
10.7541423814724,0.443270644784309,0.227162040752376,1.95134118057826,0.0510164734182425,0.129216372512463,"RQCD1"
1.42294166765798,-0.061671480889764,0.504550006799085,-0.122230661101392,0.902716344460136,0.943097595078122,"ZNF142"
13.0716632301059,-0.68326591613463,0.194315919741121,-3.51626319163616,0.000437666892562936,0.00365620188710268,"BCS1L"
2.23297638146654,0.14800637324308,0.422096825210179,0.350645549559351,0.725854279928502,0.831341223373079,"RNF25"
1.38852852260314,-0.134306614524229,0.469391225255667,-0.286129367780735,0.774779039186026,0.864847401126554,"STK36"
2.40619654751746,0.484573654274994,0.362711801209075,1.33597432633761,0.181557665007284,0.325312034644301,"TTLL4"
11.2631093820352,-0.975359542428406,0.224532352362351,-4.34395993346371,1.39937048538551e-05,0.000261569078679632,"CYP27A1"
10.3051019851623,-0.274303526629327,0.227114472546642,-1.20777651707332,0.22713323649491,0.380423650267539,"IHH"
18.7695477685335,-0.395153338474697,0.191709082550544,-2.06121344496297,0.0392826814074775,0.106016381730916,"CNPPD1"
15.72760372209,0.284975052074103,0.202577297510598,1.40674722970472,0.159502355408074,0.297117595151233,"FAM134A"
16.8196714734953,-0.376055858440959,0.171464846780704,-2.19319508051652,0.0282933268400736,0.0833202030325627,"ZFAND2B"
6.1409891776514,0.499331423864499,0.27937375809169,1.78732400378356,0.0738851365858012,0.169686752764505,"ATG9A"
6.91928262555849,-0.301200877031837,0.246075546601889,-1.22401791316198,0.220945470082176,0.373239408552088,"ANKZF1"
11.5327499325449,-0.0217479981918847,0.174810273044382,-0.124409154068211,0.900991325760256,0.942255476332769,"STK16"
42.707140841333,0.178474688830838,0.189616279012532,0.941241383705468,0.34658117364155,0.513068640369034,"TUBA4A"
6.93364056978079,0.00127590155736542,0.223149612892753,0.00571769558918584,0.995437963823079,0.99710459954811,"DNAJB2"
30.4766386545995,-0.248486889175087,0.165061643103294,-1.50541873025938,0.132216456578749,0.259483167434439,"DNPEP"
10.8017795367274,0.0407506680853552,0.227678385919844,0.178983472325308,0.857950679307269,0.917982710213471,"GMPPA"
3.08320390415819,0.309006601657564,0.37875274807308,0.815853094742276,0.414584161896123,0.578309539192976,"CHPF"
0.899782938743098,-0.452623082795652,0.603051300151014,-0.750554857741467,0.452920597423014,0.613077114298135,"OBSL1"
2.56875668612691,-0.458541954056118,0.377798603044757,-1.21372061823583,0.224854428236221,0.37736348178726,"STK11IP"
2.25862039035691,0.950630401176104,0.551979190941129,1.72222144743404,0.0850294110796605,0.188179269105345,"EPHA4"
3.92191358982428,1.06761114844097,0.353886586684549,3.01681721944615,0.00255443787816485,0.0139193152819219,"SGPP2"
24.1111273228765,-0.160226395374375,0.1410636327529,-1.1358448116464,0.256021518889254,0.414969405711577,"FARSB"
17.4497054374991,1.0132291150038,0.223360643811887,4.53629205983637,5.72518830492843e-06,0.000131449355161782,"ACSL3"
1.68360920000331,0.901557851379999,0.461290599845095,1.9544249366511,0.0506509840176276,0.128597065453785,"AP1S3"
7.54000935730697,1.41095281003698,0.469112218766472,3.00770850468801,0.00263225486001343,0.0141631985060237,"WDFY1"
14.5132231560251,-0.326207189269686,0.209889750159513,-1.55418351311473,0.120140649012419,0.241974675125161,"MRPL44"
12.8307961056617,1.0293908204765,0.282579684805698,3.64283377690193,0.000269652980534147,0.00248172149881427,"CUL3"
1.79640726604656,0.680028484322746,0.55146048069014,1.23314091967516,0.217523193030954,0.369052003798807,"DOCK10"
2.17466680686713,0.901784823287991,0.42927857477889,2.10069841885884,0.0356674482176699,0.0994796131889529,"RHBDD1"
29.9216123869368,0.0110086151359945,0.11579578801155,0.0950692190539476,0.92425984694659,0.955829849424773,"MFF"
10.6905579630532,1.46622235494954,0.292281382975886,5.01647535679859,5.2628023177246e-07,2.1814516477286e-05,"AGFG1"
2.44404950938586,-0.707490859332568,0.465953635764354,-1.51837179716818,0.128920697286345,0.254606068836099,"SLC19A3"
22.229483070295,0.147304640566522,0.625624198245776,0.235452274671533,0.813857716925655,0.890797702662026,"CCL20"
5.58700950566291,0.863108901808178,0.274452933920148,3.14483394103304,0.00166181128949978,0.0100654046870985,"PID1"
11.1188215058262,1.31352933141033,0.309522806113992,4.24372390487628,2.19840807737569e-05,0.000369577580809598,"TRIP12"
2.67784731871053,0.980234243236763,0.348368893879965,2.81378234525874,0.00489623674092148,0.0227332753340775,"SP110"
2.32590939832819,0.967628739065866,0.422167245755443,2.29205071874857,0.0219027166575531,0.0689659329953686,"SP140L"
8.33095096977216,0.421814267049468,0.250496145079053,1.68391520323137,0.0921980577227688,0.199814589277443,"SP100"
8.82435710261752,1.01949986974207,0.344415864059986,2.9600839453914,0.00307555226585601,0.0159353519118303,"CAB39"
278.621105376945,-0.313615415276599,0.151149778960945,-2.07486519287358,0.0379990304275995,0.10350490559808,"ITM2C"
8.59437422698819,0.251847973132605,0.273796722319786,0.91983560284719,0.357658675173375,0.524109190714188,"C2orf72"
24.0225778759162,0.484126636088723,0.186889447344491,2.59044393874384,0.0095852232416157,0.0372434792142921,"PSMD1"
1.87235583957155,-0.281282419008367,0.447312152840704,-0.628828028082968,0.529461648523351,0.679747529698947,"ARMC9"
14.3396589615234,1.73361395570485,0.504840852680596,3.43398111800924,0.000594785626911156,0.00454565229293115,"B3GNT7"
169.832125865059,0.806430071823433,0.250384145747586,3.22077130489084,0.00127846121933368,0.00823967408884584,"NCL"
2459.91818439228,-0.0435420610153982,0.109543132285587,-0.3974878215266,0.691007765447988,0.80665853302861,"PTMA"
4.6716094979123,-0.110409791398124,0.279441211950376,-0.395109191759913,0.692762305579153,0.807578213674281,"PDE6D"
6.52331799944941,0.13162956914494,0.226623787997421,0.580828563091698,0.561356002384333,0.705756678153954,"COPS7B"
4.09617577154189,0.0620626136779941,0.295356577083401,0.210127752328567,0.833567965755738,0.902907251955647,"DIS3L2"
55.2201896719825,-0.192893425067381,0.161218636966889,-1.19647100792074,0.23151280581197,0.385795468945527,"EIF4E2"
10.439804788663,0.972070165979684,0.244367598902283,3.9779012043589,6.95262466604102e-05,0.000896739950988188,"GIGYF2"
60.2378192933709,-0.0199631195260824,0.152111867850713,-0.131239723817439,0.895585672639315,0.939443678630635,"C2orf82"
5.42414920441725,0.00010142930179528,0.272331267224953,0.000372448242278022,0.999702829304659,0.999702829304659,"NGEF"
4.99870600023832,-0.537513076790526,0.291341567415642,-1.84495841619361,0.06504358792873,0.154331082566312,"AC106876.2"
2.63251017464549,0.352325326480497,0.352564989661224,0.9993202297796,0.317639588660039,0.483606607717373,"ATG16L1"
6.62993269035043,0.354462487890977,0.239741846480509,1.47851738482291,0.139269347352312,0.269265642201551,"DGKD"
4.4480853299828,0.154542633422958,0.307749613506276,0.502170032521603,0.615547920877938,0.748638928747219,"USP40"
6.84376613426215,0.281214534903702,0.303207824118733,0.927464638226424,0.3536853435955,0.520393284303907,"HJURP"
7.15066828420266,0.28953968429688,0.234647208275391,1.23393619904936,0.217226679326123,0.368606521481515,"SH3BP4"
10.7301711609977,0.369770417385102,0.267026193639555,1.38477207926739,0.16612217095908,0.304795873731308,"AGAP1"
12.5410926814986,-0.307036759407969,0.192722136247616,-1.5931577211944,0.111124813143577,0.228131468948817,"COPS8"
7.90576125806839,0.293798547558029,0.277896239254695,1.05722390610965,0.29040941186187,0.452813526607309,"MLPH"
7.56115477106468,-0.599596424200297,0.270165316417249,-2.21936861530467,0.0264616570199673,0.0792536114828584,"RAB17"
1.75038578167064,0.238971899391086,0.548214147795258,0.435909763278008,0.66290220119151,0.785329759456725,"AC104667.3"
34.4703453697862,0.47560321144967,0.171310155119711,2.77626980792422,0.00549865567282672,0.0248090571694633,"LRRFIP1"
3.81959680270915,2.37499335432693,0.868866531942376,2.73343864335247,0.00626767997514721,0.0272159154458611,"RAMP1"
9.6230181598714,-0.101202178003163,0.202423459779397,-0.499952812354132,0.617108304111855,0.749357975110374,"UBE2F"
2.19574031098688,0.304771111068934,0.382015008872052,0.797798787981681,0.424987264771988,0.58801907191028,"SCLY"
15.1495524704822,-0.0717260751348009,0.191704245211517,-0.374149644185823,0.708292985705098,0.818739949415367,"ILKAP"
27.5459980959296,-0.521255982002891,0.188621588292507,-2.76350118097058,0.0057184885412573,0.0254311161171393,"HES6"
10.9461372068112,0.700942475987041,0.422995391102835,1.6570924665622,0.0975007819904667,0.208231758587309,"PER2"
4.17627481523432,1.42863106910635,0.368182116203834,3.88022939255265,0.00010435799463275,0.00120695188680689,"TRAF3IP1"
3.43392884810773,-0.177428991137628,0.28435461574797,-0.62397084946526,0.532646729329696,0.682864299435781,"ASB1"
2.84042668562788,0.42472619453505,0.325691132693433,1.30407662935925,0.192207456373296,0.339189628894052,"HDAC4"
1.19996030398751,-0.117781524570664,0.50829933159817,-0.23171685904119,0.816757936110226,0.891973629905255,"AC062017.1"
101.887721902804,-0.404715140613787,0.1156789335144,-3.4986071216105,0.000467695174509243,0.00381633781213647,"NDUFA10"
101.857730724844,-0.0400943744388497,0.118644158754456,-0.337938039763326,0.735409880576186,0.837654696505762,"MYEOV2"
2.95480204907444,0.133202610394631,0.327238883764156,0.407050069546844,0.683971214346848,0.800768368672571,"GPC1"
1.92867270247331,-0.108768381776549,0.415794097747271,-0.261591933040524,0.793636064011508,0.876259420004573,"ANKMY1"
5.68708792072908,-0.139985403525556,0.232893366703216,-0.601070805524247,0.547792827346279,0.695428651849423,"DUSP28"
17.0665397570934,0.439088306406643,0.189642529165224,2.31534723956403,0.0205939364356579,0.0657417306464677,"RNPEPL1"
1.04980843587029,1.21668908643893,0.68102010684085,1.7865685230396,0.0740072529651263,0.169872205539064,"CAPN10-AS1"
2.40247374412776,-0.236388127201093,0.371035018378014,-0.637104627575228,0.524056694497141,0.675199395211644,"CAPN10"
7.57279004178539,0.294013007758157,0.27863625589228,1.05518575397389,0.29134037828048,0.45369190159479,"GPR35"
11.261144716655,-0.172062467117767,0.239880274547929,-0.717284768170414,0.473198403781615,0.630853752156683,"MTERFD2"
3.0514458813094,-0.175531919740456,0.303781486966368,-0.57782296575528,0.563383648468299,0.707460378002993,"PASK"
33.2340001484561,-0.329288450274305,0.150789713379988,-2.18375937518035,0.0289799342195881,0.0849223112856792,"PPP1R7"
2.17075369436702,-0.234564450313151,0.492392240072702,-0.47637722779408,0.633805655180168,0.762335742081805,"ANO7"
58.4267916232689,0.419179281474631,0.143134520425908,2.92856873539193,0.00340526532232034,0.0172666537036881,"HDLBP"
42.561283750954,0.40832893471696,0.104941479787185,3.89101559788394,9.98255148073032e-05,0.00117396395319032,"SEPT2"
13.0303473633746,0.337279827537748,0.238132373470406,1.41635436888493,0.156671776869637,0.293101722102369,"FARP2"
16.3196616063413,-0.260961618636043,0.161351397983042,-1.61734959782295,0.105802838852376,0.220320403230348,"STK25"
2.10357780175124,0.959873105192574,0.453744046772112,2.11545057620262,0.0343915630778689,0.0967095740615372,"BOK"
18.5938622068083,-0.302180188054115,0.186049384399088,-1.62419343138443,0.104334532334643,0.218318501185786,"THAP4"
12.2192705574842,-0.35077239313678,0.185785512471519,-1.88805030311798,0.0590191976544,0.143710422988068,"ATG4B"
55.0712182572485,-0.421338644411146,0.145370633666609,-2.89837523428176,0.00375101517534389,0.0185416589914586,"DTYMK"
9.3979410750227,0.0400217196748299,0.201806830762239,0.198316972342636,0.842797073395537,0.909095770468368,"ING5"
19.5448135838532,-0.336672428535922,0.223201909199095,-1.50837611445166,0.131458292649719,0.258442624579281,"D2HGDH"
17.8493898386779,-0.829556998311109,0.333276659628582,-2.48909419350159,0.0128069030062533,0.0463181238524122,"NEU4"
1.89825580540323,1.37436759250545,0.529195329279479,2.59708942325078,0.00940174441574263,0.0366617394452298,"CNTN4"
6.93777551131387,0.336050013959365,0.223492065775795,1.5036328595955,0.132675925463313,0.260007159250128,"TRNT1"
13.5935065392995,-0.0322901433755883,0.188358749575097,-0.171428953783294,0.863886489919967,0.921537731047175,"CRBN"
0.472037613927884,1.03202011646369,0.778050358162712,1.32641814972067,0.184701230253863,0.329206525612497,"RP11-97C16.1"
12.6035479059725,-0.189098728372434,0.204442326951749,-0.924949012232011,0.354992430266331,0.521732712530532,"SUMF1"
4.91142280810499,-0.282926812062627,0.321348738696519,-0.880435421063915,0.378623474988638,0.544345861198343,"SETMAR"
4.62451759591814,0.586240261997639,0.409544586490597,1.431444295287,0.152302921099725,0.287210030795646,"BHLHE40"
7.00161441563059,1.17358925245195,0.34986519015752,3.35440416899883,0.000795360973198879,0.00570882598937113,"ARL8B"
4.20916793627285,1.13639752306372,0.344614819437511,3.29758750630219,0.000975192822422918,0.00669866796427128,"EDEM1"
2.93462706476285,-0.180427699771075,0.341754646236251,-0.527945126008171,0.597537422854436,0.736077179242193,"LMCD1"
5.55764690329855,0.815128922025514,0.288145951546559,2.82887515042461,0.00467119178573838,0.0218943214471812,"RAD18"
33.9000293860583,0.302993989771552,0.258075518469956,1.17405165576302,0.240374335799745,0.396254335290459,"SETD5-AS1"
13.9552932900002,0.436193561620586,0.193021129491908,2.25982286379105,0.023832246795542,0.0730918385200752,"THUMPD3"
17.2276546492402,0.318473883028863,0.240625437799438,1.32352541751763,0.185660709351498,0.330699574144214,"SETD5"
7.06412547609246,-0.245766899752203,0.233950108932811,-1.05050987526056,0.293483753069242,0.456296858744734,"MTMR14"
3.14858332282237,0.483694928402152,0.374637042184103,1.29110278466392,0.196668038606099,0.3444307207325,"BRPF1"
8.32460298980701,-0.442505568575744,0.246424092128166,-1.79570741137435,0.0725410625617125,0.167479537814585,"OGG1"
4.23450263340515,-0.492611196317827,0.311169740408114,-1.58309479473082,0.113399859861061,0.231489187611114,"CAMK1"
19.3720016836052,-0.0830124988837309,0.187589607236355,-0.442521843862805,0.658111626969312,0.78174997660305,"TADA3"
39.7201702357917,0.468645268792552,0.197962529526668,2.36734330437731,0.0179163050233645,0.0592121340699143,"ARPC4"
2.59284117790735,-0.348768967281007,0.434008392328322,-0.803599592648355,0.421628258455614,0.584787086440353,"TTLL3"
15.6850615908976,-0.455999903924503,0.200258066915025,-2.27706134863469,0.022782562382659,0.0707719186143241,"RPUSD3"
24.6810660399215,-0.27350046758015,0.152045968918261,-1.79880117523656,0.0720501373752947,0.166588139641409,"JAGN1"
10.9951404353973,-0.105859540139087,0.208975877427297,-0.50656344379229,0.612461163571251,0.746569016475062,"IL17RE"
5.96476394000504,0.17788247659071,0.243491696234786,0.730548430773537,0.465055020761451,0.623518213020908,"IL17RC"
4.87282790560957,-0.446541847848156,0.292863617740255,-1.52474333033815,0.127323129580626,0.252599413088345,"CRELD1"
1.50645484265684,-0.352412483120662,0.460487910981771,-0.765302355862743,0.444091521527464,0.605427306526269,"PRRT3"
4.812557222482,-0.77124902352356,0.3089585216802,-2.49628661908822,0.0125501149904289,0.0456291425497348,"PRRT3-AS1"
23.9807802315969,-0.0708203439225299,0.160634110096206,-0.440879859701745,0.659299974961256,0.782427901658752,"EMC3"
8.82046194998091,0.789562746127957,0.273032209795561,2.89183003982995,0.00383005079018763,0.0188380215495642,"FANCD2"
90.5787317256236,-0.653318139725516,0.128341473019454,-5.09046783050783,3.57181167992573e-07,1.65063297208483e-05,"BRK1"
3.57177747602132,0.945282307767436,0.305383184308778,3.09539737725586,0.00196549374917703,0.0114145786716912,"VHL"
4.22116815009846,-0.220697405720062,0.363062200649434,-0.607877673096472,0.543268608602954,0.691421198807932,"TATDN2"
29.1818020291615,-0.263850747599055,0.182289336177976,-1.44742831989606,0.147776998805019,0.281133236860343,"SEC13"
6.11666977392253,0.0779260497839717,0.430809743339812,0.180882746940349,0.85645961141172,0.917273311630304,"HRH1"
4.26103648117322,0.220361057041629,0.283802788633455,0.776458392472797,0.437478378616626,0.599421548293788,"ATG7"
19.2696086690937,0.376622529290264,0.158918268454049,2.36991337090464,0.0177922535138128,0.0588917626211541,"VGLL4"
4.81947324414349,-0.0798196392513555,0.27185566768639,-0.293610355563507,0.769055661802294,0.861682317393161,"TAMM41"
18.7672096369158,-0.253803286793591,0.19982219346208,-1.27014563495798,0.204032758656711,0.353183225863254,"PPARG"
3.67223783682978,0.282456562345023,0.314163921955207,0.899073835681538,0.368613333426777,0.534893212321593,"TSEN2"
1.1619685297318,-0.64222333493215,0.564737221306486,-1.13720737840939,0.255451603213124,0.414307707720209,"C3orf83"
4.38314250257505,-0.130194912447103,0.30023529258658,-0.433642931600249,0.664547753960333,0.786148229623626,"MKRN2"
12.3838847530836,-0.190725237425033,0.218093731768893,-0.874510403752175,0.381840356976544,0.547305193758449,"RAF1"
2959.41897094103,-0.347650851647056,0.124013614101265,-2.80332811979158,0.00505781834329077,0.0232942778660465,"RPL32"
2.6291847972358,-0.17080897415914,0.352529582769381,-0.484523803129681,0.628014175561449,0.757719580779618,"IQSEC1"
8.57362243247344,-0.284248385122089,0.266702058051705,-1.06578999501752,0.286518584632958,0.44848541786018,"NUP210"
4.29461747390336,0.115925418295573,0.290042706897333,0.399683962184947,0.689389306070192,0.805808617363286,"HDAC11"
8.65000070069271,-0.207857006861217,0.220828028904785,-0.941261885513813,0.346570669764607,0.513068640369034,"CHCHD4"
3.90441268146922,0.524121759611492,0.324817115455065,1.61359033952753,0.106616313645484,0.221446312572778,"TMEM43"
10.5812972288571,0.543320265754961,0.258945021781893,2.09820703258236,0.0358868606534262,0.0997808133968287,"XPC"
111.074995400599,0.107570466100648,0.12608647160619,0.85314835707851,0.393577037789733,0.559163609418695,"LSM3"
8.25948561318103,-0.0618754596263946,0.24745686660832,-0.250045434076931,0.802552213015778,0.882783048045311,"CCDC174"
27.8622260485765,0.286620188782248,0.217125388424667,1.32006759256388,0.186812451588372,0.33211293497958,"FGD5-AS1"
67.8104530062674,-0.566565613124038,0.14900284214707,-3.80238124964637,0.000143311963872972,0.0015409583442183,"MRPS25"
2.95228614378369,0.475696441701734,0.346643862591523,1.3722915448305,0.169972696710422,0.30994305460522,"ZFYVE20"
4.29316384797144,1.12905416751283,0.339757526694061,3.32311745525949,0.000890174243656381,0.00623294151264236,"CAPN7"
2.45475406076034,-0.0135267732977128,0.407805192477616,-0.0331696936361478,0.973539265792758,0.984233515780055,"METTL6"
4.12912090889554,0.330724640556051,0.458782578458676,0.720874453574833,0.470986761812171,0.628991712561198,"EAF1"
5.72098408318641,-0.108064305412952,0.252745926561573,-0.427561017038293,0.668970752652583,0.789686356984866,"HACL1"
4.80270252850165,-0.581522621980352,0.274185932035508,-2.12090612258343,0.0339297033313355,0.0956833493062331,"BTD"
6.26508755222334,0.959442338741264,0.307579538084419,3.11933083948495,0.00181262308673795,0.0107415415514776,"ANKRD28"
5.8439072267297,0.161564327397422,0.289318694761879,0.558430306518545,0.576550582675288,0.71961146165425,"DPH3"
5.59613282112455,0.0122582926861443,0.258643064940885,0.0473946312418856,0.962198707862142,0.978381381535928,"OXNAD1"
2.33862755584695,-0.0654511264317524,0.334930225892077,-0.195417198484924,0.845066353711422,0.91021627287465,"PLCL2"
5.60698773014445,0.865867924946113,0.277087426857312,3.12489070603697,0.00177871134016118,0.0105763094930586,"TBC1D5"
7.81063575143049,0.694347761532389,0.361307981803143,1.92176147913251,0.0546357774169837,0.135942164459924,"SATB1"
10.6654620806431,0.556551705824144,0.236840543525804,2.34990047539519,0.0187784313234635,0.0616114091156535,"RAB5A"
10.9044811248138,0.0974650904057799,0.256046667760878,0.380653617788154,0.703460289879766,0.81572342156067,"SGOL1"
16.9426215865245,-0.311237390774026,0.160739393377476,-1.93628571213482,0.0528327177358727,0.132399219481632,"UBE2E1"
2117.93987928574,-0.723888241678559,0.123228148779854,-5.87437406831275,4.24443986046934e-09,5.55356829936109e-07,"RPL15"
3.33131714931826,1.10077609948932,0.448760378262442,2.45292622256764,0.0141699397784217,0.0500278107911768,"NR1D2"
16.0237802204147,0.523904296116818,0.212714738756176,2.46294309073403,0.0137801786331639,0.0489658642389627,"TOP2B"
12.4938574885685,0.30278622642859,0.206770990928376,1.46435544497377,0.14309685518939,0.274903917805904,"NGLY1"
6.20176124528607,-0.295890774471499,0.266130031144238,-1.11182782792045,0.266212184513726,0.42597087429189,"OXSM"
5.85630608440216,1.36125493237204,0.365615162728781,3.72319058709783,0.000196720907693567,0.00196178976818378,"SLC4A7"
36.6710516736887,-0.40515911200766,0.139623434340608,-2.90179878414453,0.0037102677278652,0.0184072670281481,"CMC1"
7.21712608301487,0.19399917446315,0.236159759547192,0.82147430550878,0.411376153953796,0.575195703867416,"AZI2"
5.46062719451732,0.371530936199298,0.413449357809833,0.898612923641748,0.368858872515838,0.535178003409754,"TGFBR2"
25.5656568483035,0.938469083347393,0.254828497968573,3.68274777283007,0.000230733426072111,0.00220772247325386,"STT3B"
3.13407107458019,0.68843168988646,0.432300587058914,1.59248381911783,0.111276035979999,0.228312441100093,"OSBPL10"
8.42555966018874,0.0351554575717678,0.242279906527153,0.145102654511004,0.884629822475593,0.933360523859414,"GPD1L"
8.84896839299152,0.317810409386364,0.23158236433042,1.37234288243519,0.169956722031544,0.30994305460522,"CMTM8"
0.94463485679227,0.2277583765561,0.655127714166318,0.347654925339151,0.728099351746497,0.832567209101083,"CMTM7"
20.32079085024,0.477981284595113,0.26052894988642,1.834657088218,0.0665565142344941,0.157100694459545,"CMTM6"
7.87318533912921,1.01087195165808,0.244698765815321,4.13108725044002,3.61051501088569e-05,0.000541340314760449,"DYNC1LI1"
9.90110263550005,-0.0521878388917881,0.189853471186276,-0.274884828629673,0.783404723318805,0.86947115945245,"CNOT10"
13.7469290208998,-0.349905569811699,0.181361174844492,-1.92933007911823,0.0536898978783787,0.134132112021899,"GLB1"
15.8193130833376,0.290889877873538,0.214017594062528,1.35918674886398,0.174087419218264,0.315676969896534,"CRTAP"
11.3392356130933,0.728796843776356,0.356689409800768,2.04322534886424,0.0410301355101982,0.10950780821842,"UBP1"
3.57277765485645,0.189967212902814,0.344975614982726,0.550668524534195,0.581860925137254,0.724160442124485,"CLASP2"
24.3821982376092,0.649591904317302,0.204689532584786,3.17354725527173,0.00150588386021294,0.00933974798510138,"PDCD6IP"
7.05177661149805,1.16350815401292,0.35612215813952,3.26716023538498,0.00108632175482167,0.0072555069233477,"EPM2AIP1"
7.70975356444306,0.18705308181338,0.223556670849848,0.836714382542466,0.402753132745902,0.567670216952693,"MLH1"
23.1420436506875,0.427454804850197,0.149431984644819,2.86053086871732,0.00422932377396653,0.0204226127991447,"LRRFIP2"
36.6253843850974,1.52249192755554,0.224516442473628,6.78120457807618,1.19177972532061e-11,6.47136390849094e-09,"GOLGA4"
25.0846084801623,0.766103472513255,0.19989100298461,3.83260607568334,0.000126792898153988,0.00140221066593922,"CTDSPL"
12.3590208893161,-0.0147520845273119,0.185878772025043,-0.0793640089537731,0.936743095006338,0.963720160266088,"VILL"
3.41047022020291,-0.224107418269596,0.365225375196299,-0.613614040780011,0.539470403024156,0.688442840992049,"PLCD1"
23.281369124198,0.0724030743150546,0.153369298757502,0.472083232443632,0.636867380273003,0.76491702607441,"ACAA1"
5.63227484573073,1.01102565164239,0.270076589732473,3.74347755443695,0.000181490821769801,0.00184204703216826,"MYD88"
8.79171375715763,0.929075049173948,0.349166085485284,2.66083989194622,0.00779460118232405,0.0319672843051507,"OXSR1"
3.82326670915516,0.148658208609844,0.298938031668751,0.497287708024283,0.618986178604194,0.750747140902563,"XYLB"
2.03424928039127,1.08260912930315,0.411163793524187,2.63303614363473,0.00846253412488564,0.0339125906259255,"ACVR2B"
4.95839524820217,-0.114368200430223,0.305322480753779,-0.374581655919574,0.707971617805978,0.81854272004396,"EXOG"
7.08511836465782,0.496297645395104,0.274276421736101,1.8094798023602,0.0703764952109327,0.163309559399728,"WDR48"
5.75523395763087,-0.0599435735258945,0.2569827332641,-0.233259148443607,0.815560178494528,0.891403335190275,"GORASP1"
8.52614565782723,0.244024634889002,0.461439096572274,0.528833895310778,0.596920682210189,0.735660897050897,"CSRNP1"
10.2828951488093,-0.140025191719281,0.202426081783096,-0.691734931021986,0.489103806202805,0.643904963940944,"SLC25A38"
960.188682448713,0.0546765036048298,0.169485500452108,0.322602838938898,0.74699604343712,0.846185149862014,"RPSA"
30.6434077931298,0.304997654538525,0.164171253710198,1.85780182367931,0.0631971620712297,0.151305374800166,"EIF1B"
4.8624542307922,-0.828673342930596,0.314751523847895,-2.63278580132008,0.00846877379807961,0.0339250768893931,"ENTPD3-AS1"
1266.19771021118,-0.211676370219351,0.157184805437661,-1.34667196126219,0.17808590645911,0.32089147903533,"RPL14"
2.18116677809794,0.813978575139505,0.392810560297829,2.07219117154678,0.0382476164127594,0.103868245622047,"ZNF620"
1.62982827410704,2.0097643704535,0.574069912095245,3.50090525232066,0.000463680662591582,0.00380043169490157,"ZNF621"
42.0340686206878,0.90898738060848,0.500166047074621,1.81737122286685,0.0691602910096763,0.161243173827522,"CTNNB1"
0.976086712173483,0.896278942342443,0.537212055020438,1.66838948226571,0.0952384348070093,0.204671302540407,"ULK4"
9.269822322094,0.585609134129726,0.235651204971851,2.48506742921038,0.0129526897794637,0.0467174397226755,"TRAK1"
8.15426340939302,0.0725001791098955,0.269626501140108,0.268891146839538,0.788013449957484,0.872227655558495,"VIPR1"
5.26387500297148,0.0241495430228479,0.249758237071471,0.0966916779442887,0.922971248901652,0.955127849628685,"SEC22C"
20.7087138474804,-0.0737384273807089,0.164420344245077,-0.44847508207864,0.653810365550288,0.778465143062837,"SS18L2"
24.2596925518076,0.982590097507486,0.167224585644197,5.87587102531764,4.20625727522847e-09,5.55356829936109e-07,"NKTR"
49.658947705185,0.238893111584444,0.24424301510215,0.978095981514689,0.328026855157122,0.494087607074389,"HIGD1A"
1.95436323846704,0.190630591717734,0.646547089084048,0.294844095559686,0.768112979578489,0.861034987430057,"KRBOX1-ENSG00000240747"
1.97570307262257,0.164566684022865,0.472618472646369,0.34820197166944,0.727688507150331,0.832494504081038,"ZNF662"
2.8232513682439,0.283035443515739,0.37553468620636,0.753686553897204,0.451037457694137,0.611671677142648,"POMGNT2"
2.82377364729875,1.0507880139323,0.447236351083115,2.34951387870755,0.0187979433059902,0.061632224926837,"SNRK"
8.63797374646042,0.452369880127904,0.230931740956362,1.95889000903252,0.0501256693405137,0.12761603011589,"ANO10"
6.33862535533612,0.650410799079614,0.267703053284273,2.42959798590323,0.0151155784616249,0.052278720411862,"ABHD5"
6.47461979214789,0.543985472595007,0.241337634396952,2.25404327822431,0.0241934454727855,0.0739698248407799,"TCAIM"
2.8395126972466,0.132269745941083,0.35644128797335,0.371084244177046,0.710574785889715,0.820766025820284,"ZNF445"
2.24359798548972,0.508125744447612,0.431376395354138,1.17791735922515,0.238829553832831,0.394597437186147,"ZNF197"
1.42073048724383,0.643955058040866,0.450206465158917,1.43035497682948,0.152615163348912,0.287643296419505,"ZNF502"
9.33550240785319,0.16085912002975,0.226508700073263,0.710167512231191,0.477600264577266,0.634774063555147,"KIAA1143"
5.53479485594713,1.28321794697296,0.287507787602036,4.46324587474885,8.07273279891504e-06,0.000170839025443801,"KIF15"
8.59205614838107,-0.823172092752602,0.265429079223128,-3.10128828070347,0.00192680605418216,0.0112379773084953,"TMEM42"
26.3060539669764,0.331201968401282,0.125316166520755,2.64293089707965,0.00821918080710613,0.0331453039603315,"ZDHHC3"
19.4265319051907,-0.221508624107736,0.168921508133738,-1.31131095474452,0.189752728813779,0.335621276045218,"EXOSC7"
13.665651218865,0.785397453214156,0.199850829075026,3.92991841389515,8.49746891760363e-05,0.00103892058432977,"CDCP1"
3.81653031571608,0.974458956421972,0.274684923339913,3.54755166236813,0.000388829485948283,0.00331838482827087,"LARS2"
6.11072168249441,0.15850590696242,0.302046435810711,0.524773306915477,0.599740789758701,0.737202600654158,"LIMD1"
4.09858181129543,1.2791415272675,0.372096772844912,3.43765821317843,0.000586767821775546,0.00450193273919911,"SACM1L"
3.47666880731772,-0.314624640031282,0.331146962165504,-0.950105771690683,0.342058510805309,0.50866156748537,"LZTFL1"
1.75664408557205,0.860249992678988,0.454798561781881,1.89149673057137,0.0585580670082419,0.143134246915525,"FYCO1"
3.62512103640999,0.051795422139468,0.298738444382734,0.173380504295287,0.862352348346527,0.92067734675241,"CCRL2"
3.67952593716598,-0.888843096514467,0.349560347155105,-2.54274577694041,0.0109985219345221,0.0413873694417567,"TDGF1"
3.27378161652582,0.0727381863857724,0.354602669528408,0.205125884930613,0.837473773162604,0.905782808141209,"ALS2CL"
41.5386657144429,-0.512948613962821,0.153232930329736,-3.34750900383506,0.000815413388942231,0.00582208376325617,"CCDC12"
10.625949500819,0.0846934653137652,0.257988300057849,0.328284132632271,0.742696840322197,0.842633481602493,"NBEAL2"
13.0270092232614,0.951569701128222,0.246074292841592,3.86700166904791,0.000110181674134774,0.00125818674525393,"SETD2"
19.077375961399,-0.103437049168735,0.156096992194901,-0.662646010754548,0.507557294989229,0.660382433618598,"KIF9"
4.42993381576947,0.822026373342713,0.328712766063955,2.50074368326412,0.0123932838672031,0.0451799472298844,"KLHL18"
3.35490103471833,-0.141583032556928,0.316180336262433,-0.447792023471735,0.654303300617178,0.778795905820096,"RP11-708J19.1"
4.98835711791217,0.435116476671114,0.29094944820256,1.49550541978751,0.134782586504156,0.263073128942332,"PTPN23"
10.7472456005875,-0.146164122196082,0.236762793832792,-0.617344135157091,0.537007761488375,0.686288998562654,"SCAP"
12.8238093238752,-0.0650272620447945,0.159350505806527,-0.408076910177782,0.683217211133111,0.800230685171008,"ELP6"
34.2556257284044,0.840390778372965,0.216452370606708,3.88256675599063,0.000103359628116328,0.00120180466953246,"SMARCC1"
15.3709766960766,-0.083630063139442,0.173188783296998,-0.482883830854255,0.629178223120413,0.758449939292672,"DHX30"
20.1446171045946,0.814160193965158,0.187005443042081,4.35367110561563,1.33876512916782e-05,0.000251975551174394,"MAP4"
5.59370080049667,-0.0192286476245799,0.275757012795869,-0.0697304029718875,0.944408242599667,0.967572973078527,"CDC25A"
6.74968591110954,-0.342714789429804,0.241162781207314,-1.42109320399316,0.155289665439603,0.291318588369395,"NME6"
9.88198310680429,-0.0451165969271558,0.303915237812731,-0.148451249933563,0.881986656493147,0.931748549563772,"PLXNB1"
8.98413999630424,-0.422412740453708,0.203767572174369,-2.07301257970645,0.0381711088490538,0.103780423965884,"CCDC51"
381.304507121459,-0.0565219621548933,0.120666425208238,-0.468414988322986,0.639487851617569,0.766623034393068,"TMA7"
2.71009233329745,0.552847448234779,0.402213288742156,1.37451313447078,0.169282435488029,0.309131873112493,"ATRIP"
12.3675224661031,-0.327430006909066,0.21316091528185,-1.53606962362741,0.12452130541859,0.248356543038731,"TREX1"
14.2969603043507,0.210911403191827,0.232768877158607,0.906097953327817,0.364884008534523,0.531273014542246,"SHISA5"
172.471215705703,-0.566440521734696,0.143680609339439,-3.9423588495265,8.06841353366457e-05,0.000997902197071305,"UQCRC1"
10.1459036183532,-0.257055056362427,0.251397520258119,-1.02250434331452,0.306542258029806,0.470138246321662,"SLC26A6"
5.10527470694739,-0.00717913148038554,0.26771311050362,-0.0268165106553063,0.978606084355053,0.98650905746736,"NCKIPSD"
28.6317846576991,-0.481288681825568,0.17621297887052,-2.73128962980199,0.00630870028089446,0.027339379509383,"IP6K2"
28.8141571617435,0.849443948525459,0.214336250977227,3.96313710187881,7.39712720348063e-05,0.000941767894839386,"PRKAR2A"
4.1029900499404,-0.402902460961979,0.349559291284212,-1.15260120674177,0.249074107697006,0.406391948556113,"SLC25A20"
1.18871187781601,-0.107817922154652,0.546083010009838,-0.197438704699326,0.843484243713553,0.909475663892889,"ARIH2OS"
14.1712008563763,0.247162754953133,0.197127064243459,1.25382456184645,0.209905779538088,0.36012271181416,"ARIH2"
18.4578462330698,-0.0983778835269857,0.185583511778032,-0.530100344499628,0.596042360241788,0.735152757776924,"P4HTM"
16.182570347637,-0.145511128224256,0.220905244866107,-0.658703818066667,0.510085980734442,0.662682778772985,"WDR6"
7.49527362003784,-0.330009264410675,0.254948593819796,-1.294414922892,0.195522138784986,0.343099795836661,"DALRD3"
60.0413972934582,-0.581807531432746,0.143811601051937,-4.0456230733613,5.21841405509796e-05,0.000714697815253204,"NDUFAF3"
110.479659881016,-0.735651825828305,0.145009176814111,-5.07313979701673,3.91304807416512e-07,1.76144926483298e-05,"IMPDH2"
6.41412644776029,-0.0948541117104769,0.271503950906924,-0.349365493185748,0.726814935609893,0.832265942716516,"QRICH1"
63.3937728836397,-0.348962883965191,0.1485698529663,-2.34881355132219,0.018833334802468,0.0616479670102629,"QARS"
4.93227303027641,-0.521616396083526,0.329237905947021,-1.58431452351499,0.113122162380395,0.231096065359498,"USP19"
1.46428736566603,-0.0726300639419957,0.5852188833817,-0.124107519433244,0.901230144545467,0.942255476332769,"LAMB2"
3.25138122048104,-1.41769793439187,0.372099928579905,-3.80999249261461,0.000138971011676827,0.00150621276128776,"CCDC71"
3.02598031802847,0.308546373039281,0.323296190262363,0.954376767597811,0.339892961841554,0.506481554006487,"C3orf62"
4.31310610851961,0.276027918188026,0.307621310824664,0.897297776438363,0.369560042683991,0.535690473717779,"USP4"
131.315535195425,-0.278958939767695,0.138790603766064,-2.00992669675167,0.0444389477330183,0.116487321356645,"GPX1"
103.941950833344,0.260724300809286,0.102240877723131,2.55009842066624,0.0107692512196432,0.0407363525758709,"RHOA"
5.34360819674362,0.194067444329856,0.231217349559987,0.839329075863777,0.401284671373587,0.566188324167488,"TCTA"
18.7577044219857,-0.388350768872462,0.166571805428714,-2.33143158815469,0.0197306135086136,0.0638481712465864,"AMT"
17.7582325079676,0.187497085245644,0.202457490409978,0.926105943850043,0.354390925351899,0.521078452385814,"DAG1"
31.4926683172104,-0.139908540072228,0.158613220706475,-0.882073634524692,0.377736988907164,0.543845114613788,"APEH"
4.28162103731161,-1.3677348637139,0.503133712477207,-2.71843215788459,0.0065592105339006,0.0281442222039354,"MST1"
2.78243506341281,0.286881281804464,0.373444021827741,0.768204242232572,0.442365853582778,0.603756839249588,"RNF123"
5.04050543779887,0.344190125146874,0.262280939395901,1.31229560920298,0.189420413078387,0.335142666345924,"IP6K1"
6.55580988464372,0.684991041015618,0.350217564798799,1.9559014448894,0.0504767651039077,0.128228694509576,"UBA7"
4.07057534376762,-0.433236570506404,0.299135371793035,-1.44829602701131,0.147534278328708,0.280894506074644,"TRAIP"
6.80736687343634,0.314849935070389,0.275629588938295,1.14229367131145,0.253331970986901,0.411669191219175,"MST1R"
2.48810956189245,-0.0621535421746696,0.385913733990686,-0.161055533141948,0.872049662361724,0.926316459411153,"MON1A"
12.6552150337038,0.475598609256202,0.21846521047975,2.17699929527354,0.0294806200213829,0.0859027457558944,"RBM6"
16.9570598625064,0.425041107991121,0.214240367648493,1.98394500838652,0.0472619706742323,0.121799952900371,"RBM5"
4.80797108032839,1.04444767386704,0.291932561086337,3.57770188423124,0.000346628471968468,0.00302360257476109,"GNAI2"
26.9391702120767,-0.123450332796834,0.132487058243842,-0.931791636354586,0.35144421778575,0.518077412848974,"IFRD2"
1.99483704015243,0.260928463820812,0.438881935627049,0.594529969541836,0.55215770357492,0.698524060189419,"NAT6"
7.94040149138057,0.0415832968805758,0.220995847125866,0.188163250221134,0.85074867995705,0.913776564881956,"HYAL2"
17.9968446251682,-0.0861622128182758,0.166109597266772,-0.518707011732135,0.603965071331952,0.740634674194331,"TUSC2"
13.7945597116631,-0.329456479391165,0.213788873683394,-1.54103660174134,0.123307878109829,0.246661181851675,"RASSF1"
9.81297568619711,-0.658249863381045,0.233815116062504,-2.81525794596223,0.00487380968928083,0.0226679114456487,"NPRL2"
14.1945155863211,-0.360876497022083,0.212182225956437,-1.70078570622676,0.0889832342984373,0.194468936782389,"CYB561D2"
8.14639811901296,-0.0770639066693353,0.198076630747489,-0.389061073880934,0.697230967919312,0.810959442176688,"TMEM115"
5.74032413471321,-0.481939414165679,0.276018371655069,-1.74604107428017,0.0808038148081054,0.180792585986122,"HEMK1"
4.09716785162164,-0.242598569496639,0.337841098517189,-0.718084835034644,0.472704980099049,0.630607023534024,"CISH"
9.21291843566913,0.0863981014782402,0.22993699028538,0.375746857306472,0.707105099093516,0.818059588044403,"MAPKAPK3"
47.269133282744,0.0865031260618884,0.205272577429256,0.421406147597578,0.673458530846696,0.792991395966076,"MANF"
9.8315385012518,0.356444142439622,0.210359556622588,1.69445186214728,0.0901794516322356,0.196144371064706,"RBM15B"
6.7241967804357,0.508871185729784,0.325399213704645,1.56383655613769,0.11785595692334,0.238745698971735,"VPRBP"
4.32250474384938,0.355496310009856,0.311547782647306,1.14106512647629,0.253842822225008,0.412252587014145,"RAD54L2"
39.506476103286,-0.671506208221856,0.157078657304479,-4.27496783933044,1.9116488739842e-05,0.000334811151875872,"TEX264"
10.7675783257454,-0.453892103227451,0.204764642554996,-2.21665272658362,0.0266468315340826,0.0796311258081804,"RRP9"
4.61555209363275,0.360295130949643,0.297250130683041,1.21209410445584,0.225476360249738,0.378115082197676,"PARP3"
2.46480119185915,0.241753823386515,0.349750079967014,0.691218779447643,0.489428064039625,0.644109158442842,"PCBP4"
47.224371133474,-0.28791268864569,0.148892188364913,-1.93369908661735,0.0531501362178664,0.132967168699846,"ABHD14B"
10.1897753644298,-0.531313388494572,0.265301525208368,-2.00267747453498,0.0452119180930056,0.118000824438847,"ABHD14A"
1.75671223597034,-1.53799791530746,0.554517979778333,-2.77357627956855,0.00554438404739539,0.0249325096292811,"ACY1"
1775.23071291083,-0.0340214054212563,0.127139028025963,-0.267592146561864,0.789013276715534,0.872930336708506,"RPL29"
1.44967729838426,0.109733163081527,0.459765361656084,0.238672097189457,0.811359854743159,0.888959647145955,"DUSP7"
10.7273331206271,-0.0254793717090712,0.20937889936756,-0.121690255255105,0.90314433105863,0.943272498105089,"POC1A"
7.91165827713109,0.0540776188770205,0.269939596268068,0.200332295167686,0.841220706567044,0.908035112037726,"ALAS1"
7.27471676875537,-0.623727774475999,0.270436167336528,-2.30637706716143,0.0210895722575341,0.0670078275941546,"TWF2"
17.3341740244247,0.75281857300419,0.224866431358301,3.34784773546146,0.000814417439123859,0.00581879828216125,"WDR82"
7.92823708413675,-0.258269198475064,0.217950311016272,-1.18499119028916,0.236020930123456,0.391565429444047,"GLYCTK"
9.33758865766213,0.3560759354116,0.259447058541218,1.37244159719402,0.16992600820635,0.30994305460522,"BAP1"
4.5642997132548,0.00379452767472424,0.26659840815804,0.0142331220240251,0.988643995106216,0.993033091643869,"PHF7"
6.97015337769267,-0.314315766765333,0.2882487957819,-1.0904321938717,0.275522806843428,0.436304707249873,"NISCH"
9.78872077044372,0.196421169301251,0.246347633886003,0.797333289558386,0.425257491559602,0.588243072008314,"NT5DC2"
27.4754470845735,0.62157654120487,0.221601096600344,2.80493441025646,0.00503268196704196,0.0232178955658775,"SMIM4"
16.2755732122051,0.659882252902092,0.283153129143536,2.33047840544112,0.0197808800576383,0.0639186026795545,"PBRM1"
35.1400218547231,0.0979221280867548,0.166270069437249,0.588934186520629,0.555905423576697,0.701062096550219,"GNL3"
7.37524293246499,0.0492980415457077,0.243752462449399,0.202246332407581,0.839724153428257,0.907052866305244,"GLT8D1"
111.145238672431,0.00856999258035529,0.247582782540751,0.0346146549142395,0.972387015571366,0.983618013143166,"SPCS1"
2.54591437778226,0.737711702661361,0.411066077741336,1.79463045628778,0.0727125973302766,0.16783396535745,"NEK4"
7.05528765855615,0.446752560122738,0.274367228123504,1.62830146726429,0.103460978528707,0.216908537996478,"SFMBT1"
4.52887786172962,-0.142879892866987,0.279912266443424,-0.510445271593216,0.609739547177059,0.745023794142987,"RFT1"
4.86836554479589,-0.57903967655038,0.31288878642553,-1.85062457228136,0.0642235821379873,0.153020645462602,"PRKCD"
91.8465574745887,0.29357162888756,0.139097217836203,2.11054996968567,0.0348110118043387,0.0977625001797565,"TKT"
9.8600491662531,0.496165786279591,0.257202927183687,1.92908296850465,0.0537205629971787,0.134177855140147,"DCP1A"
2.3653825871216,-0.171620668563102,0.383435180277528,-0.44758717350579,0.654451161743178,0.778886533318456,"CACNA1D"
18.3170929502085,0.100325967130762,0.174557083869651,0.574745893473332,0.56546316431178,0.709322487794689,"CHDH"
10.0833071136749,-0.556140722479076,0.257214335269879,-2.1621684572734,0.0306051938948993,0.0884675021822216,"IL17RB"
2.91118492720247,0.644746922907338,0.319449283064446,2.01830762217508,0.0435592333879626,0.114846631365204,"ACTR8"
64.6409950418858,0.0809636259783422,0.264831613541192,0.305717376017683,0.75981984220025,0.855003987803825,"SELK"
1.12184735425926,1.01476871733308,0.917677653108871,1.10580083746759,0.268812732463939,0.428679335471127,"WNT5A"
6.38964771015867,1.1897141266661,0.317363769797284,3.7487395849439,0.000177725507853968,0.00181913196540443,"CCDC66"
6.18798690252083,0.769708912934183,0.315812054407543,2.43723728145254,0.0147999642567954,0.0515483039861444,"FAM208A"
23.9961317852391,0.877852635391895,0.177784371772852,4.93773792734433,7.90339532528736e-07,2.89969166326421e-05,"APPL1"
6.61160291764168,0.925463543965274,0.356778271995184,2.59394592274321,0.00948814092589319,0.0369323334964875,"PDE12"
69.1901513961331,0.270071886598158,0.217628553339487,1.24097634457397,0.21461448769784,0.365430124866501,"ARF4"
3.30960830035855,1.29511977217301,0.339336613593304,3.81662255203976,0.000135290891658461,0.00147822177896688,"DENND6A"
8.48760239551946,0.789635953636829,0.249830440567836,3.16068751206649,0.00157397258562264,0.00964635568840961,"SLMAP"
25.9265888503009,0.462005343817927,0.22447392471029,2.05816931482888,0.0395738830853219,0.106537523625829,"FLNB"
2.14644500476493,-0.154052097938667,0.360482553228668,-0.427349663829489,0.669124664546476,0.789686356984866,"ABHD6"
12.5416974630144,0.484340818149924,0.211783630395317,2.2869605986348,0.0221981230037612,0.0696135188625027,"RPP14"
2.41875774408883,0.953677912299764,0.362592989406647,2.6301609246786,0.00853444585345982,0.0341377834138393,"PXK"
32.9339596215192,-0.780352616847035,0.183090541580453,-4.26211321519378,2.02502798378084e-05,0.00034767305080618,"PDHB"
2.56733715283315,-0.189552919473667,0.350417214811905,-0.540934952569081,0.588552418310971,0.72989566299187,"KCTD6"
224.504007053721,0.260740915529051,0.183551336198144,1.42053400933884,0.155452274780011,0.291422700519751,"FAM3D"
9.61200563048311,-0.313279375762992,0.225757459334413,-1.38768117202689,0.165234151737597,0.303628238218325,"FHIT"
4.0171334674353,0.744931476834292,0.460207979932711,1.61868439774385,0.105515185547484,0.219941442427193,"PTPRG"
4.07716247168888,0.240930092265514,0.336527155111077,0.715930612452332,0.474034194940648,0.6314571920723,"C3orf14"
55.8924132641679,0.3040478703212,0.134186170679375,2.26586591436232,0.0234595941362928,0.0723576234933653,"THOC7"
7.00407272996698,0.820829195430535,0.359921362283637,2.28057926382174,0.0225733554998661,0.0704039749364003,"ATXN7"
17.4144698914798,-0.0408660045118645,0.224941042298878,-0.181674291602002,0.855838342526521,0.916788755162558,"PSMD6"
6.84317726881356,1.08314467305728,0.300959317051266,3.59897372066663,0.000319475467710757,0.00283224781986842,"MAGI1"
15.3746751527564,-0.626187341086823,0.19982862307797,-3.13362185777808,0.00172663208453696,0.0103655193134723,"SLC25A26"
9.71236642318601,0.0166619723488142,0.23226622115322,0.0717365283082755,0.942811585649471,0.966542646317081,"LRIG1"
119.589017220468,-0.277510162479733,0.144891055943333,-1.91530222947832,0.055453971445418,0.137370011381669,"SUCLG2"
10.8205149721459,1.36993093377512,0.244534167870062,5.6022066188438,2.11640059111781e-08,1.77857547024449e-06,"TMF1"
8.45724302399734,-0.167762011919953,0.205497989884357,-0.8163681407023,0.414289612560343,0.578004264183624,"UBA3"
30.4064964958797,0.269099780736476,0.160654987066374,1.67501666552871,0.093930961875205,0.202587048851065,"ARL6IP5"
6.08638388778993,0.750895744172846,0.315525180280756,2.37982827077286,0.0173207078775337,0.0577711571099556,"FRMD4B"
51.7510845015284,-0.36649512779803,0.187065538461941,-1.95918035364164,0.0500916690944666,0.12760861514565,"FOXP1"
2.89108241259001,1.04815073604039,0.407597116128879,2.57153619239291,0.010124843191631,0.0388811163582434,"EIF4E3"
11.4193292930069,0.808955999191718,0.356019812932096,2.27222185341132,0.023073113991468,0.0714293095630965,"RYBP"
3.91105301755934,0.490578298170467,0.307690794061754,1.59438731232241,0.110849312406601,0.227749523571943,"SHQ1"
4.69936657720732,1.36723914343934,0.44222174033686,3.09175017582322,0.00198980233134586,0.0115249351031552,"GXYLT2"
15.6634787904216,0.582418953349437,0.218257451922068,2.66849515661623,0.00761918770438885,0.0314617408629897,"PPP4R2"
0.890130599320529,-0.586830855039159,0.549500287256034,-1.06793548365468,0.28554961504167,0.447291045629963,"EBLN2"
0.907927840942528,0.6234949767798,0.631189588080328,0.98780935008144,0.323246027496498,0.489077287832665,"PDZRN3"
3.08950774452194,0.591178524305911,0.476877997194932,1.23968505106822,0.2150919084955,0.366070855079318,"CNTN3"
1.52045080302984,0.0168245050663756,1.11187316267544,0.0151316765537283,0.987927129616573,0.992772150239288,"LINC00960"
1.08644270515044,-0.571717754325546,0.532070140242969,-1.07451576603128,0.28259158239003,0.443984740673389,"ZNF717"
4.08421528314965,0.115944159063753,0.352468238405735,0.328949239761817,0.742194055498626,0.842239965748085,"GBE1"
23.3645933816587,0.277876670081825,0.175008480445237,1.58778974238781,0.112333891752913,0.229874894372834,"CHMP2B"
15.2324461848433,0.391863873674958,0.198259217129706,1.97652285400982,0.0480955899405669,0.123537868201172,"CGGBP1"
2.31248528951682,0.957688375768112,0.517946027581983,1.84901191392287,0.0644560924075446,0.153342732175229,"ZNF654"
4.21691048911861,0.318630554333724,0.305081378307073,1.0444116782933,0.296294962819572,0.458869078913865,"C3orf38"
1.87822133684727,0.745928041625169,0.651747612857968,1.14450444759469,0.252414494458395,0.410485386315988,"PROS1"
2.08749509679668,-0.199702082249054,0.532856593653149,-0.374776411942169,0.707826758340942,0.81854272004396,"ARL13B"
3.56369014241207,1.63952352809717,0.407643100103695,4.02195824651541,5.77162906290011e-05,0.000778632194075717,"STX19"
1.24668994686068,-0.25087030318323,0.490173159158066,-0.511799347834817,0.608791446834268,0.744105253253331,"DHFRL1"
3.19479650483411,0.382887254880556,0.358086067648443,1.06926040824482,0.284952345385741,0.446613143439045,"NSUN3"
232.377854102635,-0.313968464691847,0.649849307704006,-0.48314041573905,0.628996038998535,0.75831449639477,"MTRNR2L12"
1.13458630873402,3.18613225761064,0.673853372718216,4.72822781127932,2.2648798526596e-06,6.32303218505995e-05,"CRYBG3"
1.46659777667807,1.55855618794422,0.517939989821402,3.0091443382884,0.00261984618981431,0.0141146852894047,"CRYBG3-ENSG00000080200"
6.29348783193094,0.607556710498155,0.234130323975373,2.59495096654827,0.00946044143789284,0.0368377174670191,"MINA"
8.98167723118176,0.344514296034873,0.248442156120008,1.38669822149047,0.165533803154987,0.303872118126821,"CLDND1"
4.51234246696337,0.22726127596332,0.383154827456174,0.593131704674436,0.553093013953193,0.698970162764981,"CPOX"
4.62658584169873,0.298947659146412,0.334553162958603,0.893572957142847,0.371550420790808,0.537646578252921,"DCBLD2"
23.0454528844251,0.30247015244608,0.161777936197,1.86966257300845,0.0615306899912305,0.148428097135665,"CMSS1"
5.11674677407569,1.16164903982877,0.314734504623615,3.69088556470147,0.000223474666380798,0.00215182354002916,"TBC1D23"
28.9803606295721,-0.419935457477239,0.181865331988197,-2.30904622055452,0.0209410165480906,0.0666528252380608,"NIT2"
14.8776397535697,0.922803563735424,0.241816181207841,3.81613653447895,0.000135557513787072,0.00147955236153528,"TOMM70A"
1.32139980504702,3.39851761188966,0.881643601836599,3.85475219783825,0.000115846908642866,0.00130372790451972,"GPR128"
33.2979467766905,0.0165728525911888,0.145874510932622,0.113610338675573,0.909546691342779,0.947037349881891,"TFG"
2.09900866966279,1.50980164412791,0.488424835884778,3.09116476723161,0.0019937296784901,0.0115415268168457,"SENP7"
23.9971797850539,0.457550038442607,0.192391210392157,2.37822734993958,0.0173960965285924,0.0579158823729348,"TRMT10C"
26.6576660551224,0.169137529210894,0.196675791974793,0.859981431942426,0.389799277976302,0.555030832414139,"PCNP"
4.39860759938777,1.63940726848489,0.370264619043924,4.42766384948709,9.52592050972787e-06,0.000195191503274801,"ZBTB11"
977.117403404772,0.132527816309454,0.0907139342113345,1.46094221865305,0.144031299148172,0.276259256225565,"RPL24"
2.14311043950231,1.09975809062082,0.479731916864255,2.2924430332035,0.0218800912273571,0.0689346651375394,"CEP97"
24.391995941287,0.918269610436423,0.28372470989083,3.23648092120616,0.0012101331556574,0.00788365091208117,"NFKBIZ"
3.96668197062565,1.7117099231641,0.382347116634726,4.47684799673636,7.57531439386555e-06,0.000162906761024515,"ALCAM"
4.34325065015783,0.251802714622029,0.41918101804856,0.600701615245514,0.548038743022226,0.69561719836622,"CBLB"
15.3760982757347,0.424597838973564,0.200416723684095,2.11857489319521,0.0341264093985301,0.0961631567379442,"BBX"
41.3022715794556,-0.112979872914773,0.146967619865465,-0.768739896707826,0.442047735291371,0.603550214390783,"CD47"
21.7898850707481,-0.336173645738423,0.194633744176986,-1.72721152316081,0.0841296821010252,0.186649304926891,"IFT57"
1.97322717456182,0.18163044949,0.675621281659316,0.26883470728441,0.788056883640879,0.872227655558495,"HHLA2"
4.16488413983731,1.0504556084293,0.300487485125735,3.49583813112798,0.000472575282124889,0.00383689063193299,"KIAA1524"
1.41992754743952,0.306788285536302,0.511763043834007,0.599473309440083,0.548857303457599,0.696429836650948,"DZIP3"
40.8824612319491,-0.409533377133539,0.721440099103632,-0.567660957080667,0.570265207334435,0.713570705340704,"RETNLB"
1.40687078064907,0.140582718244845,0.714637652804851,0.196718879411234,0.844047535141714,0.909718952418542,"RP11-59E19.1"
15.5562989447868,1.00177090934758,0.212417280990121,4.71605184228948,2.40465188434335e-06,6.68644685580063e-05,"PVRL3"
5.72854007869726,0.275611609189095,0.253485632326498,1.08728690718888,0.276910033030597,0.437845870293463,"ABHD10"
3.1116702365904,0.839759407006335,0.433626404054152,1.9365965705849,0.0527946775099943,0.132399219481632,"C3orf52"
3.73234856178455,-0.472099808009661,0.331010727772341,-1.42623718326844,0.153799889927357,0.289400705350649,"CD200"
36.8630092753135,-0.289133380386695,0.157344529689763,-1.83758139515102,0.0661241123936321,0.156348325842553,"ATG3"
3.4884436567323,0.792651580480262,0.347333784249416,2.28210331509551,0.022483241332325,0.0702522130079386,"SLC35A5"
7.35508026959331,0.0841762156992616,0.243930568059651,0.345082686310463,0.730032209225284,0.833527562195771,"GTPBP8"
4.24630816086607,0.577441645458373,0.280234956362192,2.06056251138082,0.0393447963566909,0.106131268860821,"C3orf17"
1.46029860823015,0.566098129536298,0.465828250275119,1.21525074789251,0.224270470441894,0.376867036822288,"WDR52"
4.24258734302687,1.24133574455844,0.383503549326727,3.23682987220772,0.00120865444410992,0.00788365091208117,"SPICE1"
2.81893122296165,0.570269338555246,0.447572797381615,1.27413761938042,0.202614648152939,0.351276353598485,"SIDT1"
7.31657663474451,1.68558599553586,0.389921931674104,4.32288070665559,1.54005015261597e-05,0.000282993987435016,"KIAA2018"
24.6074736855636,0.785208657317586,0.212448319136314,3.69599844569148,0.00021902431162767,0.0021263170009868,"NAA50"
10.0063440553206,0.600034844839814,0.312178183129207,1.92209089957918,0.054594320969864,0.135891433814514,"ATP6V1A"
6.11739389565768,1.35682157434015,0.315947612810791,4.29445110304631,1.75126071879105e-05,0.000310762931471745,"ZDHHC23"
7.2668111225931,0.669396734935249,0.258958300406279,2.5849595625436,0.00973904188206067,0.0377466077227619,"QTRTD1"
1.96765649849356,-0.243993366317149,0.48990338570867,-0.498043845857892,0.618453138482896,0.750352037082366,"RP11-553L6.5"
4.84406944329438,0.209999954966756,0.274321812378337,0.765524087005996,0.443959528971307,0.605323350235831,"ZBTB20"
9.06476942179433,0.0272244584335709,0.227525717046919,0.119654423187498,0.904756905903782,0.944048808427659,"B4GALT4"
3.6747461625002,0.524251164609471,0.333566144956719,1.57165579461757,0.116030399286666,0.235530866589383,"TMEM39A"
5.1381043857756,0.539853366040272,0.28629824506908,1.885632815912,0.059344452062574,0.144372927732875,"POGLUT1"
21.4329271429576,-0.223366799698344,0.183675441181628,-1.21609507651852,0.223948705870647,0.376707448678825,"TIMMDC1"
63.7536890592695,-0.291396178916878,0.156241935243551,-1.86503180764273,0.0621769458839137,0.149488959995418,"COX17"
4.28306864928995,0.203254795515053,0.411603843527397,0.49381170441263,0.621439166322125,0.752140750145183,"NR1I2"
7.96252989840579,1.05403060627982,0.225878082706171,4.66636954613667,3.06568128819972e-06,8.14017085326381e-05,"GSK3B"
14.0108866081049,0.837223414020121,0.195107780968094,4.2910816260938,1.77804937043268e-05,0.000314488862587931,"LRRC58"
167.903923781672,-0.05855154578281,0.102814331060826,-0.56948817522501,0.569024893170994,0.712593443246886,"NDUFB4"
4.85870143933384,0.806015023083014,0.267868854393942,3.00899119050865,0.0026211671614927,0.0141146852894047,"RABL3"
1.97412893686222,0.543109751294105,0.408091297825987,1.3308535472023,0.183237204654482,0.327403100123013,"GTF2E1"
6.71574459637912,1.56094943057519,0.376625578445192,4.1445656373611,3.40458430484091e-05,0.000514239020174858,"POLQ"
32.8675239493741,1.54548335324106,0.234105190770208,6.60166204839976,4.06573515036632e-11,1.52254771493028e-08,"GOLGB1"
9.84272816064977,0.224301836807991,0.295055571891917,0.760202003201472,0.447133847778587,0.60827678653081,"IQCB1"
3.10473480845599,0.397361194511825,0.381306633373243,1.04210406988348,0.29736343187953,0.459761798150867,"EAF2"
2.64186155419672,0.450786654599756,0.397332669943325,1.13453206519377,0.25657143130585,0.415255699550153,"ILDR1"
13.5976055414722,0.595443056819897,0.307294702607121,1.93769385468768,0.052660584132219,0.132107633096766,"CCDC58"
171.94578559494,-0.351964201623344,0.125905979837422,-2.79545262328146,0.00518270974827412,0.0237185958138461,"FAM162A"
1.70011161718452,1.33622381453062,0.554873783043521,2.40815813499304,0.0160332345404661,0.054600478867815,"RP11-299J3.8"
6.01119221747358,1.10340259351483,0.342607116761448,3.22060616821078,0.001279198021528,0.00823967408884584,"KPNA1"
5.44403012116117,1.13488415318287,0.373656278463505,3.03724095805261,0.00238754517281594,0.0132763648626631,"PARP9"
10.3629792958919,1.06176838370133,0.26491417970002,4.00797112824858,6.12426049938605e-05,0.000817069644021284,"DTX3L"
9.57547396816611,2.12994797791244,0.334628095336965,6.36511998721331,1.95137129005647e-10,5.43381851538802e-08,"PARP14"
1.59328879268343,0.0332249974999787,0.440655584763586,0.0753990160315433,0.939897242075973,0.965410389572029,"HSPBAP1"
2.4550758827557,0.836230404632966,0.517918845993515,1.61459736617392,0.10639791619159,0.221144759778118,"DIRC2"
6.94278527732311,-0.213911411099745,0.243219128299288,-0.879500771980899,0.379129814725267,0.544931435586491,"PDIA5"
3.71117099318282,0.104666829607018,0.302870964867754,0.34558225035774,0.729656687174227,0.833235712167414,"SEC22A"
9.4003063613102,0.897179568358683,0.262638999686632,3.41601806825777,0.000635440306116232,0.00477239400029203,"PTPLB"
1.42368120968802,2.42116118256668,0.799065766392904,3.0299898761727,0.00244561936273581,0.0134682689043159,"MYLK"
28.0451560160322,0.550369779214804,0.250157860226308,2.20008989010742,0.0278005180276557,0.0823101487950765,"CCDC14"
6.48220246772763,0.501216816666765,0.248701806523782,2.01533243233131,0.0438698288798969,0.115497294941983,"KALRN"
15.0933556627973,-0.09470045587993,0.184024006445653,-0.51460924967905,0.606826100206337,0.742884843674989,"UMPS"
6.24937733033956,0.00263897525943509,0.245793922396917,0.0107365358496276,0.991433648387855,0.994731099546573,"ITGB5"
41.6527954567813,0.589225665643256,0.229878386819731,2.56320602295388,0.0103710487246756,0.0396164576679482,"MUC13"
2.97252592313799,0.234452901152976,0.327013259454399,0.716952277544176,0.47340354340257,0.630894892790761,"SLC12A8"
14.2133588474784,0.980088627725855,0.247453957375401,3.96069086193279,7.47332318356664e-05,0.000949858870578235,"ZNF148"
11.8499174179981,-0.0399038019647942,0.223371078077763,-0.178643548252484,0.858217597918321,0.917982710213471,"SNX4"
2.7525430811353,1.28551235250639,0.423634899445747,3.03448170627175,0.00240949367869368,0.0133437538758865,"OSBPL11"
2.76273209524883,-0.00794383543935394,0.388284690136379,-0.0204587912970861,0.983677384970759,0.989692088269636,"RP11-379B18.5"
1.28427768176184,-0.655058406615211,0.792274994994755,-0.826806867253897,0.40834653708822,0.572984226648397,"ALG1L"
7.33807382107664,-0.50430068563615,0.237481051462404,-2.12354073106328,0.0337085661167172,0.0951673886352477,"SLC41A3"
5.86197689718446,-1.07545293970871,0.477096985178655,-2.25415999915822,0.0241861042350563,0.0739682038841765,"ALDH1L1"
3.6256140662427,-0.0873352362780515,0.318555898612576,-0.27415984654005,0.783961784080148,0.869833016736077,"ZXDC"
1.28332825747052,-0.317972209541703,0.530421072564071,-0.599471299291742,0.548858643543406,0.696429836650948,"CHST13"
1.5924493495525,-0.314633923617195,0.4759520291811,-0.66106225906535,0.508572387406564,0.661369432072241,"TXNRD3"
7.74684656577949,-0.607148049833585,0.227906229182949,-2.66402569166376,0.00772116654944799,0.031738027527254,"CHCHD6"
1.10077236184706,0.157574118809646,0.532427884891113,0.29595391842009,0.767265273466056,0.86035114815089,"PLXNA1"
7.9521422678728,-0.508533352088503,0.26264141425437,-1.93622682672575,0.0528399262137303,0.132399219481632,"TPRA1"
13.2291362800994,-0.362161362855778,0.193609763970005,-1.87057385655346,0.061404171084177,0.148297359561202,"MCM2"
11.5275895191686,-0.117914425450025,0.214712244098916,-0.549174202639805,0.582885906419276,0.724848021709688,"PODXL2"
2.62813480169223,-0.0761751580401752,0.451977434637837,-0.168537524669153,0.866160425443875,0.922748893498183,"ABTB1"
25.3554534154702,-0.144940971802578,0.194587982804994,-0.744860857866182,0.456355839848676,0.616267647445489,"MGLL"
26.1687174871273,0.135481685128551,0.180558910077908,0.750346161649363,0.453046247358655,0.613094360911525,"SEC61A1"
15.4437327236595,-0.0651008158297951,0.185103497156581,-0.351699545550593,0.725063601416005,0.831049151596603,"RUVBL1"
4.53658156320018,0.0384259146146033,0.266730172242905,0.144062871820927,0.885450822824147,0.93368248721917,"EEFSEC"
48.5761812113347,-0.26421221301993,0.152327733760958,-1.73449841664781,0.0828296864470257,0.184405574992763,"RPN1"
35.0852799939816,-0.234536928169855,0.147135959434415,-1.59401501217925,0.110932672554214,0.227866242469976,"RAB7A"
12.4513664869412,-0.2429314630069,0.245649026389496,-0.988937210855102,0.322693863127324,0.488687645336095,"ACAD9"
9.6507712001167,-0.0180635478201551,0.255706580263478,-0.070641701130814,0.943682920593129,0.96710356871203,"ISY1"
87.54389744617,-0.549415683365785,0.151285609802085,-3.63164536326055,0.000281619953636787,0.00257223944196426,"CNBP"
13.5009316617789,0.0455931241518177,0.179181395508866,0.254452333191934,0.799146124964885,0.879783615083857,"COPG1"
19.908281810258,-0.689388203407711,0.202838821058845,-3.3986995182136,0.000677070583653428,0.00503974402911325,"HMCES"
44.3348255343456,0.410167690391787,0.216711055771425,1.8926938864827,0.0583985898948915,0.142904165448067,"H1FX"
14.1012941901167,0.451311191382914,0.169167821933113,2.66783118814024,0.00763426056890029,0.0314761084959215,"MBD4"
3.93553243467902,-0.20441946711382,0.277092866024613,-0.737729087170589,0.460679092824374,0.620254766683945,"IFT122"
3.10121555017729,0.726353383837173,0.372309771866119,1.95093827432057,0.0510643889388049,0.129298033078904,"TMCC1"
2.39841703753996,0.475338803859695,0.345190481955771,1.37703334450745,0.168501938871228,0.308017346598475,"PIK3R4"
10.5233102793213,0.482761629645237,0.26772464805671,1.8032020329446,0.0713564913339721,0.165265834055649,"ATP2C1"
3.61041030778799,0.692059963960008,0.305982625603639,2.26176228991669,0.02371209388926,0.0728467721746432,"ASTE1"
20.483997972857,0.0566742437591658,0.146438317914269,0.387017855479227,0.69874298927093,0.812196175048946,"NUDT16"
42.2611884019896,-0.0812120664738565,0.140611180343825,-0.577564787346749,0.563557986197412,0.707460378002993,"MRPL3"
7.08212084734018,0.620339407647883,0.273189182647459,2.27073195811128,0.0231632091558232,0.0716673650804101,"DNAJC13"
7.34551817862411,0.369557016597084,0.287355898372802,1.2860603129769,0.198422013392676,0.346552438958583,"NPHP3"
0.547270750080858,0.752362079307041,0.853166115774712,0.881847116752713,0.377859488168507,0.543877275216697,"ACKR4"
7.59265505488276,0.234242372954208,0.237257351151736,0.987292371836354,0.323499329151329,0.489303999245603,"UBA5"
36.1468784460889,1.1749920008478,0.23212066212403,5.06198797683922,4.14907196615725e-07,1.8242478361323e-05,"CDV3"
12.1048241974201,1.08439097150862,0.230969104673709,4.69496114227286,2.66657408627001e-06,7.29335464707399e-05,"TOPBP1"
19.6253313191946,0.260589346356465,0.175069172041523,1.48849362407825,0.136620762373384,0.265454016809417,"SRPRB"
7.48827704227083,0.722241636975036,0.320459599677188,2.25376814332471,0.0242107579021705,0.0739811003988665,"RYK"
15.2996799166211,-0.222443706136591,0.152278229172502,-1.46077155838609,0.144078143575838,0.276293453411888,"ANAPC13"
7.70519214218797,0.664225108332885,0.244971571449093,2.71143751253976,0.00669921666839132,0.0285980711551611,"CEP63"
5.4826907635792,0.286273722735099,0.418811503531255,0.68353834677737,0.494266727747209,0.648199089884639,"PPP2R3A"
5.30881965325232,0.270781019738671,0.570805464747193,0.474384070339269,0.6352260504338,0.76387497593966,"MSL2"
17.9335174983141,-0.479098986855177,0.220433901172631,-2.17343604729825,0.0297475142475541,0.086519550641545,"PCCB"
8.34934379172095,1.02361965344206,0.246594135874066,4.1510299902866,3.30982387717385e-05,0.000503426993082745,"STAG1"
2.50561095145459,0.071162291921381,0.371905293411666,0.191345197774883,0.848255152504644,0.912371806309633,"RP11-85F14.5"
10.5966624207209,0.889747245047175,0.282630141527722,3.14809751089447,0.00164336863355292,0.00999271184791975,"NCK1"
3.82998275750968,0.209516265187057,0.324646099960725,0.645368187735517,0.518688613901859,0.669792906893483,"DBR1"
6.18845961413101,0.487931149067949,0.246491545166938,1.97950460628374,0.0477592215411857,0.122906432686558,"ARMC8"
9.27230046652745,0.493445212902955,0.217144462154261,2.27242826276826,0.0230606562848543,0.0714110998726883,"CEP70"
6.22701913210972,-0.302837446426561,0.257056821889896,-1.17809534950321,0.238758595837031,0.394547197248001,"FAIM"
5.57388964537421,1.05451833405146,0.347585461133913,3.03383901792483,0.00241463239939599,0.0133544917643394,"PIK3CB"
25.4800291104305,-0.232888722019286,0.172954796421674,-1.34652942177729,0.178131838410572,0.3209209962075,"MRPS22"
17.5862845439909,0.596248604299245,0.189831756478197,3.14093181963329,0.00168411233393115,0.0101608110813846,"COPB2"
1.81256561530501,-0.0713450729231574,0.452759790439344,-0.15757820025035,0.874789182611626,0.927730183108648,"RBP2"
3.91519100090955,-0.581859424167596,0.304184908984041,-1.91284776786255,0.0557675439101333,0.138083795454639,"NMNAT3"
17.4707852307553,0.921506766366577,0.200670929359912,4.59212886144467,4.38747307653746e-06,0.000107800809075106,"SLC25A36"
3.33049028707099,0.265250271332582,0.336529079013371,0.788194209279737,0.430583115771616,0.592590626952192,"ACPL2"
24.481910153925,0.819715125641146,0.233500153299023,3.51055497848607,0.000447172326888393,0.00370426504195877,"ZBTB38"
5.0593295975206,0.945628949256491,0.379912906236314,2.48906771455742,0.0128078568995206,0.0463181238524122,"RASA2"
58.2638105069022,-0.378050575098782,0.123318316481108,-3.06564820122807,0.00217198706833759,0.0123367047919175,"RNF7"
43.9338920147833,-0.284662323656943,0.14342422926254,-1.98475756237717,0.0471714511035192,0.121653279264835,"ATP1B3"
13.2336638613679,0.561407146631989,0.187141180149807,2.99991239866384,0.00270057263698316,0.0144460047642942,"TFDP2"
9.56654091843429,0.569035201174563,0.217531594944097,2.61587380592138,0.00889994437449265,0.0351978863463183,"RP11-485G4.2"
2.3956402465136,1.28194138438708,0.385900752706623,3.32194579926528,0.000893920565141568,0.00624708966373065,"GK5"
4.61779514314365,1.54192641871847,0.359094482802546,4.29392957163956,1.7553817902847e-05,0.000310986072471318,"XRN1"
3.13651481201873,1.17511640429757,0.365246304204476,3.21732592710837,0.00129391517684997,0.00830491656063281,"ATR"
25.4963333233301,0.638655235921667,0.325877271753379,1.95980294202596,0.0500188272530114,0.127452947904201,"PLS1"
34.1652633769408,0.85310671698328,0.178345579446485,4.78344750473204,1.72313908971943e-06,5.1410138775695e-05,"U2SURP"
4.79228687191968,1.05203805346085,0.422198278061123,2.49181038419239,0.012709386696704,0.0460540338759445,"C3orf58"
8.67504643965036,0.478689617029975,0.333959642217003,1.43337564339265,0.151750515151695,0.286461080227257,"PLOD2"
3.65367704965511,0.620768766398207,0.385756872120036,1.60922283247113,0.107567625547375,0.222659389124286,"PLSCR4"
29.7755509065091,0.0223681322569525,0.179089655790711,0.124899074478609,0.900603451093521,0.942226983303343,"PLSCR1"
6.95000503221115,0.000482401923578883,0.244028507047337,0.00197682610698145,0.99842272199714,0.998882612702804,"GYG1"
6.06555977805716,0.918868727707028,0.298848333154723,3.0746991894089,0.00210714961823471,0.0120342444501624,"HLTF"
4.92657423361906,0.877517240566215,0.402956875979979,2.17769516510202,0.0294287391135905,0.0858206516577854,"HPS3"
2.99800439298746,0.532534939857578,0.648723692659134,0.820896393770828,0.411705285368597,0.575581797000897,"TM4SF1"
7.97325572715975,-0.373125378309047,0.227673300079439,-1.63886313493439,0.101241766869042,0.213604305604093,"COMMD2"
11.0014211100302,0.387679445064442,0.206303009228807,1.87917494036393,0.0602206101738401,0.146144318768247,"RNF13"
14.7411173092546,-0.357550679059635,0.271354600604553,-1.31765106713889,0.187620482143805,0.332825618438699,"PFN2"
8.35081559755067,0.661898306907276,0.56781230119557,1.16569913246614,0.243736111055645,0.400147266222874,"TSC22D2"
133.026491381575,0.0489912002053483,0.106912755523071,0.458235315006697,0.646783390711157,0.772469770496334,"SERP1"
22.6665313430046,0.245802576369971,0.170475163879211,1.44186737103906,0.149339792579612,0.283338600177252,"EIF2A"
26.4199626619558,-0.0350580200677991,0.189875890417176,-0.184636501194402,0.85351415432329,0.9155152660185,"SELT"
11.8517649019507,0.126884188495252,0.290516723774635,0.436753474452923,0.662290143705956,0.784775882230953,"SIAH2"
27.1146512537016,1.14616564436312,0.298451199095217,3.84037875484446,0.00012284463273998,0.00136721556914171,"MBNL1"
1.68182558409964,-0.0631409772703562,0.41123842509066,-0.153538612682986,0.877973542762971,0.929588834396595,"MBNL1-AS1"
2.09126923169737,1.93960597154936,0.462361130101349,4.19500222937037,2.7286890403438e-05,0.000432606758804872,"P2RY1"
1.96962156605687,0.185507635669215,0.464407675289293,0.399449977982505,0.689561674697551,0.805836628345572,"RP11-38P22.2"
6.24253693994909,0.846999820940246,0.424315732033051,1.99615464852543,0.0459170921531157,0.119268026975086,"RAP2B"
1.63411598579259,1.0742553815115,0.530622621510043,2.0245186276725,0.0429168173200187,0.113602588246808,"ARHGEF26"
18.7136495550393,0.751546438554152,0.17524664697242,4.288506807622,1.79878287030018e-05,0.000317638731243251,"DHX36"
2.66079044306165,1.47835950789197,0.489820881428602,3.01816350413689,0.00254311654072403,0.0138924776822249,"PLCH1"
1.55424644875557,0.353422484570233,0.45622049440525,0.774674721772354,0.438531891606541,0.600107906104717,"C3orf33"
4.25155242349587,0.857067954308571,0.300916313301621,2.84819372171922,0.00439681517109033,0.020961111834083,"SLC33A1"
17.3025855631756,0.614988031392145,0.168272230475926,3.65472086304894,0.000257461942796309,0.00239820131882871,"GMPS"
58.0482869486813,0.244806879152509,0.213884279911428,1.14457630665464,0.252384711719027,0.410485386315988,"SSR3"
2.22635076543005,0.0781805804673713,0.412767913379252,0.189405663408577,0.849774886050795,0.913356617429892,"TIPARP-AS1"
4.48155257337759,1.56296069913555,0.505915696579217,3.08936984897605,0.00200581568790712,0.0115929528316505,"TIPARP"
43.0243865044201,0.446769158138063,0.321553417663965,1.38940883099228,0.164708466448456,0.302971269766594,"CCNL1"
21.0976713128712,0.855848067701819,0.214622605471003,3.98768836965522,6.67202242983644e-05,0.000868071351271106,"RSRC1"
2.63981901129517,0.886411092827482,0.595069310334162,1.48959302291983,0.136331277657493,0.26518499619347,"RP11-538P18.2"
3.87994144866359,0.0718478875035326,0.318176000210266,0.225811775420057,0.821347818151517,0.89532648434893,"MLF1"
10.9191949504194,0.199070915295017,0.239623826636505,0.83076427786539,0.406106806454584,0.570915199753628,"GFM1"
19.3814803021663,-0.373034530830797,0.208645127326771,-1.78788997188785,0.0737937611187931,0.169686752764505,"LXN"
35.2462169341743,0.536775203316185,0.179964438355512,2.98267373388407,0.00285742422252045,0.0150638966294039,"RARRES1"
10.4914685685958,0.166221703561652,0.209504266158279,0.793404862868391,0.427541978441558,0.589900379351457,"MFSD1"
2.32683280064097,0.821410949067558,0.413917035144872,1.98448210468086,0.0472021210974186,0.121703474624398,"IFT80"
41.9467042649539,0.293432910905257,0.175290251989247,1.67398305139785,0.0941339303446598,0.202836207052184,"SMC4"
1.86644138372198,1.88013507823455,0.496838740294682,3.7841958079183,0.000154206385158313,0.00162748429817229,"TRIM59"
14.7631156971466,1.17402708011501,0.267341839215154,4.39148276813555,1.12580259400426e-05,0.000221742684736267,"KPNA4"
26.0342009749109,0.238656278475122,0.548636623911059,0.434998809911406,0.663563291271017,0.785684402878679,"ARL14"
1.53864266155023,0.423185472335197,0.475052185530942,0.890818914688761,0.373026326150203,0.539135733562843,"PPM1L"
6.9495958287841,0.459587541367555,0.275280751556582,1.66952298251442,0.0950137795627251,0.204326662584395,"NMD3"
5.05053595000414,2.64476103341214,0.720893699265805,3.66872541139657,0.000243762717070708,0.00230397137283541,"SI"
20.454105882702,0.553626420503076,0.222911185130139,2.4836188465817,0.013005492860715,0.0468767515656703,"PDCD10"
44.3363374409335,0.737530393612783,0.34523196617711,2.1363328598442,0.0326522923217686,0.0930961875563325,"GOLIM4"
25.3648321657766,0.549160813494581,0.235774981794239,2.32917338945586,0.0198498820358756,0.0640673546812881,"MECOM"
4.16101347606273,0.561735677567082,0.266925354344828,2.10446729178601,0.035337704869954,0.0987068831504149,"MYNN"
2.26291965202862,1.09255769998125,0.481498267401741,2.26907919290532,0.0232635104407465,0.0718753124854927,"LRRC31"
63.1177017455452,0.617721474562502,0.213044947228517,2.89948896980842,0.00373771495838969,0.0185265104738074,"SEC62"
62.3379742506727,-0.288751254360167,0.154367470976303,-1.87054469788193,0.0614082160171938,0.148297359561202,"GPR160"
6.04663386351299,1.19009948179492,0.313786892659136,3.79269978968727,0.000149018270874415,0.00158350139109212,"PHC3"
10.4380603506274,0.587701365191165,0.282922207563996,2.07725427512872,0.0377780968720933,0.103238583802449,"PRKCI"
7.53956943909766,2.14083860942835,0.403848131224564,5.30109821961245,1.15108136637787e-07,7.14328207935066e-06,"SKIL"
63.4236556810635,0.264610427762709,0.160564404352093,1.6480018023326,0.0993523013357122,0.210763051315452,"RPL22L1"
5.8921387749631,0.960384425976393,0.336111665412991,2.85733738160006,0.00427211479401164,0.0205288348066223,"TNIK"
4.19760319041395,0.394393752271894,0.320873087904826,1.22912692630949,0.219024221055352,0.370672127265252,"PLD1"
10.2967171389291,1.46921519702883,0.282615252810297,5.19864084623567,2.00750982101368e-07,1.07928498298062e-05,"FNDC3B"
23.4327613663715,0.474496119965821,0.19478324685068,2.43602120632873,0.0148498139207651,0.0516756941753223,"TNFSF10"
2.89062480751143,1.17810917200815,0.455857892900196,2.58437813703948,0.00975547724104781,0.0377833391004919,"NCEH1"
9.48940566172642,1.21484171353098,0.348014172534059,3.49078229971248,0.000481608512491688,0.00388002110212146,"ECT2"
2.71078055239176,0.977063598090445,0.4182392372854,2.33613566348322,0.0194841721068406,0.0631824750911583,"NAALADL2"
30.8164419387458,0.848911787032515,0.34804755127648,2.43906840866742,0.0147251804248732,0.0514337559051323,"TBL1XR1"
1.89361503996121,1.25620377172061,0.470554618289414,2.66962372250692,0.00759362913112636,0.0313960323168395,"ZMAT3"
3.00493174082073,0.674610744533367,0.355205108473954,1.89921464652256,0.0575362597702775,0.141311216977369,"PIK3CA"
5.37347018632488,0.960086062824802,0.359748620268522,2.66876927035378,0.0076129727844564,0.0314480351613528,"ZNF639"
6.51311551777553,1.20488128916411,0.337331297862894,3.57180403003646,0.000354530664327437,0.00307524202443768,"MFN1"
25.0736823337551,-0.257266457914142,0.157355126025534,-1.634941704234,0.102061268836185,0.214678555018588,"ACTL6A"
33.2541256492574,0.150868441169567,0.130104066968085,1.15959819462504,0.246212436384893,0.402994281709109,"MRPL47"
85.552014227814,-0.368851235489852,0.112057039075599,-3.29163824542079,0.00099605647321716,0.00679897756074064,"NDUFB5"
1.87232773123826,0.496304149834452,0.444275488479547,1.11710900714546,0.263947719774813,0.423513980924874,"USP13"
6.93868990102158,0.677120626682673,0.288381975210889,2.34799912923651,0.0188745654300046,0.0617402953523644,"TTC14"
14.1028094010068,0.976052664181098,0.22185210651367,4.39956455460096,1.08468308061449e-05,0.000215744656693651,"FXR1"
43.5630620401018,-0.3370294266545,0.164596986811837,-2.04760386676934,0.0405988301636736,0.10851668608848,"DNAJC19"
7.25970266768556,0.883723510218703,0.339127256713853,2.60587579654314,0.00916396851748711,0.0359812165871827,"ATP11B"
7.3184381443278,1.09003961204307,0.353791574029461,3.08102196903168,0.00206291427487741,0.0118409478627056,"DCUN1D1"
10.2273012231172,-0.226222711335507,0.206573454921685,-1.0951199485978,0.273464090229742,0.434057296096901,"MCCC1"
10.5626189183884,0.593807184829641,0.390684922332951,1.5199132366915,0.128532783235108,0.254209802573897,"B3GNT5"
7.01003390597452,0.688358285707167,0.309419447849159,2.22467686013951,0.0261029387681022,0.078352104759975,"KLHL24"
4.29451346649564,0.705080470850599,0.353191598310993,1.99631156070072,0.0459000204619858,0.119252206272049,"YEATS2"
25.1465030418853,-0.412693198152255,0.143937767232605,-2.86716409519775,0.00414168204315374,0.0201044576596984,"PARL"
2.76993045911624,0.329712648755082,0.365883057056608,0.901142161125188,0.367512738666773,0.533652673074094,"ABCC5"
18.6213117086056,-0.0535157685577515,0.151543364472388,-0.353138316178155,0.723984748848891,0.830338406642619,"EIF2B5"
8.69811622404998,0.225414437348103,0.239152925042621,0.942553545217689,0.345909310750698,0.512493194372795,"DVL3"
55.728407323847,-0.422735972609413,0.136121639771548,-3.10557508210222,0.001899094005341,0.0111181460366595,"AP2M1"
7.34156142996561,-0.126692885204053,0.241551338003961,-0.524496722936699,0.599933098515967,0.737299501572704,"ABCF3"
28.9853835065737,-0.20552811857388,0.146456851524047,-1.40333563390944,0.160516776973949,0.298188880933473,"ALG3"
9.58336371750669,-0.563617948060481,0.222396260443923,-2.5342959766295,0.0112673518272402,0.042165210490637,"ECE2"
29.0971413801334,0.213741662448124,0.163271129273115,1.30912099034106,0.190493370098406,0.336547584068439,"PSMD2"
33.1875503365779,0.280174900677825,0.167963190307177,1.66807322583854,0.0953011914283835,0.204742025501928,"EIF4G1"
2.77523811625393,0.575282025042731,0.497309050024793,1.15678977692855,0.247358259587154,0.404321297278221,"FAM131A"
2.0366250864347,0.061397907780471,0.370598157682634,0.165672458180566,0.868414721677859,0.923700673596626,"CLCN2"
45.1756758623175,-0.116721077973471,0.127872698076523,-0.912791234792132,0.361352349130817,0.527685245625828,"POLR2H"
15.1046132359952,-0.10281988098534,0.282104031992562,-0.364475049360694,0.715503302107241,0.82455841705607,"EPHB3"
23.4922949214239,-0.300839131063084,0.144051659789147,-2.08841141784435,0.0367607384116686,0.101428256898049,"MAGEF1"
4.35629124976717,0.552800111683167,0.273676410593554,2.01990412869069,0.0433933329562669,0.114576123487736,"VPS8"
1.93365446813922,1.29585628940983,0.41547469717996,3.11897763739998,0.00181479734479453,0.0107462918017822,"C3orf70"
4.2582259538949,0.499510257318992,0.314678005468774,1.58736946541553,0.112428990720264,0.230026156597979,"EHHADH"
33.0844882099678,0.522751532254911,0.199646753233994,2.61838233673765,0.00883477543034163,0.0350294491323513,"MAP3K13"
12.0811764713272,0.234744713551425,0.244915017991979,0.958474149425632,0.337823720682935,0.504436354546497,"TMEM41A"
16.438253341809,0.034359371402755,0.580337544833859,0.0592058392716803,0.952788158737318,0.971963746868155,"LIPH"
5.4546672073628,0.544723782351094,0.273350497907573,1.99276674643293,0.0462869946657856,0.119913349730542,"SENP2"
11.124184756219,0.874338059900163,0.22139900161704,3.94915087021272,7.84289104016266e-05,0.000980488895201038,"IGF2BP2"
64.9107833356917,0.310480795074541,0.174199862453417,1.78232514481788,0.0746962245409704,0.17092598165317,"TRA2B"
1.8009052579545,-0.835073339966139,0.412483994675885,-2.02449877024273,0.0429188583797397,0.113602588246808,"TBCCD1"
21.8375418051542,-0.0905122305379175,0.179854375392982,-0.503252869662739,0.614786497865393,0.748327882405084,"DNAJB11"
84.582130697992,-0.130492488097271,0.190180266492027,-0.686151568216158,0.492617535012742,0.646582841459799,"EIF4A2"
21.1307346067147,-0.216788580887806,0.176459444170688,-1.22854620735463,0.219241994638527,0.37092507583337,"RFC4"
8.502577617113,0.0274091786923362,0.290894074755864,0.0942239154074886,0.924931287537095,0.956005880142082,"ST6GAL1"
9.81158524127642,0.113556532189322,0.267393203549063,0.424679949535387,0.671070002189238,0.791359674717983,"RPL39L"
3.7217278302431,0.0501085635779811,0.291548803669352,0.171870242468255,0.863539541500122,0.921498862565412,"RTP4"
45.9146874121064,0.844742920146484,0.226647491519707,3.72712230116623,0.000193678490179942,0.00193678490179942,"LPP"
1.69858841310995,1.88166116467089,0.827804818386191,2.27307346234007,0.0230217533318445,0.0713109643992673,"CLDN1"
11.4705145339041,0.938736375290534,0.208506641039807,4.50218933367842,6.72570244853789e-06,0.000148457578437239,"CCDC50"
9.17823848381931,0.934324866436056,0.309769103861468,3.01619772530283,0.00255966287064454,0.0139210394203418,"OPA1"
1.02349864740386,0.265165711697713,0.568148190347346,0.466719275363,0.640700737225104,0.767568671402607,"RP11-135A1.2"
159.880745925418,0.869037574368076,0.293785479533749,2.95806850545262,0.00309573316739097,0.0160304088731394,"HES1"
10.1050661115808,1.18584680248557,0.345574258641828,3.43152527374629,0.000600197200849295,0.00457413445699884,"ATP13A3"
1.38634382482378,-0.33453858919222,0.413883042445776,-0.80829257274064,0.418922177148009,0.582745592907312,"TMEM44-AS1"
7.65967199748068,0.0333292690986014,0.271028706014187,0.122973206745328,0.902128314823114,0.942663086019461,"TMEM44"
1.07274088699608,-0.615033102249279,0.543787897271742,-1.13101653298094,0.258048132847596,0.416838126241989,"AC046143.3"
9.01591513583933,1.14827733268266,0.28655770500426,4.00714171222719,6.14579910422242e-05,0.000818937156709883,"LSG1"
4.23142091742676,0.31102782417163,0.377976308909193,0.822876505327092,0.410578224648738,0.574597876248105,"FAM43A"
2.528455479881,0.39188403799553,0.375632630092852,1.04326410061517,0.296825992818894,0.459454145098801,"XXYLT1"
15.765115239143,0.815921910228568,0.249008353080292,3.27668489886152,0.00105033515796855,0.0070716923840908,"ACAP2"
19.8798566264442,0.400685555283665,0.177289820354803,2.26005957071754,0.023817553897024,0.0730880574517322,"PPP1R2"
27.6754572326209,0.0616139363671268,0.214262052969381,0.287563455652745,0.773680921900712,0.863901394899577,"LINC00969"
4.98490703513092,0.651349865523751,0.36655141873195,1.77696724726107,0.0755736288310359,0.172300531429597,"MUC20"
49.9601976780903,0.939121030910684,0.213027208750687,4.40845578561643,1.04110268416177e-05,0.000208990298521197,"MUC4"
1.22131486903069,-0.373637088144158,0.453226669769573,-0.824393428423178,0.409716047618988,0.574057060655685,"TNK2"
30.7578539769454,0.62404205235772,0.273842350553778,2.27883689683408,0.0226767626922017,0.0705978729675144,"TFRC"
8.41154803717004,0.49411008148043,0.223247692334897,2.21328192158514,0.02687821520366,0.0801695734995188,"PCYT1A"
7.57920515876237,-0.831767527621806,0.238561195561339,-3.48660026482781,0.000489201966625553,0.0039237321695373,"TCTEX1D2"
6.148388879856,0.533671350234986,0.263554115040576,2.02490236266212,0.0428773909629069,0.113572796550529,"UBXN7"
11.0351975540774,0.883557220280578,0.284384971816653,3.10690545508228,0.00189056852300921,0.0110861631532829,"RNF168"
1.98308756167142,-0.108061971383831,0.389111781625657,-0.277714467889824,0.781231553549296,0.868341327591613,"WDR53"
5.87668472424405,1.00600445690203,0.298025245561542,3.37556791541771,0.000736635083379615,0.00538348385296273,"FBXO45"
16.5176918391081,-0.0387357388220238,0.168207210924816,-0.230285839763062,0.817869663182545,0.892580096690025,"PIGX"
23.1800508757515,1.3198263383,0.27638550017626,4.77530962173594,1.79430969049576e-06,5.3386858188449e-05,"PAK2"
4.17024049971265,1.24491799318363,0.322911920574413,3.85528657774265,0.000115594137661036,0.00130223271265442,"SENP5"
15.9597504070803,0.531038620740893,0.167729879924881,3.16603470400577,0.00154532355926174,0.0095353487804446,"NCBP2"
35.8951964057705,-0.503767489861025,0.174816266275095,-2.88169688436364,0.00395540036402834,0.0193339870860497,"NCBP2-AS2"
24.4417171401757,-0.216817508041707,0.200376903566948,-1.08204840069936,0.279231021886911,0.440570811810527,"PIGZ"
3.94808017611668,-0.20543938002784,0.280279822581361,-0.73297955641528,0.463570898335002,0.622373588319708,"MFI2"
2.05430653360215,0.14551012318115,0.372992702551435,0.39011520114414,0.696451362737375,0.810801169790815,"MFI2-AS1"
14.0595281176669,1.17778716301234,0.234312036477428,5.02657559004997,4.9931572028824e-07,2.08560335474242e-05,"DLG1"
36.1513643297349,-0.199480337609467,0.153053501717456,-1.30333729951319,0.192459632283712,0.33930383224044,"BDH1"
2.07953512562276,0.796300951421116,0.414490871769116,1.92115437433488,0.0547122482829486,0.135997943774965,"KIAA0226"
8.22259975807224,0.761641113436853,0.265176730117018,2.87220192020904,0.00407622423802637,0.0198332415882466,"FYTTD1"
3.94748245104815,0.1010902969818,0.290534786356091,0.347945587685668,0.727881047785687,0.832567209101083,"LRCH3"
1.67406690434022,0.9807331430845,0.417433173017644,2.34943748239924,0.0188018012138684,0.061632224926837,"IQCG"
1472.00990443598,-0.180545085980198,0.126553140244641,-1.42663457920669,0.153685251610461,0.289358847519002,"RPL35A"
2.19143462034525,0.531461657851195,0.405953277787024,1.30916952006979,0.19047693441857,0.336547584068439,"ZNF595"
1.89228530710462,0.349373496211421,0.401089599755451,0.871060970976156,0.38372086300742,0.549328838948139,"ZNF718"
2.12879356712814,1.0347311179789,0.393589497615508,2.62896018376413,0.00856463881158353,0.0342207422714485,"ZNF141"
7.59519651545979,0.581899184471032,0.225695287937023,2.57825136621108,0.0099301733055738,0.0383096561628886,"ZNF721"
4.5372039298212,0.224960070235594,0.292332576006832,0.769534730985083,0.441575934818392,0.603086234250238,"PIGG"
505.431454764894,0.124404238084759,0.243953955598501,0.509949665622571,0.610086725694898,0.745160310331646,"ATP5I"
10.8438105783998,-0.723579698021504,0.239435539627315,-3.02202295928068,0.00251091502828897,0.013765036449883,"MYL5"
7.18423021976659,-0.182570995899747,0.265257185470559,-0.688279171687171,0.491276995330564,0.645525489327274,"PCGF3"
19.9953638073827,0.311873318756147,0.214719283940495,1.45247000191457,0.146370964361664,0.279316231412348,"GAK"
4.15011470802265,-0.166921946933345,0.280030328242884,-0.596085245411579,0.551118280372108,0.697953362796543,"TMEM175"
6.64511085686876,0.788002905692195,0.338160761087952,2.33026121409528,0.019792349377979,0.0639336449270828,"DGKQ"
1.40477278235864,0.00590011366746782,0.492959325698695,0.011968763668494,0.990450536253077,0.994025177020953,"IDUA"
2.27545184183795,0.0753653131776802,0.43629399049501,0.172739746179342,0.862856000449967,0.920945077630137,"FGFRL1"
2.17385662081226,0.289379424160946,0.477086561828223,0.606555387039256,0.544146014775137,0.692294484589737,"SPON2"
23.55138734553,0.0445050352354788,0.280792842960114,0.158497755022199,0.874064589536873,0.927730183108648,"CTBP1"
2.95971350837425,0.481786776126558,0.337274332198649,1.42847151452603,0.15315618792282,0.288512784187653,"CTBP1-AS2"
15.8106882102119,-0.012702352837234,0.159272161023277,-0.0797524988398793,0.936434104355731,0.963584837341599,"MAEA"
2.88296893837993,1.0702502238154,0.545100239654897,1.96340075816692,0.0495996258050724,0.126592699469586,"UVSSA"
1.91528929974721,0.0595607854594384,0.466770312946622,0.127601914276518,0.898464016144968,0.941089179664437,"CRIPAK"
39.1531569445176,-0.127562414434709,0.169394404410003,-0.75304975320174,0.451420016957939,0.611961226334193,"SLBP"
11.3995882944916,-0.0317248801613979,0.172067563689805,-0.184374553117925,0.853719631261035,0.9155152660185,"TMEM129"
11.339896683958,-0.0423145656250127,0.253182209872007,-0.167130880350576,0.867267068721603,0.92329383063588,"TACC3"
6.12178786738228,-0.833990445206325,0.32274495128262,-2.58405419478125,0.00976464494951662,0.0378053633339574,"FGFR3"
16.6776610783177,0.535803189477564,0.212841337738435,2.51738311350036,0.0118230191669177,0.0436579354480539,"LETM1"
23.731039796025,0.592005940884776,0.200150066736017,2.9578103596917,0.0030983267241915,0.0160304088731394,"WHSC1"
7.9364732261547,-0.2084453345182,0.215524692975659,-0.967152912458812,0.333467597509432,0.499442574672794,"NELFA"
71.7156567619094,-0.362118613551597,0.223604564741167,-1.61945984408129,0.105348359739099,0.219762425425781,"C4orf48"
3.90960883225313,0.847502024497694,0.309222113091492,2.74075490922907,0.00612982129616272,0.0267773947082798,"HAUS3"
10.8183775712311,0.756200921427822,0.247521339557641,3.05509384677406,0.00224990108532838,0.0126863581446865,"MXD4"
2.14893674461241,1.33250123559393,0.404074599108887,3.29766146778967,0.000974936010289783,0.00669866796427128,"ZFYVE28"
8.75823922456484,0.218190768333779,0.199959701095568,1.09117370719362,0.275196454945448,0.435978628841366,"RNF4"
4.05604417801941,1.06072628351218,0.325581009645672,3.25794887320535,0.00112220622634452,0.00743572887010465,"FAM193A"
12.5763960143993,-0.141248730463614,0.175890287769186,-0.803050198251817,0.421945720978572,0.584994343457014,"TNIP2"
7.97503537606535,-0.00897053752445298,0.31807122030399,-0.0282029210812583,0.977500307466336,0.986083374935737,"SH3BP2"
15.244452819563,0.251252267908815,0.224807147067767,1.11763469794435,0.263723043199088,0.423361977535655,"ADD1"
15.3216311409515,0.374348168043848,0.168646085670489,2.21972639658694,0.0264373458732201,0.0792244967392854,"MFSD10"
8.99395594965872,1.73043784310893,0.278005047911915,6.22448353404436,4.83144881695342e-10,1.04939068304228e-07,"NOP14"
10.9122270588939,0.0695668144619469,0.248575578741934,0.279861822364174,0.779583518559951,0.867460129004615,"HTT"
4.47807280557694,0.0577870444263295,0.302221117339667,0.191207831322331,0.848362768305501,0.912380636145547,"RGS12"
42.015921782792,-0.168038084135965,0.137049724964544,-1.22611033462079,0.220157157292801,0.37212556080931,"LRPAP1"
6.39591174213527,-0.790806442877256,0.258687237481722,-3.05699829096954,0.00223565550645369,0.0126297431628767,"TMEM128"
16.2148521683514,0.208692648207135,0.174031614966527,1.19916515310896,0.230463734118617,0.38434216101477,"LYAR"
8.28804950330137,0.0866199468288033,0.24989347880669,0.346627480006431,0.728871198359268,0.832925537808208,"STX18"
3.48405818494666,1.12459728511804,0.318980340067013,3.52560062128526,0.000422523631781111,0.00355430413721368,"MAN2B2"
43.7888447658396,0.0984376624672349,0.12186459092153,0.807762630004804,0.419227241668285,0.582791534609432,"MRFAP1"
4.41605025417355,-0.570796484248326,0.310101764430015,-1.84067473881512,0.0656692379418965,0.155534423230577,"RP11-539L10.3"
4.4343282264145,0.430211995475777,0.291103806913662,1.47786454611146,0.139444037619798,0.26945947483114,"AC093323.3"
16.4959141450651,2.9253221832453,0.552548227435166,5.29423865283967,1.19513272602877e-07,7.258084994126e-06,"S100P"
6.73016669601573,0.315577666207189,0.238579917765009,1.32273356937787,0.185923995766345,0.331005671151231,"MRFAP1L1"
12.0150097379313,-0.3712294267312,0.192721715873541,-1.92624596065132,0.0540736694639837,0.13490467502386,"BLOC1S4"
6.44228643758758,1.04427662044816,0.289370268213936,3.60879031178181,0.000307628129820137,0.00274966377765159,"KIAA0232"
9.07104873744722,-0.0206334485758118,0.228515465731607,-0.090293444733609,0.92805402921907,0.958139248723177,"TBC1D14"
3.15202619151866,0.62331604577381,0.337839665073122,1.84500551656331,0.0650367361364158,0.154331082566312,"TADA2B"
24.0091639101074,0.0808208396727362,0.153297544772648,0.527215486670707,0.598043955358408,0.736283568211349,"GRPEL1"
4.12420383444735,0.736414794878944,0.300548951853381,2.45023245077958,0.0142764016792444,0.0502892384808935,"AFAP1"
2.04967203480873,0.281878402202905,0.453146710868781,0.622046669306025,0.533911181019659,0.683839536015272,"ACOX3"
1.50811493336528,0.546957983352671,0.441630871658696,1.2384958082717,0.215532275381193,0.366647949661616,"TRMT44"
45.1095884077496,-0.0882933822456992,0.165333360236869,-0.534032467006075,0.593319071589,0.733209503579488,"WDR1"
1.38591628293688,0.871471758363776,0.475663621197138,1.8321177393606,0.0669338809931047,0.157748066452606,"ZNF518B"
2.1315764163357,-0.803354338101142,0.661837652818434,-1.21382386553569,0.22481499085218,0.377355610611232,"HS3ST1"
5.64917414283295,-0.0850410338113082,0.300794572737699,-0.282721303902867,0.777390484084273,0.866579159043062,"RAB28"
11.2084977702152,2.03617155861886,0.325736513115788,6.25097732870698,4.07892090463419e-10,9.22855854673484e-08,"BOD1L1"
5.17058133007903,0.674124753849525,0.524787121108656,1.28456802145865,0.198943279462938,0.347093231431131,"CPEB2"
10.2069089460745,0.30184855299321,0.289147047269043,1.04392749586804,0.296518935780033,0.45904428261884,"FBXL5"
31.9572393901169,0.0625379042953611,0.158016982457692,0.395766982274233,0.692276936540927,0.807377610541859,"FAM200B"
7.64274567513544,0.204891904816983,0.329677441658307,0.621492037145029,0.534275932117127,0.684080372925791,"BST1"
9.69043433220694,1.03091153031163,0.426231602010895,2.41866517040959,0.0155775716374439,0.0535186421963432,"FGFBP1"
8.7856443215424,0.705538248314014,0.31080809883897,2.27001243194617,0.0232068287595622,0.0717410077793468,"PROM1"
3.86172461006949,0.619553663295933,0.344620765529106,1.79778389832288,0.0722112599426998,0.166925134733444,"TAPT1"
2.61528146275995,0.447331610361546,0.376681259758128,1.18756003590087,0.235006790629317,0.390180973281514,"TAPT1-AS1"
28.0474601877524,-0.442745737608143,0.158730789025313,-2.78928707106432,0.00528242191636239,0.0240432112370895,"QDPR"
29.4562923034144,0.104164774662292,0.170637749087596,0.610443909505742,0.541567788695429,0.689904657023353,"LAP3"
22.6822734635583,-0.392158573345696,0.20097200047316,-1.95130949795202,0.0510202399017902,0.129216372512463,"MED28"
1.31439604473143,0.0103003300272089,0.625170177749665,0.016476041874367,0.986854615308916,0.992153408836774,"FAM184B"
7.58392425941867,0.853237058432804,0.28405838564412,3.00373832125405,0.00266684590676038,0.0143021958258853,"DCAF16"
6.32759121117526,0.976272183839771,0.323640750063503,3.01653046981325,0.00255685519362026,0.0139210394203418,"NCAPG"
5.40885646132648,0.484031978169786,0.374007509563616,1.29417716434235,0.195604232641645,0.343099795836661,"LCORL"
2.73082074675566,0.146328310626189,0.334400739805693,0.437583692880626,0.661688094444918,0.784490470051507,"PACRGL"
9.20217906907694,0.0694982248360035,0.256792521066761,0.270639598642887,0.786668236690022,0.871312294793843,"GPR125"
4.6898800744143,0.305702766835399,0.385284335517273,0.793447173046809,0.427517335909242,0.589900379351457,"PPARGC1A"
23.8588485043031,0.640287037347082,0.190045923530259,3.36911745042053,0.000754092883455377,0.00548155871106117,"DHX15"
14.2321392473419,0.399681580545774,0.359095586790273,1.11302281411552,0.265698631365393,0.425337136885048,"SOD3"
2.73629402508933,0.740554717901882,0.357818968122188,2.06963516156862,0.0384865227522583,0.104378503194336,"CCDC149"
2.68613503131871,0.404820685225166,0.359724742021696,1.12536236164915,0.260435513629417,0.41959834955725,"SEPSECS"
11.827319775047,0.909243598861518,0.276457532753181,3.28890875139685,0.00100576625085923,0.00683946241974401,"PI4K2B"
1.15693584892288,-0.325082229215785,0.562846787733016,-0.577567885792014,0.56355589378499,0.707460378002993,"ZCCHC4"
4.32988478591213,0.442175775087267,0.284685361821317,1.55320868013158,0.120373288287901,0.24239827754619,"ANAPC4"
12.1689104899397,0.226187071375021,0.200997532941658,1.12532262493329,0.26045234570584,0.41959834955725,"SEL1L3"
24.7449572226891,-0.366997296027373,0.159133073623032,-2.30622891691735,0.0210978446091807,0.0670145049592579,"SMIM20"
20.6565031448775,0.784214799968925,0.185455011463052,4.22859858993437,2.35151467570236e-05,0.000388697859636646,"RBPJ"
5.58057880258818,0.988064737354948,0.27350842516252,3.61255685914552,0.000303192596174754,0.00271896911185618,"STIM2"
3.07506439737017,1.31598460127584,0.410202117895067,3.20813702286268,0.00133597830965974,0.00849954566075265,"ARAP2"
11.7175200568641,0.126129493580631,0.275341588878616,0.458083699212746,0.646892309574183,0.772514897952016,"C4orf19"
7.31673976239559,0.353004094890045,0.247650100158285,1.42541470673512,0.154037359337329,0.289770608419088,"PGM2"
7.99956591506281,0.601044882861906,0.252690555721496,2.37858071563367,0.0173794315524312,0.0578781437164681,"TBC1D1"
30.5810733067136,0.899373362701025,0.284894610729533,3.15686337624285,0.00159476047876622,0.00972983078618042,"KLF3"
11.5053707405419,0.61307284067961,0.189947742868486,3.22758686900577,0.00124839129274331,0.00807957654302287,"FAM114A1"
23.3808049643683,1.37638912076242,0.183997117620965,7.48049283901168,7.40444031148999e-14,8.93469130919792e-11,"RFC1"
1482.48015302915,-0.0800667372615441,0.132959303584589,-0.602189806225975,0.547047800362913,0.694846679759209,"RPL9"
9.29986842196582,0.432049851398336,0.215497589236913,2.00489412864545,0.0449743665374733,0.117550329866898,"LIAS"
49.1354753835901,-0.0252190916233133,0.181988372288554,-0.138575290861588,0.889785769927837,0.935976904254385,"UGDH"
38.8539832122201,0.181068509791233,0.203987438641635,0.887645391289676,0.374731529041691,0.540449456227458,"SMIM14"
31.0438794327683,0.892564213704172,0.175840210624594,5.07599604512379,3.85471309891775e-07,1.75155582653752e-05,"UBE2K"
19.775282736336,0.832500542096481,0.245812019439076,3.38673651514756,0.000707292810415189,0.00522175385527461,"PDS5A"
3.08406742827243,1.31146861394518,0.471131242534648,2.78365876754338,0.00537495490899579,0.0243753052165125,"N4BP2"
56.6120859819268,0.559953131450461,0.322087809397301,1.73851078840351,0.0821208508016736,0.182939987632036,"RBM47"
3.58417155906133,-0.414909826618807,0.284479319304269,-1.45848853840597,0.144705932091953,0.277357293067175,"NSUN7"
2.54928685018097,0.899449859098217,0.431664899704127,2.08367615646933,0.0371896344876388,0.102043174457325,"APBB2"
1.5982853973891,1.59366375755948,0.543445552914883,2.9325178005626,0.00336225647614495,0.0170946186006246,"LIMCH1"
12.3555954973118,0.741458654353303,0.28734104104344,2.58041333622513,0.0098682121796087,0.0381247898507828,"TMEM33"
14.9982466241369,0.405947061171467,0.193932005831262,2.0932442761649,0.0363273541642115,0.100522605352537,"SLC30A9"
5.00638129629111,1.29406970419576,0.419196230536907,3.08702609882326,0.00202169845662637,0.0116475571559482,"ATP8A1"
5.10415353595832,0.525349863069429,0.254237802471708,2.06637194768819,0.0387933726181569,0.104982812517614,"GUF1"
1.99874759802386,0.553848289976603,0.485011753593776,1.14192756334825,0.253484130376811,0.411793217036974,"GNPDA2"
15.5894146416499,-0.292099347827038,0.197370441236805,-1.47995488076443,0.13888528806652,0.268762335780899,"COMMD8"
2.85682489411575,1.50277035393367,0.415910192391419,3.613208768203,0.000302431006369892,0.0027143807679149,"NFXL1"
18.3443373223963,0.898293704025021,0.213057747558749,4.21619825759833,2.48455349758726e-05,0.000402720163937278,"NIPAL1"
1.4431915293019,0.0106120719578173,0.49976993842775,0.0212339141309746,0.983059060811642,0.989436645080115,"CNGA1"
8.85491510309878,1.33661748292188,0.26930397809193,4.96322962769459,6.93305312868748e-07,2.63262087334077e-05,"SLAIN2"
36.3415751086023,0.984146978899747,0.283846505257575,3.4671801860188,0.000525949197352956,0.00414111413901654,"FRYL"
50.2714722768665,0.374398914145181,0.122987852644398,3.04419425248202,0.00233304443027229,0.0130535097953411,"OCIAD1"
70.1751233299306,-0.736240756232314,0.112358302503052,-6.5526155151046,5.65379522697294e-11,1.98065213435246e-08,"OCIAD2"
4.49001364050741,1.042380793587,0.354219820668994,2.94275117529651,0.00325309770518569,0.0166409048885146,"DCUN1D4"
8.29780927470726,0.31067556528523,0.248072761058909,1.25235662294843,0.210439944798699,0.360754191083484,"SGCB"
1.14031263991483,0.570528932431539,0.53769708341304,1.06106012108174,0.288662579592827,0.450996347918012,"SPATA18"
3.56857353903122,1.43328429726254,0.307943506233009,4.65437415711578,3.24966235420474e-06,8.56585756472414e-05,"USP46"
3.48678177167991,0.548734486242897,0.319862056766249,1.71553478956057,0.0862472226757527,0.190181693047447,"SCFD2"
12.6293193958101,0.168942407664352,0.199900950818405,0.845130585786076,0.398037933013559,0.563584348439015,"FIP1L1"
3.44452913541262,0.410602852497752,0.322089797489152,1.27480862696864,0.202376986452931,0.35097637701674,"LNX1"
8.08199874818869,-0.399521494485652,0.301999273785395,-1.32292203712237,0.185861305961926,0.330948316567718,"CHIC2"
18.4918277731971,-0.32891491390195,0.251611069186179,-1.30723546847841,0.191132753018935,0.33745760003018,"SRD5A3"
21.5814083982364,0.306634672765271,0.210698013035902,1.45532778571111,0.14557853787767,0.278293068359707,"TMEM165"
7.47183897736412,1.45545885445021,0.306518648470202,4.74835336027427,2.0507949961406e-06,5.89196657621347e-05,"CLOCK"
8.99162656199494,0.986174135089868,0.260186977434937,3.79025170595432,0.000150494703310819,0.00159450973459073,"EXOC1"
4.51266569227833,1.26571021526681,0.360100345673614,3.51488197796405,0.000439949462822787,0.0036696245516555,"CEP135"
4.87524464392149,0.27507893824675,0.308982096830903,0.890274682799154,0.373318411854805,0.539486088189379,"AASDH"
6.75232199033367,1.00558286765104,0.267462325206082,3.75971781026067,0.000170105122665606,0.00175269604568167,"PPAT"
49.3679414242791,-0.0361991386104207,0.108939988353346,-0.332285133839092,0.739673964264626,0.840960976959154,"PAICS"
30.9274127507413,0.453539621688502,0.149511781177202,3.03347079485975,0.00241758110577268,0.0133544917643394,"SRP72"
4.42248123832336,-0.335693011640783,0.428436837477209,-0.783529758125993,0.433316085819356,0.595177682143837,"SPINK2"
10.642785933841,0.737086002428819,0.227107560082864,3.24553705812296,0.00117229305483721,0.00770806989560476,"REST"
10.8167154373882,-0.299265245305955,0.21134963123604,-1.41597240343291,0.156783584459926,0.293209872091407,"NOA1"
15.7609668211141,0.0372397731435792,0.307825616085445,0.120976849221159,0.903709372141707,0.9434996905844,"POLR2B"
3.55607412371492,-0.0308469663591461,0.608548337655237,-0.0506894267068427,0.959573002084758,0.976477024235427,"IGFBP7"
6.33073971047,1.18856630900374,0.294345891455715,4.03799184396825,5.39107270391733e-05,0.000735515698047013,"CENPC"
8.6154805843051,1.55786239913104,0.26553664814101,5.86684516068665,4.44165098613557e-09,5.6041688460806e-07,"UBA6"
24.5913993557463,0.669301759284471,0.27199603714457,2.46070408345224,0.0138664683026528,0.0491962906784741,"YTHDC1"
194.267386292466,0.138942180212715,0.683045716042412,0.203415638147547,0.83881017784635,0.906505973869177,"UGT2B17"
1.8031242090652,0.919350437892506,0.514381766625513,1.78729204171388,0.0738902996154093,0.169686752764505,"UGT2B15"
21.770097538428,-0.145984384583187,0.215943744031426,-0.676029700410966,0.499021788296672,0.652701026243751,"UGT2A3"
1.23924071672525,-0.096765193905892,0.543002190807735,-0.178204058001958,0.858562722910151,0.918077114100457,"UGT2B7"
12.6638160368918,0.699331218860625,0.391382824923773,1.78682142987963,0.0739663545879899,0.169825499117457,"SULT1B1"
133.240815313766,-0.0870217121528322,0.945030854607705,-0.0920834613267268,0.926631728567529,0.957216833657696,"IGJ"
7.45948246415091,0.626517249427873,0.249278636837855,2.51332106663996,0.0119600432253711,0.0440135306396402,"UTP3"
4.4823055239742,1.38536083649807,0.352534550694649,3.92971648812379,8.50460772991865e-05,0.00103892058432977,"RUFY3"
29.4719104123554,-0.0154522279587296,0.152184749052238,-0.101535982120163,0.919124995540297,0.952633847257838,"GRSF1"
2.53361413158804,1.15825352333331,0.428068879610755,2.70576437228166,0.00681473805669543,0.028943314546622,"MOB1B"
13.8989794282567,-0.0903362182800789,0.243722844003109,-0.370651420262133,0.710897177874234,0.820876486094012,"DCK"
18.7346812843805,0.977448015703555,0.251841800361835,3.88119849166899,0.000103942960393859,0.00120600486098003,"SLC4A4"
4.15189442302161,0.722528123111984,0.289792810791396,2.49325758337079,0.0126576983869781,0.0459126935479567,"COX18"
16.4858952144178,0.856817612154468,0.182231506585771,4.70180831079938,2.57867529371297e-06,7.10771921058956e-05,"ANKRD17"
6.02944813946438,1.12308102148054,0.271356878045111,4.13876010651123,3.49187834418024e-05,0.000525232670606613,"RASSF6"
5.03604280967904,-1.64770157197557,1.06856328227847,-1.54197846707049,0.123078826291107,0.246293726464239,"IL8"
10.9008597902214,0.32686798501496,0.472101154422937,0.692368535752682,0.488705919959079,0.643704826046768,"CXCL1"
2.60221843967743,-0.0932210424888495,0.398681164756544,-0.233823543045419,0.815121971446892,0.891372934237563,"PF4"
50.4964909446413,-0.176232359929574,0.456579833255678,-0.385983670529064,0.699508762512973,0.812912269758254,"CXCL3"
24.4632259007791,-0.163565524166479,0.559046191272157,-0.292579623508876,0.769843490621595,0.861818401005105,"CXCL2"
15.499498364272,-0.0237732274475717,0.224081296647899,-0.106091975560668,0.91550937778914,0.950337587726061,"MTHFD2L"
3.3251547865533,1.2711065438377,0.875395928923297,1.45203616082737,0.146491550876215,0.279371677606767,"EREG"
3.4655857902039,0.680253617186959,0.801062318142258,0.849189384871495,0.395775919003609,0.561259660535282,"AREG"
2.83576152457438,0.673560994063314,0.350225829973379,1.92321906729299,0.0544525436295291,0.135662909799653,"BTC"
9.98379454477094,0.742154882344302,0.278870872166848,2.6612850477273,0.00778430259992991,0.0319371085135016,"PARM1"
5.93675156495244,-0.149715896395612,0.286729153442635,-0.522150937907907,0.601565242826291,0.738911855947757,"RP11-44F21.5"
8.71622559580432,-0.453034306870045,0.226894149817707,-1.99667689640312,0.0458602934751807,0.119181394182999,"RCHY1"
2.67802585746888,0.85116622361886,0.326754170649106,2.60491311228865,0.00918975612945663,0.0360421638013359,"THAP6"
0.888428848278897,0.816810108308506,0.636284116836495,1.28371915421928,0.199240239950335,0.347366994037669,"CDKL2"
23.859422232239,1.24024942088614,0.250303849239081,4.95497542149863,7.23394328244712e-07,2.71857445947476e-05,"G3BP2"
12.0033333764262,0.819400340091033,0.228360149261227,3.58819322347569,0.000332977486555518,0.00292331083588757,"USO1"
14.3125822447989,-0.247061254263477,0.210651041968283,-1.17284610583923,0.240857525167407,0.396861284071922,"NAAA"
12.3885911943457,0.37402422657671,0.205315763206645,1.82170243889294,0.0685001477094254,0.16015319787392,"SDAD1"
13.4481338072263,0.373648967737292,0.218342075562157,1.71130079612586,0.0870255994775101,0.191326527942377,"NUP54"
17.0099825203928,1.12579956162096,0.234700941982569,4.79674070377003,1.61268139800852e-06,4.8649222173257e-05,"SCARB2"
21.0595236206921,0.736953744092234,0.225283714294464,3.27122511451927,0.00107082633891449,0.00716965107312658,"SHROOM3"
30.4176390618201,0.798450906056122,0.202600447306192,3.94101255289637,8.11383794760686e-05,0.00100087978808421,"SEPT11"
80.2253133202915,0.295245010739878,0.145985034088286,2.02243341301223,0.0431315961259749,0.11394043637268,"CCNI"
3.41772241784782,0.777329793959118,0.455642936795983,1.7060064607282,0.0880068767018601,0.192886918462604,"CCNG2"
10.5750628159723,1.18806240180649,0.316728162296459,3.75104756454988,0.000176097286171703,0.00180663085152706,"CNOT6L"
34.3747514483724,0.575713135696292,0.175872127899786,3.27347569265973,0.00106233527311918,0.00711989604933916,"MRPL1"
8.96623185152512,-0.000599711220463713,0.287893422754986,-0.00208310149889774,0.998337926677487,0.998882612702804,"ANXA3"
7.10744596457535,1.35008269681144,0.322623390661347,4.18470184087987,2.85540637185346e-05,0.000447178907156677,"BMP2K"
1.30915150080618,2.14655374611255,0.574186406172415,3.7384266207584,0.000185175523540742,0.00187244523803767,"PAQR3"
2.53567365126468,1.04903897609223,0.375084183126633,2.79680941848211,0.00516099665283134,0.0236591066482686,"ANTXR2"
2.65513706625174,1.6019343858904,0.413714684208738,3.87207524179187,0.000107912626414475,0.00123751966511214,"BMP3"
5.28139771500851,1.73680230063983,0.456653940551817,3.8033227054629,0.000142768180878484,0.00153986112843135,"RASGEF1B"
69.7354632917189,0.719170078545525,0.16783839971246,4.28489594620542,1.8282473531841e-05,0.000321795239150395,"HNRNPD"
60.2688824225958,0.165195209229655,0.139603582616376,1.18331640301527,0.2366837743584,0.392125978570896,"HNRNPDL"
13.1257363587211,-0.111487329588526,0.20622495243036,-0.540610281513698,0.588776229695785,0.729992810206281,"ENOPH1"
2.12220725124219,-0.238836063684212,0.538943231298615,-0.443156254340039,0.657652718118817,0.781583335387432,"TMEM150C"
14.3738945301182,1.26732018935153,0.273991974252977,4.62539164808313,3.7389122500339e-06,9.53159320079065e-05,"SEC31A"
12.7698056999037,-0.153853823999954,0.221397045584201,-0.69492266075177,0.48710377056789,0.642467319871648,"THAP9-AS1"
3.97097653341456,1.21877953282481,0.346828826053365,3.51406642490921,0.000441302444739353,0.00367543705660848,"LIN54"
12.5456780792875,-0.171345972695628,0.182450154848668,-0.93913854355317,0.347659617280329,0.514174512278955,"COPS4"
20.1750581203386,0.899223595973821,0.485212827358835,1.85325602554363,0.0638456708588583,0.152387689126857,"PLAC8"
18.7259348415104,-0.151738602219331,0.169885955194175,-0.893179203930649,0.371761212942199,0.537808281943823,"COQ2"
2.71591795245254,0.396079838864973,0.359816807091314,1.10078192863419,0.270991578692248,0.431077859176478,"HPSE"
2.76931387548873,0.281153645878507,0.33687986636385,0.834581326907929,0.403953479460052,0.569034461528819,"HELQ"
48.2612291440653,-0.193064999439765,0.115491110614661,-1.67168709706092,0.0945860398046854,0.203568052373936,"MRPS18C"
4.17596967092329,0.398746300199608,0.327998248921768,1.21569642981452,0.224100584692803,0.376707448678825,"FAM175A"
2.50208577597624,1.14178381483011,0.423687311092502,2.69487375462332,0.00704153047675711,0.0296055056049486,"AGPAT9"
11.5667083467539,0.826808297676305,0.244892557577435,3.37620834971626,0.000734922427997842,0.00537458422091351,"CDS1"
2.00932987526394,1.2765729064813,0.418457353542332,3.0506642927286,0.00228335719206692,0.0128174552126922,"WDFY3"
2.10343185313662,0.353238977030314,0.376534374583818,0.938132082683678,0.348176536122265,0.514553654042777,"ARHGAP24"
2.10751058692993,0.15883859957173,0.370783601103742,0.428386258450757,0.668369927555968,0.789414080820526,"C4orf36"
9.27922872551048,1.61417970853363,0.280182713414142,5.761168092293,8.35337963362994e-09,8.80754396322536e-07,"AFF1"
7.33103499054652,0.703778315639161,0.226294975029893,3.11000416843632,0.0018708470367995,0.0110181121581576,"KLHL8"
81.2831828149598,-0.387573250695273,0.157036552476239,-2.46804482513024,0.0135853306335647,0.0484521151660139,"HSD17B11"
14.1951913312871,-0.0695616094401123,0.187993110090826,-0.370022121590012,0.711366007744002,0.821327087733963,"NUDT9"
1.27170276487237,1.3815939968691,0.543610784952417,2.54151322069526,0.0110373771897992,0.0415048186569318,"PKD2"
2.03000327234,0.685021329234729,0.459253257716674,1.49159819277175,0.135804512267407,0.264687186508262,"PPM1K"
48.9525564107197,-0.36751366910115,0.14445810585869,-2.54408478441946,0.0109564486763041,0.0412862708621312,"PYURF"
3.45217749650871,0.611066556917224,0.363913583561468,1.67915292124293,0.0931222445219184,0.201335372388619,"HERC3"
7.38419182468401,0.575801959963129,0.247544894495196,2.32605063876324,0.0200158493926192,0.0645102280988311,"FAM13A"
7.71550001081323,1.09735197634036,0.315501703236429,3.47811743988599,0.000504948641487424,0.00402624247177197,"GPRIN3"
5.3303257826664,1.25380748012867,0.38792545102861,3.23208357895601,0.00122891106298017,0.00798329504046056,"SMARCAD1"
19.7788105302431,0.76514695813649,0.244599931259817,3.1281568813024,0.00175906262465763,0.0104848628451053,"PDLIM5"
0.92969002544996,0.409644617199726,0.78405612521475,0.522468486662898,0.601344182354501,0.738755409544104,"UNC5C"
7.59757967509136,0.239623712515413,0.24478526753565,0.97891394742747,0.327622500107487,0.49368396713852,"RAP1GDS1"
2.34867642506554,0.0651081917216332,0.392651073434192,0.165816920229419,0.868301030042448,0.923700673596626,"TSPAN5"
32.2039500276678,-0.134428737891074,0.243794171351794,-0.551402591561936,0.581357724545434,0.723864353194613,"EIF4E"
15.1558114724265,0.361509669620642,0.166654374287945,2.16921800681947,0.0300661366880141,0.0873101597993169,"METAP1"
86.1968215851788,-0.377888449460674,0.156331374753582,-2.41722718844072,0.0156392524683738,0.0536626482801073,"ADH5"
4.94606078381375,0.183625615379843,0.276497011591076,0.664114285804346,0.506617167454091,0.659773106562768,"ADH6"
2.96464021019338,-1.71367010382654,0.49079605638444,-3.49161343400083,0.000480112551091924,0.00387356789028637,"ADH1A"
7.63900049808246,-2.04143774193996,0.483131131592182,-4.22543199651056,2.38482836476497e-05,0.000389783129728913,"ADH1B"
3.20010747614704,0.640914125945392,0.381988484062715,1.6778362507917,0.0933790703605715,0.20181028937628,"TRMT10A"
12.8753694147619,0.326562672419396,0.199171475735068,1.6396056273328,0.101087192297937,0.213535775944789,"LAMTOR3"
10.4423619844963,1.3679777835862,0.282164807854629,4.84815166706043,1.24617113146163e-06,4.01585118328584e-05,"DNAJB14"
502.924382620639,-0.414763041596852,0.100993506436856,-4.10682880741619,4.01128298713157e-05,0.000583948166759367,"H2AFZ"
10.9869826831521,1.10555146296319,0.354426503307694,3.1192686005296,0.0018130060463958,0.0107415415514776,"PPP3CA"
8.10266059450616,0.0787210816113038,0.430272248581749,0.182956446461007,0.854832192411445,0.915982003906097,"AP001816.1"
23.3344708993058,0.3092476072718,0.208758144293317,1.4813678686341,0.138508572102982,0.268368080827544,"SLC39A8"
2.79618260670752,-0.579124187077299,0.354619908148616,-1.63308425096821,0.102451278414452,0.215207134154923,"RP11-499E18.1"
14.9885517682309,0.510536955719322,0.242301842141512,2.10702878363241,0.0351150846417195,0.0983367249120871,"NFKB1"
3.25809909541969,-0.530552199321813,0.370510351824994,-1.4319497328712,0.152158207727053,0.287080982612194,"MANBA"
79.1325661838594,0.0939949588227072,0.148594787767266,0.632558922389155,0.527021719052467,0.677813343073163,"UBE2D3"
36.1749495692819,-0.0387195944395695,0.178437141688756,-0.216992908948896,0.828213871128691,0.899530217067465,"CISD2"
17.8668724719155,-0.529689150851742,0.199693067674677,-2.65251646949842,0.00798942301405849,0.0324598331210906,"BDH2"
4.8720061615004,2.12575861903308,0.425866205503543,4.99161142997856,5.98776222167577e-07,2.33910423479852e-05,"CENPE"
0.622334870447215,-1.52869657361067,0.793175147984023,-1.92731274737501,0.0539406659187585,0.134634711992121,"AC004069.2"
3.21587326665287,1.97799607861222,0.408220336594031,4.84541288441321,1.26348643231226e-06,4.03572431026798e-05,"TET2"
56.2984523743413,-0.703474141091299,0.159759240854536,-4.40333928308927,1.06597259715513e-05,0.000212802617740896,"PPA2"
3.763734151027,1.91920488023559,0.455459612044059,4.21377621524417,2.51136123730033e-05,0.000405250862363768,"ARHGEF38"
3.99937036042701,-0.105539936866061,0.324786803539753,-0.324951431880276,0.745217830262934,0.844523180283362,"INTS12"
3.74144906780994,1.22357760695496,0.47819247671216,2.55875545213036,0.0105047609218416,0.0400286679337545,"GSTCD"
8.94564383637726,1.05858567237792,0.30801238157628,3.43682830852617,0.000588568564416213,0.00450954534974004,"NPNT"
4.17063349930092,0.377531623098273,0.44902095695915,0.84078842478753,0.400466472898424,0.565621783805031,"TBCK"
48.3902176709882,0.218688519871085,0.175045126835758,1.24932652410413,0.211545670412122,0.361565310147253,"AIMP1"
7.28494926815622,0.319486510632009,0.295925621884664,1.07961760322507,0.280312499300588,0.441605099313061,"PAPSS1"
7.71018427072523,1.16157686413737,0.362684039150873,3.20272396562277,0.00136134398676908,0.00862555174814016,"SGMS2"
86.5937063591152,-0.433112039945316,0.125897016488905,-3.44020892650371,0.000581265292428619,0.00446747422206285,"HADH"
2694.23684784308,-0.208145292286638,0.225556198887144,-0.922809008635504,0.356106745321765,0.522681342640136,"RPL34"
67.324474415979,-0.171439727158661,0.14041964322088,-1.22090986151407,0.222120150256562,0.374394665805721,"OSTC"
4.32874419108513,0.511550383808182,0.355964003679244,1.43708458866851,0.150693959686332,0.285210247855275,"SEC24B"
10.5186523654614,0.0824848159281398,0.247718589100854,0.332977901365963,0.739150964376493,0.840542353207195,"CCDC109B"
42.5026263666508,-0.121749109987627,0.151592262460381,-0.80313538442931,0.421896487747875,0.584994343457014,"CASP6"
29.4749274389855,-0.0758555005267057,0.122057516876328,-0.621473404244038,0.534288188135963,0.684080372925791,"PLA2G12A"
2.24913645884103,1.39647292897376,0.650496926311543,2.14677867410083,0.0318109059045,0.0911520944915224,"CFI"
23.2009895946882,-0.27814463965842,0.162233482318131,-1.71447124036329,0.0864422145645017,0.190495389479241,"GAR1"
9.57873698388091,0.971191574955964,0.292825598242125,3.31662115875855,0.000911130719033744,0.00633475006959441,"ELOVL6"
8.82064848182705,-0.547935242817798,0.65212274046398,-0.840233300908885,0.400777590407004,0.565934979306009,"PITX2"
2.31655618633921,1.09282881543662,0.396353097722908,2.75721022925024,0.00582968576317613,0.0257883451682659,"C4orf32"
8.03194596102856,1.15962279467831,0.31380694685148,3.69533818901447,0.000219594296980836,0.00212738096807483,"AP1AR"
7.02210447904322,0.268380036485741,0.280311638076302,0.957434512271969,0.338347985762899,0.504872097469783,"TIFA"
2.60089411848732,0.782031787533141,0.371472091413864,2.10522352986638,0.0352718549722261,0.0986231578265643,"ALPK1"
3.45238889023482,1.02259729980809,0.377908234729484,2.70594077035684,0.00681111929165516,0.0289392627180653,"C4orf21"
27.037365008126,0.519644294481596,0.172776454050128,3.00761059913193,0.00263310292667236,0.0141631985060237,"LARP7"
16.3674739840371,1.42625406839789,0.312149561498584,4.56913686359403,4.89736909238285e-06,0.000117552711935861,"CAMK2D"
0.790383750870953,1.22206713531836,0.689495684044092,1.77240722980393,0.0763269825344938,0.17366667302003,"ARSJ"
12.3631834299068,0.984042900607991,0.260579946703065,3.77635698010685,0.000159138867877378,0.00166337642458934,"UGT8"
129.377142152338,0.601781364081154,0.205617772623358,2.92669916808929,0.00342580075394985,0.017328456538377,"SNHG8"
2.47892980999145,1.03580678593408,0.46155991283846,2.24414373328951,0.0248231549018802,0.0752804976918233,"PRSS12"
5.15759146254609,0.365601405747888,0.317568506530133,1.15125208649491,0.249628542467119,0.407235386990073,"METTL14"
3.54382894192981,1.54969622829707,0.458534254348019,3.37967384901387,0.000725718937444422,0.00531627558081878,"SEC24D"
13.1340407270356,1.52433207040226,0.290210933314943,5.25249704754582,1.5005087048594e-07,8.65887930940932e-06,"USP53"
45.1556289032995,0.0680446789493108,0.14699277838545,0.462911713736587,0.643427650887305,0.769816490981176,"C4orf3"
24.1687953080555,0.612959488627406,0.350199302812018,1.75031613057332,0.0800637790184814,0.179743374773817,"FABP2"
3.28081640381741,0.694832712801588,0.380603646434513,1.82560708314481,0.0679094681093508,0.159286570986512,"PDE5A"
31.4911817788728,-0.102379249711695,0.167739566529243,-0.610346454507181,0.541632330182423,0.689904657023353,"MAD2L1"
1.73973425041403,0.509525973248478,0.417653956057795,1.21997161970608,0.222475633662998,0.37481932695938,"PRDM5"
24.3949142409853,0.351488840169387,0.235580604195012,1.49201094619159,0.135696275773925,0.264523703985788,"ANXA5"
11.0888452816766,0.0473473552012673,0.211747580797416,0.223602815309449,0.823066372833873,0.896295873791499,"EXOSC9"
12.4011919554521,0.28844056601006,0.271807769638765,1.06119323370852,0.288602093750747,0.450966724911238,"CCNA2"
5.11297737955399,0.318250198085194,0.270296209200241,1.17741273185754,0.239030810580133,0.394869881791945,"BBS7"
8.87537300352034,1.54369273314746,0.357215924577236,4.32145553134122,1.55003293470612e-05,0.000283389859779603,"KIAA1109"
7.6230158454712,-0.320491038645285,0.224518758630699,-1.42745773493451,0.153447999410096,0.28896224615808,"NUDT6"
3.42774853116907,0.397871359593923,0.350745563698082,1.13435892217416,0.2566440224777,0.415260388557302,"SPATA5"
4.01407858311946,0.675364368717992,0.311930624013828,2.16511081864169,0.0303791996670872,0.0880251089606634,"SPRY1"
1.89576182938246,1.41025931632619,0.571358160638538,2.46825793955601,0.0135772444872525,0.0484391836831674,"ANKRD50"
3.56286113650456,1.45125873465545,0.414351757251142,3.50247998049597,0.000460948421540364,0.00378947756088444,"INTU"
1.63946844854959,0.627928942038452,0.54106816895841,1.16053572925433,0.24583075557734,0.402612276514841,"HSPA4L"
4.62096265567601,0.798777673277259,0.350592927579081,2.278362198556,0.022705006666495,0.0706117904920206,"PLK4"
2.16781568894722,0.577575419558027,0.412597314656732,1.39985259002122,0.161557465667706,0.299456234366152,"MFSD8"
3.40143356481323,0.370704044138349,0.333155329164116,1.11270633151342,0.265834575379506,0.425492039590484,"C4orf29"
18.1370657429109,1.02512103634027,0.252519176185018,4.05957698669655,4.9161697244378e-05,0.000685360760043575,"LARP1B"
21.4963508268745,0.180801242411837,0.152662431994824,1.1843204647622,0.236286230834856,0.391646591402097,"PGRMC2"
5.31061363291999,0.00188094130095987,0.3367781670468,0.00558510463268389,0.995543754410696,0.99710459954811,"JADE1"
4.10968924853336,1.10159473741969,0.335314981062294,3.28525356645202,0.00101890630067612,0.00690452031346092,"SCLT1"
6.33383690188394,0.545389580035195,0.270297133228933,2.01774089691609,0.0436182531517155,0.114946427864021,"C4orf33"
13.0632525265608,1.30223639595362,0.247203775892615,5.26786612078008,1.38018701886975e-07,8.14610381789429e-06,"ELF2"
113.648949750488,0.0659200886349083,0.144230309091671,0.457047405986008,0.647636971939458,0.773319133068995,"NDUFC1"
12.1280518396389,0.995048008549908,0.251361916584518,3.9586267564734,7.53819314784005e-05,0.000955828392381563,"NAA15"
5.76412767693409,0.326803154747146,0.341310378472491,0.957495509540989,0.338317211826319,0.504872097469783,"RP11-83A24.2"
1.66329928049119,1.32380545468885,0.533639102928425,2.48071299015433,0.0131119902080715,0.0470886949932725,"RAB33B"
5.58098802567578,1.02837642428115,0.357106833605954,2.87974445601312,0.00397997618817733,0.0194384389064314,"SETD7"
83.1775925701349,0.265505901368177,0.210545483774282,1.2610382165823,0.207295078508151,0.356884044482962,"MGST2"
3.57339593234069,0.743983236379454,0.405713243940755,1.8337662067746,0.0666887060347373,0.157374912546121,"MAML3"
18.9788019279517,0.294252864286166,0.220522605831546,1.33434331222687,0.182091369046652,0.325945651532329,"SCOC"
5.51344602275827,0.504375951243412,0.257645219199878,1.95763753276603,0.050272559959063,0.127889435735635,"ELMOD2"
12.9509418139471,-0.0916199478560769,0.184133809965649,-0.497572650417482,0.618785284628674,0.750661279365218,"ZNF330"
1.83807451564864,1.34013392114078,0.574027253530581,2.33461723794161,0.0195634252236713,0.063363793000021,"INPP4B"
6.26979409236609,1.04358771919318,0.344063121846084,3.03312867009335,0.00242032377204241,0.0133628450251045,"USP38"
5.3060958985907,0.692856373198413,0.321132156747547,2.15754280174156,0.0309633959121126,0.0892179569131182,"GAB1"
18.9763962233292,1.1479400892411,0.226882445310184,5.05962498628613,4.20081847163159e-07,1.8395519597548e-05,"SMARCA5"
5.14986765675517,0.0877444386969922,0.279583056716731,0.313840329694561,0.753642312081515,0.850608554272007,"ANAPC10"
16.2356265652327,0.9506261657554,0.266097994828849,3.57246647561862,0.000353634765560302,0.0030723788431879,"ABCE1"
6.29347687685561,0.853765456943284,0.310923807713089,2.74589927102369,0.0060345288371737,0.0265323818508933,"OTUD4"
4.70768775228819,1.04174209277181,0.314072363757905,3.31688557473594,0.000910268886442109,0.00633281236820071,"SMAD1"
3.073911843092,0.416669428682343,0.315945843125985,1.31880016068511,0.187235930538793,0.332488510833051,"MMAA"
6.53772154709785,0.721013596847984,0.266422294626815,2.70628101097143,0.00680414421261992,0.0289209417413121,"ZNF827"
44.6316225726433,-0.242770024963462,0.152768940661805,-1.58913208347041,0.112030575751531,0.229427126656915,"LSM6"
2.99718957973471,1.46652094632604,0.443965790137753,3.30322961566703,0.000955780914084903,0.00658615528360536,"SLC10A7"
3.01620325961898,1.31344035230809,0.357622509045254,3.67270045673183,0.000240000751533955,0.00228032210118876,"TMEM184C"
1.59450651436065,0.782195080828397,0.468989926893726,1.66782917067991,0.0953496433651259,0.204805602639491,"PRMT10"
8.02202525731792,0.841738209441525,0.304778272057305,2.76180517646369,0.00574827677941822,0.0255217848832714,"NR3C2"
1.26854804325984,0.555043512616538,0.505224433059823,1.09860781921213,0.271939165622072,0.432078908362209,"DCLK2"
13.1504504160658,0.626228636791223,0.203263770646177,3.08086696808013,0.00206398842579205,0.0118409478627056,"LRBA"
2392.08222579576,-0.135572601582181,0.162590558439126,-0.833828254750352,0.404377771025665,0.569516611767439,"RPS3A"
16.3142161933102,0.613227622491457,0.227397943243835,2.69671578266609,0.00700270109363929,0.0294879154233899,"SH3D19"
5.65212658214954,0.0287880187340138,0.254669010726767,0.113040917903043,0.909998115302028,0.947158773873171,"PET112"
5.3360552404133,1.63084673214748,0.357864726504673,4.55715976278589,5.18499853058433e-06,0.000122145518529601,"FBXW7"
15.0830811906921,0.776222320437244,0.229212023387392,3.38648169047114,0.00070795000432044,0.0052230550590489,"ARFIP1"
4.51310138425527,-0.398259495740803,0.313268917564441,-1.27130230102984,0.20362112406181,0.352739736371232,"FHDC1"
31.1589042858949,0.429218401344108,0.223398613660023,1.92131183946069,0.0546924054211574,0.135979744247658,"TRIM2"
14.4631264158354,0.192669980018894,0.19118751976573,1.0077539593326,0.313572593622251,0.479026356272,"MND1"
10.4732891130659,-0.0687743601701724,0.204780567762545,-0.335844171747392,0.736988378569357,0.838857463299269,"PLRG1"
2.53967150713392,1.27457149420679,0.488494390224203,2.60918348237695,0.00907585640927186,0.0356932951166973,"CTSO"
4.5981860639168,0.780366148408056,0.320716769837922,2.43319408836158,0.0149662760530703,0.0518945587280792,"TMEM144"
4.61434045491462,0.490628009780223,0.278878468521058,1.75928967331938,0.0785283197030308,0.177080056473197,"C4orf46"
8.29350556600409,-0.279107965350585,0.190704043358752,-1.46356605992631,0.143312551695658,0.275172261565567,"ETFDH"
14.2166613050763,0.411263875852894,0.17569606848601,2.34076880260779,0.0192440798783717,0.0626594426097629,"PPID"
12.8052986795911,0.906197600285394,0.380264465537133,2.38307199965521,0.0171688360145444,0.0574764362262492,"FNIP2"
3.81142133414395,1.33066345015959,0.423088458261741,3.14511876695152,0.00166019416636939,0.0100612213430645,"RAPGEF2"
5.28498344978033,0.215488771077297,0.315020895346563,0.684045960951992,0.493946143710493,0.647935151672419,"NAF1"
22.2993012652829,0.293365039633483,0.191609640632787,1.53105573740784,0.125755617903537,0.250175125560069,"TMA16"
7.20883230904824,0.598785091292126,0.282230686357831,2.12161582788679,0.0338700121390588,0.0955646484360038,"RP11-294O2.2"
6.53106610059043,0.328969138806123,0.247438340800658,1.32949945324418,0.183683246061841,0.327930306137036,"TMEM192"
1.85163139536294,0.214031584897002,0.429728651721332,0.498062170254815,0.618440223170885,0.750352037082366,"KLHL2"
9.83170589469842,0.740458350358844,0.36258034842757,2.04219107177222,0.041132581770604,0.109754259957926,"MSMO1"
0.542351958326894,0.289989788636949,0.889644024389028,0.325961598894684,0.744453409331666,0.844009189408278,"CPE"
2.96413252706859,1.55637235266201,0.491822272138063,3.16450157065093,0.00155348823657243,0.00956399220474861,"DDX60"
1.86112289434704,1.78927905462405,0.48293906543083,3.70497891494414,0.000211408317848402,0.0020721067976838,"DDX60L"
10.0171725483966,1.05318380728806,0.291904494430374,3.60797393456808,0.000308597483952294,0.00275379513206402,"PALLD"
9.7132787590999,0.309398972348032,0.222234077111458,1.39222110474469,0.163855453764219,0.302117186397186,"CBR4"
9.77769657378681,0.550153802310845,0.251106943248806,2.19091433790317,0.0284579919746893,0.0837017557224061,"SH3RF1"
3.50715970311903,0.585621138659088,0.319579913538386,1.83247167249999,0.0668811783958299,0.157694566691496,"NEK1"
16.1891247171806,1.25038877487449,0.244840536808464,5.1069516150124,3.27397538158837e-07,1.53308948542989e-05,"CLCN3"
19.131807865042,0.069288491641024,0.150745726138339,0.459638182892416,0.645775947402449,0.771860751572815,"C4orf27"
2.00275905715967,-0.523849918933909,0.381743352030607,-1.37225682162478,0.169983502138922,0.30994305460522,"AADAT"
3.08734597136592,-0.577601043974369,0.503173824250981,-1.14791552369438,0.251003439041284,0.408864158990302,"RP11-789C1.1"
14.9250098001494,1.48025407812871,0.291236511727104,5.08265282175796,3.721996354596e-07,1.70552238020728e-05,"GALNT7"
196.841812669303,-0.498247319700395,0.134995211072248,-3.69085181424501,0.000223504323494742,0.00215182354002916,"HMGB2"
8.50846197810469,1.4929253927156,0.384694132724839,3.88081144399321,0.000104108533381843,0.00120627863542647,"SAP30"
5.56651213250254,-0.380942445008046,0.241773560816643,-1.57561663782148,0.115114179430278,0.234064779744022,"FBXO8"
3.89247459512203,0.676828643353626,0.318205981801668,2.12701420482875,0.0334189029613265,0.0946607423474195,"CEP44"
8.15283908241854,0.972863888540939,0.350242631018569,2.77768553106078,0.00547475748938261,0.0247217739437402,"HPGD"
1.15484911707143,-3.17816760187408,0.76582076319608,-4.15001493118351,3.32453587443114e-05,0.000504957476871639,"GPM6A"
31.4952926389286,0.751345494539046,0.221884704633495,3.38619778132118,0.000708682875432719,0.00522491244209051,"SPCS3"
2.30471054358768,0.491835007549302,0.405130996097523,1.21401475642932,0.224742089249124,0.377291558084015,"NEIL3"
7.58403452721115,-0.439587419428563,0.212033062654949,-2.07320223518124,0.0381534624697021,0.103775890725468,"AGA"
11.9203542049502,-0.178293949954562,0.178097029050974,-1.00110569448933,0.316775712293296,0.482426621161856,"DCTD"
9.18439779826073,0.787445072263443,0.225221664865195,3.49631139053503,0.000471737851577431,0.0038346355300381,"CDKN2AIP"
13.146644803127,-0.0469803597550158,0.198721745369453,-0.236412777412318,0.81311238223378,0.890340842010371,"ING2"
13.0931945525635,0.230570624830038,0.20520525273631,1.12360976025464,0.261178613688644,0.420331912367913,"RWDD4"
3.61350820565854,1.17326209421494,0.368463686235277,3.18420006650471,0.00145154650530391,0.00907007770287712,"TRAPPC11"
9.29916991230869,0.524678096082667,0.215138086107936,2.43879689354228,0.014736248117294,0.0514418690304767,"IRF2"
3.1263697971557,0.696478283718989,0.549406674916925,1.2676917036443,0.204908068684558,0.354009167342395,"RP11-326I11.3"
9.62109308342665,0.821798601537832,0.258932554003101,3.17379405884974,0.0015046040539106,0.00933714287169667,"CASP3"
4.08830733143915,0.159636199779267,0.303033385586665,0.526794100492311,0.598336580180361,0.736395192593743,"PRIMPOL"
27.6667884881208,0.326067097920842,0.239283895205636,1.36267882817866,0.172983753176301,0.31409522813821,"CENPU"
2.37817808668187,0.633270408503383,0.506055624484093,1.2513849819355,0.210794053816159,0.361019306803894,"ACSL1"
33.3847890762321,-0.822386044334219,0.18511014001471,-4.44268501049627,8.88431826287477e-06,0.000183429080484449,"SLC25A4"
11.7564365352547,1.36140254560778,0.273495086663661,4.97779525846474,6.4312631970691e-07,2.47672050780746e-05,"KIAA1430"
11.6316871256825,0.997905936057131,0.509946463760384,1.95688372598664,0.0503611403226531,0.128054784337161,"ANKRD37"
6.42341205736955,0.435584420627904,0.270497491001811,1.61030854302818,0.107330515140677,0.222317260047254,"UFSP2"
11.2047688016769,-0.0775402461147124,0.267738814796675,-0.289611523729189,0.772113450004035,0.862758726931147,"SORBS2"
1.88216850142997,0.763364278285055,0.402182710795474,1.89805344137047,0.057689042500202,0.141614602520839,"TLR3"
1.96826934741429,0.0324023991866211,0.412930814538003,0.0784693174881455,0.937454736042825,0.964140683005568,"FAM149A"
4.06551815678133,0.68624642612113,0.283601483887421,2.41975611944803,0.015530919343966,0.0534090513221882,"CYP4V2"
15.5794009842707,1.21232177191003,0.290845144911796,4.16827233708058,3.06917100544712e-05,0.000474127981780309,"FAT1"
22.4193864643528,0.281489115332404,0.222406426024797,1.26565189847986,0.205637736658893,0.354874594011693,"FRG1"
3.38284816765835,-0.347156403629175,0.2940970659852,-1.18041437260257,0.237835448343833,0.393673673070268,"CCDC127"
68.0646729922724,-0.312393573315601,0.112348086144531,-2.78058651496492,0.00542607994983086,0.0245427856123129,"SDHA"
81.4305080583322,-0.310971976379093,0.121523807764629,-2.55893871414393,0.010499224898943,0.0400216154449004,"PDCD6"
2.21056732591509,-0.138126854004249,0.444567222017769,-0.310699590890503,0.756029008295846,0.852265174256883,"C5orf55"
8.70543732487478,-0.260018291884964,0.266096681162771,-0.97715721499702,0.328491325895927,0.494444324217569,"EXOC3"
5.40150805091261,-0.882096974611364,0.362384816121892,-2.43414441049501,0.0149270383993551,0.0518086647191995,"CTD-2228K2.5"
10.8739088365906,1.0664669628181,0.276089134018354,3.86276325799626,0.000112111644363141,0.00127091070749865,"BRD9"
4.45925028867875,-0.13635314106219,0.27146815896118,-0.502280420598749,0.61547027987399,0.748638928747219,"TRIP13"
6.93536454516264,0.400791738688652,0.303379375671997,1.3210909205706,0.186471050076049,0.331707715614397,"SLC12A7"
17.6211845279269,0.598428281508661,0.216250331436403,2.76729417029658,0.0056523725787823,0.0252543323762731,"CLPTM1L"
1.53151208206688,1.34206751891906,0.469775694576619,2.85682621389892,0.00427900050397628,0.0205528286037958,"LPCAT1"
36.6877252438887,0.028803820189388,0.188078878135909,0.153147554232932,0.878281915312358,0.929734048181324,"MRPL36"
204.401611528082,0.188391807329326,0.129209597598884,1.45803261390974,0.144831553655111,0.277511818977324,"NDUFS6"
5.29542283939448,1.25176124509964,0.329908137926294,3.79427210546502,0.000148077215186179,0.00157658682051167,"KIAA0947"
19.2771462539246,-0.266137342492721,0.182794080403314,-1.45594070609682,0.145409011559034,0.278092388130474,"MED10"
8.36726766216341,-0.204035006134767,0.22721527867902,-0.897981013077036,0.369195672014915,0.535380557895844,"NSUN2"
6.0340619261106,-0.240153696422938,0.283401377757724,-0.847397773162,0.396773445291149,0.562307140266459,"SRD5A1"
4.29366322101431,0.974429445207397,0.315738549440056,3.08619092263359,0.00202738598375495,0.0116741313804765,"PAPD7"
4.07974470222328,0.659309537477093,0.359895705498443,1.83194610939848,0.0669594499486227,0.15776247807821,"MTRR"
2.42355315874473,0.384945546866428,0.383416485186439,1.00398799148984,0.315384401793197,0.480847199701547,"FASTKD3"
17.1545131236085,-0.00557369696960146,0.305954911126631,-0.0182173802965842,0.985465437465539,0.990940245451459,"MIR4458HG"
12.1949825811677,0.27171962171254,0.226775582338718,1.19818729560881,0.230844110132383,0.384799238071785,"SEMA5A"
25.1411557235884,-0.15546226950026,0.169510770188954,-0.917123256103232,0.359078055782329,0.525267737849689,"SNHG18"
3.25214400795566,0.023685142882806,0.322750491431319,0.0733853038542813,0.941499511886778,0.966051086459789,"FAM173B"
69.2127223692021,-0.0429442108180079,0.13717455481584,-0.313062512764568,0.754233169016835,0.850937103893004,"CCT5"
54.5528116188132,0.341166101280275,0.152758559054555,2.23336815555084,0.0255246763685416,0.0770422416237802,"CMBL"
21.8568177280953,0.618281064934812,0.28838314606885,2.14395700082695,0.0320363322799554,0.0916770931647735,"MARCH6"
19.2041828068727,0.58315695516867,0.17923292897139,3.25362620872951,0.00113942098596972,0.00754519018758001,"DAP"
9.08006392872053,0.131121373456462,0.285765757843697,0.458842145559583,0.646347527111887,0.772153425210343,"TRIO"
12.1644360101604,0.077894017407371,0.196930445550052,0.395540756482843,0.692443849292605,0.807377610541859,"FAM105A"
6.195617427897,1.09196493704859,0.272819583690189,4.00251668988914,6.26722452480832e-05,0.00082901410888451,"FAM105B"
18.0455059469206,-0.067296153553024,0.218506292916131,-0.307982679376901,0.758095512031126,0.85375632528633,"ANKH"
14.3599593079721,-0.231433100154689,0.214928724906193,-1.07678999284856,0.281574097023166,0.442980543773951,"ZNF622"
10.4176238419302,0.229601306235655,0.29841375200586,0.769405916089102,0.441652377623586,0.603086234250238,"FAM134B"
17.8984518292829,0.812771688591571,0.200436136924878,4.05501573249834,5.0130928621813e-05,0.00069479166516795,"MYO10"
2.98568286624623,0.0206222408945063,0.556090193902874,0.0370843455263449,0.97041775390324,0.982358017094443,"BASP1"
6.13390116427849,0.121913012061517,0.248322086132595,0.490947116143424,0.623463851611384,0.754072550228269,"DROSHA"
2.36633107259807,1.65736922876959,0.428750195054354,3.86558244844525,0.000110824401791613,0.00125894665633569,"C5orf22"
21.5460217753268,0.660922528957069,0.288928255329836,2.28749704040738,0.0221668279866904,0.069555548088835,"GOLPH3"
3.63192036128994,-0.791614975099775,0.311094587438625,-2.544611854605,0.0109399267520055,0.0412669692694617,"CTD-2186M15.3"
3.95326241799281,1.39217288651046,0.329349042547927,4.22704397662815,2.36781404228253e-05,0.000389613037866489,"MTMR12"
13.9964610713166,1.25200738432366,0.243215860701635,5.14772096158465,2.6367032514802e-07,1.30157260504886e-05,"ZFR"
121.054194914498,0.378778894152795,0.234719718366202,1.613749781183,0.106581711310113,0.221442009724091,"SUB1"
15.2403946577667,0.477848608007812,0.233193572474232,2.04914999559268,0.0404474499728986,0.108218602292604,"TARS"
0.913873617743849,-0.982876654559042,0.578447248433198,-1.69916385153753,0.0892883153161947,0.194869594922402,"AMACR"
1.50348430804435,0.776789839861188,0.464283461997265,1.67309392524898,0.0943088072443244,0.203132417031607,"RAI14"
10.7952028822957,0.255099368193236,0.181532488372212,1.40525462125646,0.159945577039489,0.29748398127228,"RAD1"
21.4893949292708,-0.0844239056871532,0.164763987762976,-0.512392949657195,0.608376024296464,0.743943657680397,"BRIX1"
24.0672293453528,1.47094633078094,0.243677934810125,6.03643629829311,1.57554906400579e-09,2.47977722247867e-07,"DNAJC21"
4.80842879137327,0.799228527567383,0.364938032645802,2.19003900956273,0.028521407822883,0.0838501594359798,"PRLR"
3.89344951733447,0.754697379012951,0.423427150411038,1.78235471740614,0.0746914049517902,0.17092598165317,"LMBRD2"
8.13709779223666,0.645304704917455,0.301232146082181,2.14221726767967,0.0321760026134104,0.0919556285214834,"SKP2"
5.87625271483588,0.470757018738445,0.304523455651618,1.54588098224198,0.122133314302095,0.245079045329037,"NADK2"
16.1620792244814,1.13282940263332,0.233862915980912,4.84398904324695,1.2725795302308e-06,4.04099815739954e-05,"NIPBL"
2.95650524015384,1.10822133117572,0.337119497681192,3.28732493610839,0.00101144054082027,0.00687374485188243,"C5orf42"
7.5358069418482,0.793655004402454,0.384806145222499,2.06248006757677,0.0391620533242966,0.105717101442173,"NUP155"
8.33706481515472,0.777024042606356,0.240457868171946,3.23143529680935,0.00123170206392659,0.0079953881734864,"WDR70"
6.33218918215915,0.556125012203883,0.361041999515135,1.54033329349698,0.123479132290136,0.246958264580271,"RICTOR"
7.46668136748243,0.191856835573808,0.381835895803009,0.502458877446107,0.61534477208319,0.748587904651445,"DAB2"
9.07195277877531,0.303876341765564,0.279423410643717,1.08751210596676,0.276810551373765,0.437769417200975,"PTGER4"
2.98450636506816,1.06901117963282,0.365704840679783,2.92315293843447,0.00346506273497409,0.0174782077574634,"TTC33"
10.9667731061184,0.605369353666953,0.254965940799947,2.37431459185343,0.017581563635504,0.0583521151449004,"PRKAA1"
1373.37461116284,0.707150247620095,0.162643943702365,4.34784248046865,1.37483284994449e-05,0.000257425599144779,"RPL37"
11.8043879353031,1.01371615353806,0.197246980604471,5.13932406180055,2.75728521683129e-07,1.34883411958504e-05,"OXCT1"
3.10715720335803,0.644517971740572,0.461477609517525,1.39663974686533,0.162521931519671,0.300372392155144,"C5orf51"
8.47476236211431,-0.271938359816621,0.231071898036984,-1.17685604405732,0.239252968959743,0.395116673190816,"FBXO4"
6.55359955375347,1.9272753171337,0.673824755511364,2.86020259922196,0.00423370441319555,0.0204346799676905,"SEPP1"
10.1371755786958,0.630085100928366,0.274143131222839,2.29838004008277,0.0215401685240122,0.0680018110961548,"ZNF131"
18.6474390658261,0.489768346267174,0.38181301217122,1.28274398895432,0.199581783091329,0.347571867282206,"HMGCS1"
10.964013791329,1.05566066085762,0.280012268381158,3.77005145867621,0.000163213891248417,0.00169617498464862,"CCL28"
3.52316678723502,0.198102849344188,0.309350397964189,0.640383366719058,0.521923393857609,0.672849959317857,"C5orf28"
1.41590253141075,0.534721291231619,0.463515076638036,1.15362221895791,0.248655084980902,0.405952228336229,"C5orf34"
17.0504406946882,0.0153388480824568,0.166418058125312,0.092170574847753,0.926562516373542,0.957216833657696,"PAIP1"
9.69940293314887,0.486456187176287,0.215206415539977,2.26041675363494,0.023795397673726,0.0730407062568299,"NNT-AS1"
10.100681103803,0.649929598506532,0.242395205004197,2.68128075592617,0.00733409553088186,0.0304932149561168,"NNT"
16.3720061912122,-0.232987997847882,0.155873324665974,-1.49472655662641,0.134985820527667,0.263375136710469,"MRPS30"
5.54390256687229,0.734074258522864,0.310177458045608,2.36662671474639,0.0179510280501507,0.0593088422952957,"ITGA1"
5.12437259187846,-0.123653426314025,0.241669350308899,-0.511663668379846,0.608886417611255,0.744105253253331,"PELO"
10.2764297187747,0.790247447713565,0.29298648733463,2.69721465622063,0.00699221813784156,0.0294702611603767,"ITGA2"
16.2156394407366,0.251086266932506,0.188161829449097,1.33441659058928,0.182067365800122,0.325945651532329,"MOCS2"
83.7405015913427,-0.56235141712165,0.121987593737597,-4.6099066297783,4.02849857831444e-06,0.000100621226237701,"NDUFS4"
3.25577436716498,0.682570414515358,0.414404184170472,1.64711274786398,0.0995348733546735,0.210964845689944,"ARL15"
2.24815834413113,0.463115674505794,0.423375658130623,1.09386466985523,0.274014335918554,0.434672116657833,"SNX18"
0.487239085346949,1.2655819407102,1.20687691472633,1.0486420986826,0.294342872367386,0.4569783550979,"GZMA"
0.661042361401486,1.72319591384777,0.69580966396486,2.47653345891844,0.0132665189670418,0.0475022736505354,"GPX8"
1.34187746130541,1.69989274196153,0.669237655351505,2.54004347837943,0.0110838689081478,0.0416569721514657,"CCNO"
13.7026128599606,0.488597627909322,0.195406029706383,2.50042247234381,0.0124045280261086,0.0452057632092413,"DHX29"
11.6279047371726,0.845293148591208,0.279180436886247,3.02776640805826,0.00246368447178109,0.013547146006857,"SKIV2L2"
6.11826545704864,-0.280692087088574,0.279691417218012,-1.00357776395327,0.315582176905277,0.480946174739168,"PPAP2A"
2.00332935431214,1.08165791331267,0.474194504384991,2.28104270148708,0.0225459201806785,0.0703790437373293,"SLC38A9"
6.88893096387098,1.07756190433387,0.418128822311596,2.57710506148953,0.00996316629942435,0.0384232904871266,"IL6ST"
2.64694095886654,1.04598236413423,0.568697044820692,1.83926112094362,0.0658767885943212,0.155831392754156,"MAP3K1"
11.2934143294289,-0.042401248589298,0.287308326337189,-0.147580994709967,0.88267345486565,0.932202053859862,"SETD9"
4.24440112928957,0.624716023891169,0.350302581162413,1.78336117826527,0.0745275284896291,0.170743360589265,"MIER3"
19.8515190461666,1.05110613883793,0.255654774698687,4.11142776455772,3.93219902932233e-05,0.000573974213151082,"GPBP1"
7.99607425807669,0.616858528074125,0.481674674196272,1.28065385439544,0.200315274897433,0.348402287858123,"PLK2"
2.89955073154063,1.33399109730198,0.38092339081303,3.50199312899832,0.000461791527580001,0.00379353705712466,"PDE4D"
2.80031860102194,0.609633895531359,0.38839864952236,1.56960869014624,0.116506175547638,0.236275829401933,"PART1"
4.7538757491357,0.614837506083932,0.317219386103026,1.93820911652683,0.05259771496259,0.132046933572039,"DEPDC1B"
7.50547319094054,1.53851639934088,0.44166610575903,3.48343778089299,0.000495018169083447,0.00395577433130701,"ELOVL7"
2.93855092664616,-0.387516516757858,0.35064399553501,-1.10515657388226,0.269091750103262,0.429061284117079,"ERCC8"
39.8993197329567,0.125825874434656,0.130404462660781,0.964889328687812,0.334600246951227,0.500655646443968,"NDUFAF2"
25.9210547460374,0.180350829634523,0.158146927126074,1.14040046753958,0.254119498192164,0.41246679098901,"SMIM15"
5.48381344262718,0.983930055024356,0.406653618284285,2.41957777032862,0.0155385376768646,0.0534183346536087,"ZSWIM6"
8.15634582639942,1.77217660659948,0.339160419313151,5.22518697844635,1.7397921030487e-07,9.68930371236353e-06,"KIF2A"
7.69864996889546,-0.426001018323156,0.263090465131406,-1.61921876610154,0.105400201665267,0.219786134808909,"DIMT1"
3.45608763650096,0.445074708072431,0.431776119640952,1.03079973121843,0.30263474434483,0.465855892783111,"IPO11"
20.1110503237446,0.104721733728193,0.174838171347387,0.598963789893003,0.549197031500065,0.696664341492708,"SREK1IP1"
9.8539791272825,0.262260992484029,0.20565911568588,1.27522182330396,0.202230739067605,0.350803817570323,"CWC27"
27.5629788108302,0.502766885586936,0.193690300636581,2.59572567100441,0.0094391394604513,0.0367865400086174,"CENPK"
5.29607500220348,0.246982274776686,0.293027018202327,0.842865194792897,0.399303841118804,0.564787667953922,"PPWD1"
0.984149942964135,1.17794122321137,0.643482766922075,1.83057151451892,0.0671645235094539,0.158023119162761,"TRIM23"
3.3927865186183,0.0719841853029501,0.341814863888406,0.210594075646901,0.833204035592009,0.902603074965508,"TRAPPC13"
1.16257110526555,0.509048974001252,0.573246435968448,0.888010708939271,0.374534990889564,0.540245801928251,"CTC-534A2.2"
5.03572045542835,0.187652745810257,0.293583048909839,0.639181132926672,0.52270510441998,0.673697772846069,"NLN"
9.75313042253167,1.00339102926634,0.329285579025465,3.04717574403325,0.0023100260708497,0.0129380521554553,"ERBB2IP"
24.3852012392421,0.367337956564524,0.202540443427732,1.81365237652199,0.0697312613128542,0.162193509928806,"SREK1"
7.952181972634,0.186616079070653,0.309260632804356,0.603426557652779,0.546224959221328,0.694126264585024,"MAST4"
1.65070029514939,-0.335140328205185,0.463555454062846,-0.722977855762105,0.469693489095046,0.628186119651748,"MAST4-AS1"
12.1117029614449,1.8367300092325,0.296186393848378,6.20126395871088,5.60114792247555e-10,1.12645308218675e-07,"PIK3R1"
9.43225250880798,0.0126339310858928,0.230429302957212,0.0548277971757731,0.956275654760773,0.97458273373705,"SLC30A5"
11.1928879969923,0.830725165217957,0.283069106135239,2.93470798194795,0.0033386172486657,0.0170222456903801,"CCNB1"
17.6540774254705,-0.321390092231445,0.194115116053534,-1.65566751711809,0.097789168916158,0.208642509711096,"CENPH"
59.0048697811461,0.337271757920734,0.141934997912944,2.37624097565845,0.0174900363675495,0.0580861758261735,"MRPS36"
4.14624536964651,-0.330524718068139,0.291643097398454,-1.1333191871041,0.257080237101502,0.415560981893176,"CDK7"
4.64147108009324,0.785747382508127,0.325811128948599,2.41166526460822,0.0158798532187896,0.0541971106084396,"CCDC125"
61.2292180201152,-0.0895313585708649,0.163392958606459,-0.547951143883171,0.583725449907834,0.725647709020041,"TAF9"
4.24655765620966,1.06644648985162,0.304965308944504,3.49694361480862,0.000470621293193814,0.00383129478567078,"RAD17"
10.5487881018839,0.635045071579767,0.234000350661211,2.7138637603975,0.00665035101716685,0.0284678013584675,"MARVELD2"
11.9726261565319,0.532816807490242,0.305417619046061,1.74455163770328,0.0810629454497629,0.18115708116014,"OCLN"
1.70620869820401,0.608842399934041,0.423066116863545,1.43911879412082,0.150116867989059,0.28436580958681,"GTF2H2C"
1.16891183158577,-1.31757354943848,0.663579120140876,-1.9855560692729,0.0470826385030381,0.121510832519898,"SMN2"
1.67755815035649,-0.600741835380298,0.477625577691883,-1.25776730442991,0.208475923342649,0.358285713726289,"SMN1"
1.8581993661123,0.382190603661278,0.443796681681806,0.861184004830621,0.389136708158176,0.554450885672762,"NAIP"
3.72017253106745,0.431728310129083,0.336481152442441,1.2830683293708,0.199468138248007,0.347485399642822,"GTF2H2"
17.8008780511854,1.28370684596869,0.226811368950068,5.65979938268128,1.51550051966318e-08,1.37152797029518e-06,"BDP1"
13.3677507262236,0.360686878702394,0.237974680190526,1.515652330801,0.129607287205549,0.255652206656552,"MCCC2"
12.0015707298106,0.379530865714221,0.217067878183113,1.74844324683572,0.0803873048395375,0.180198669610695,"MRPS27"
1.07533188124747,0.709403211817392,0.523905888504449,1.35406611642115,0.175715285100227,0.317674046310715,"PTCD2"
14.0159117033679,0.808683686921184,0.259462577477845,3.11676425472276,0.00182847725101452,0.0108096151039835,"TNPO1"
5.91371065764491,1.47502554397441,0.338150148069658,4.36204317045147,1.28853435928322e-05,0.000245499704242381,"FCHO2"
15.9940723932821,-0.671508519427493,0.238111639533762,-2.82014151320931,0.00480024752029983,0.0224025303267968,"TMEM171"
422.759458887569,-0.306574626934247,0.123475369647225,-2.48288081914754,0.0130324682487484,0.0469117020820044,"BTF3"
5.20468870457258,0.506090228596849,0.352982240372463,1.43375550017142,0.151642047952783,0.286455495002126,"ANKRA2"
2.55351612565829,0.598184948908022,0.357765556133034,1.67200262477361,0.0945238044929906,0.203474433457657,"UTP15"
3.29075771390138,0.809125467866694,0.328708512988823,2.46152878886409,0.0138346294291464,0.0491314831918017,"ARHGEF28"
11.4629285027999,0.205555586839674,0.346769519995298,0.592772937028784,0.553333121604245,0.698970162764981,"ENC1"
32.0368896920069,-0.714085103433211,0.14537263184576,-4.91210136575674,9.01054461140495e-07,3.22952193002831e-05,"HEXB"
5.45286804933826,0.473663695568821,0.287197199446947,1.64926293320739,0.0990937799200848,0.210474955981248,"GFM2"
74.6729299180886,1.09649561950228,0.171765414815371,6.38368102613029,1.72881006926919e-10,4.94075719796405e-08,"NSA2"
12.3238730700675,0.918033673126318,0.266790942549848,3.44102263874566,0.000579520043397156,0.00446353735552703,"HMGCR"
8.16951146045453,1.15893982158356,0.223545114771523,5.18436657749409,2.16750244966307e-07,1.12683509070743e-05,"COL4A3BP"
4.57128890452441,0.561532699048152,0.333805341977996,1.68221603561146,0.0925269557328575,0.200287570113381,"POLK"
4.24977991030247,-0.077067280981823,0.384716321542594,-0.200322358752046,0.841228477183385,0.908035112037726,"ANKDD1B"
2.33017400679529,0.5230740902206,0.414100989542791,1.26315585673467,0.20653317348593,0.355910863861821,"POC5"
21.5529161282998,0.818069562994458,0.233422367598126,3.50467511495254,0.000457164799834662,0.00376978718770268,"IQGAP2"
13.4563088291725,0.464954180820354,0.297623716853748,1.56222153844289,0.118235808312464,0.239158293587886,"F2RL1"
11.9051767059612,0.40389405497564,0.186402495378352,2.16678459242637,0.0302512828157374,0.0877012630482938,"AGGF1"
6.43391510404334,1.04668742377436,0.314035766110942,3.33301979177934,0.000859088309056437,0.0060503884801251,"ZBED3"
4.63964049774868,0.142837338222848,0.249326902787393,0.572891800387254,0.566717956774879,0.710605820410482,"WDR41"
105.386654264907,0.166821862184564,0.121661242628434,1.37119972293934,0.17031270455471,0.310386972892121,"TBCA"
13.6821902809473,1.07674119109013,0.275780019546473,3.90434808461056,9.44797167882622e-05,0.00112505452228128,"AP3B1"
3.60492070584343,0.322844545395221,0.304672011071153,1.05964622171948,0.2893055771372,0.451630130407937,"CTD-2037K23.2"
6.45351073469622,1.48718405878775,0.318580000112239,4.66816516499403,3.03901555226037e-06,8.10901938514684e-05,"SCAMP1"
3.41791544146744,0.85421715568407,0.394076427329772,2.16764337180017,0.0301858311078161,0.0876050576779483,"LHFPL2"
2.27747399225795,0.772189680338246,0.448304804753307,1.7224657691616,0.0849851785354705,0.188124549305995,"JMY"
6.79606955312986,0.278836306375555,0.288428799313428,0.966742249869964,0.333672900473192,0.499543382842413,"PAPD4"
1.36132598384995,1.30708622341008,0.561187393389183,2.32914395228336,0.0198514409302518,0.0640673546812881,"MTX3"
4.29704681285604,0.144474284558809,0.320919227399127,0.450188932990065,0.652574215493616,0.777248955939973,"SERINC5"
6.69987992508602,1.09043640973185,0.294108994118725,3.70759287045694,0.000209238692310607,0.00205706703809307,"ZFYVE16"
7.935261167877,0.309393565232359,0.221809258534315,1.39486316881806,0.163057105587106,0.301207716733454,"CTD-2015H6.3"
48.794368672695,0.249090906298878,0.156946018110838,1.58711198472692,0.112487283999836,0.230102072751595,"DHFR"
18.6783695672656,0.911561030120799,0.590122030413189,1.54469920311659,0.12241903773016,0.245470965611067,"MTRNR2L2"
7.85798725369498,0.869522173707381,0.274656058141712,3.16585834512611,0.00154626074008785,0.00953571359304601,"MSH3"
1.35398796184053,0.159473319945626,0.48479775583572,0.328948139767515,0.742194886943755,0.842239965748085,"CKMT2-AS1"
9.17208226451085,0.499106525188284,0.216170799714344,2.30885265654668,0.0209517588902868,0.0666674777464149,"ZCCHC9"
2.77356900247398,-0.110980650077338,0.350935518565653,-0.316242284425752,0.75181861501587,0.849521398301149,"SSBP2"
6.72743639532924,0.0810137723832228,0.219060870380357,0.369823110090625,0.711514294788317,0.821327087733963,"ATG10"
2173.37065160299,0.077602588927526,0.144881043002811,0.535629695363393,0.592214501412001,0.73259476994354,"RPS23"
24.6290540556787,0.595452190893556,0.222110781589299,2.68087927399488,0.00734290014745893,0.0305181383855354,"TMEM167A"
3.71571266070054,0.412821731584273,0.318579234764122,1.29582121662741,0.195037086707194,0.342513383188895,"XRCC4"
1.49127882869064,0.328463843678088,0.700942328236688,0.468603236594916,0.639353263391627,0.766546306075631,"HAPLN1"
6.82721290298605,0.441581922344475,0.404070560721849,1.09283369111477,0.274466826208517,0.435076592121514,"EDIL3"
734.032479527997,-0.0173499280661906,0.172263399506421,-0.100717436878076,0.91977476913327,0.953125380991156,"COX7C"
4.32666757323418,1.10901529091969,0.396156952770815,2.79943412115571,0.00511922613441003,0.023527209403171,"RASA1"
9.41195580477504,-0.0675538021537104,0.217964933108249,-0.309929680845317,0.756614431330473,0.852633882354357,"CCNH"
6.50854967375579,1.5694608907526,0.379934655956276,4.13087057510548,3.61392014918347e-05,0.000541340314760449,"TMEM161B"
7.25866638334187,-0.0701222626407326,0.266951478063554,-0.262677933643201,0.79279882608145,0.875513041615269,"TMEM161B-AS1"
1.68417025235127,2.22967671714922,0.63641853739406,3.50347544287296,0.000459228996393268,0.00378106664202494,"MEF2C"
12.7772247779409,0.613008489017962,0.294017277122576,2.08494036478815,0.0370747140804068,0.101957810816211,"CETN3"
1.20623916625232,0.843393023398801,0.505792444457344,1.66746860820284,0.0954212614408394,0.204878390519477,"MBLAC2"
1.22283977629237,1.22844550101535,0.550376815616637,2.23200808275148,0.0256144287303139,0.0772487353544039,"POLR3G"
3.94651662186407,1.27612021398226,0.358938134193389,3.55526507889716,0.000377598200527041,0.00325195595378562,"LYSMD3"
6.72459437760184,0.618181517664873,0.36500665939218,1.6936170937108,0.0903380677073262,0.196410693754067,"ARRDC3"
4.88508561811686,1.26474485046524,0.298629684537448,4.23516119110604,2.28387817454442e-05,0.000379830275276453,"FAM172A"
6.86324833390789,0.243177161584186,0.264795208207257,0.918359373761211,0.358430752521728,0.524823083018161,"ANKRD32"
11.3478727109506,1.18183525936722,0.235962638404598,5.00856943861072,5.48360917057158e-07,2.23041181994035e-05,"TTC37"
36.392600714634,0.296320219899663,0.141338829470286,2.09652380036131,0.0360357508902109,0.0999636822750889,"RHOBTB3"
14.9562077464813,-0.0940021006693943,0.22992056342048,-0.4088459912891,0.682652686122292,0.799655719047362,"GLRX"
3.19284015342143,1.47198386728495,0.400209297532209,3.67803515900697,0.000235037567017967,0.00224494984856212,"ELL2"
63.4328903467613,1.23075747697861,0.201974354828465,6.09363242191753,1.10376947673167e-09,1.87295883082905e-07,"CAST"
8.01563061509314,0.764127558185724,0.326501250493857,2.34035109216251,0.0192656193410065,0.0626796363221481,"ERAP1"
8.0868552402018,0.411221785465859,0.367970207116155,1.11754097889792,0.263763088398365,0.423361977535655,"ERAP2"
12.5896467557869,1.1456979543401,0.260783183704099,4.39329690690515,1.11644485944939e-05,0.000220848655257201,"LNPEP"
6.01093084886676,0.159018058311304,0.237695078355381,0.669000214104364,0.503495341385433,0.657364679904521,"RIOK2"
22.6626202335953,-0.362450107684378,0.269858045979032,-1.34311395596684,0.179235077233364,0.32232040714594,"RGMB"
10.735117829269,0.735294093325506,0.265850105140848,2.7658220896168,0.00567795024129158,0.0253338289319747,"CHD1"
6.7635376424432,-0.444095719600424,0.238538699847931,-1.86173446859372,0.062640527511589,0.15013818776779,"FAM174A"
2.77968147275001,0.956705815978461,0.468202022619283,2.04336113420938,0.0410167018930387,0.109498864935693,"PAM"
1.75649575451059,0.847790811585402,0.480947340681025,1.76275184386075,0.0779423526080157,0.176234426259223,"GIN1"
13.7298759453594,1.19233696531192,0.282193467628392,4.22524651379266,2.38679356601959e-05,0.000389783129728913,"PPIP5K2"
8.92603224493538,0.139609309851205,0.223059829135432,0.625882797419523,0.531391818672103,0.681738352129833,"C5orf30"
4.4462008072976,1.13169403986335,0.326627894746609,3.46478074305715,0.000530663933192929,0.00416703565761042,"NUDT12"
4.16046163253406,0.899252548444319,0.355913388080764,2.52660500717175,0.0115170952894862,0.0427751330228892,"EFNA5"
4.44632043770124,0.823440097460483,0.337789696887346,2.43773005822348,0.0147798062483437,0.0515276712221551,"FBXL17"
3.0856530340044,-0.790940774244587,0.348167733355959,-2.27172336339377,0.0231032241463994,0.0715021414163286,"LINC01023"
1.16523358856848,1.33124859212243,0.490746348386101,2.71270198239979,0.00667370958627851,0.0285298779420101,"FER"
11.18755967055,1.29079650689308,0.284501995006254,4.53703850781328,5.70496927255714e-06,0.000131449355161782,"PJA2"
13.7649945735995,0.623750569361138,0.512077791060492,1.21807776132876,0.223194423933101,0.375680632968611,"MAN2A1"
5.88670214422991,0.53178569821121,0.308547335863605,1.72351414645268,0.084795589198084,0.18778142306101,"SLC25A46"
7.23502426338788,0.78136684043252,0.409875234063305,1.90635289838429,0.0566044353964474,0.139646562563703,"WDR36"
6.80606676216962,1.15364349569074,0.401251162397171,2.87511564776187,0.00403879536929657,0.019670689009066,"STARD4"
8.9741807379216,0.210101798914118,0.274259036660714,0.766070651571767,0.443634264606589,0.605012453483401,"NREP"
1.54399025640181,0.970876708904708,0.501525009030268,1.93584904326499,0.0528861922621756,0.132428878941025,"EPB41L4A"
27.4401182518339,-0.479758842328175,0.211966053878411,-2.26337582622252,0.0236125316234514,0.0726025179588569,"EPB41L4A-AS1"
5.32874529283028,2.12503475455124,0.372277323070951,5.70820359677465,1.14174796432367e-08,1.10708775826384e-06,"APC"
18.4727595321505,-0.11184289650056,0.16996381111738,-0.658039471845685,0.51051276790366,0.662755423679116,"SRP19"
44.4926693336882,-0.0739792062570594,0.134732349305553,-0.549082730601585,0.582948676023243,0.724848021709688,"REEP5"
6.33777320706847,1.14935415465626,0.323994380585159,3.54745089276067,0.000388978258415176,0.00331838482827087,"DCP2"
6.52782327554837,1.28980647188786,0.277507199402456,4.6478306676913,3.35444097634528e-06,8.79933067707966e-05,"YTHDC2"
2.8280304882018,0.860492887104208,0.379052295391474,2.27011654477786,0.023200512750762,0.0717410077793468,"TRIM36"
7.95565054960039,0.765540143548154,0.346774587025767,2.20760162996394,0.0272720554267437,0.0810327009396542,"PGGT1B"
16.2081389233667,0.326083317050131,0.200805979739636,1.62387254340199,0.104403013529516,0.218419712373443,"CCDC112"
6.68172378386727,1.15111209955807,0.383877423153961,2.99864495833191,0.00271183118367146,0.0144648755671278,"FEM1C"
13.7649746871874,0.628862285649305,0.31082049322537,2.02323302148977,0.0430491286634333,0.113833342411708,"TMED7"
19.0759918046565,0.3387826961687,0.182493520470912,1.85640945111089,0.0633952186271284,0.151578739048066,"ATG12"
24.5357825858976,-0.36025263316216,0.213977350792185,-1.68360170750987,0.0922586685230295,0.199906053503611,"AP3S1"
10.2254923530763,-0.202435353161504,0.236810540475231,-0.854840974372411,0.39263919111578,0.558167449980777,"COMMD10"
13.7971513919661,0.584901808104947,0.224760219602045,2.60233687767595,0.00925908509885163,0.0362878614844925,"SEMA6A"
5.58263490991507,-0.0094766413422962,0.311120534639426,-0.0304597102639952,0.975700425011693,0.985217833606281,"LINC00992"
2.32325948432639,1.11309693336539,0.405592962095911,2.7443694476685,0.00606272639896368,0.0265916756744854,"DTWD2"
3.35158784731039,0.870295537455378,0.336413504235183,2.58698157624185,0.00968207689041523,0.0375660432404107,"DMXL1"
3.24439323977145,0.8271733897954,0.35608612877813,2.32295875336047,0.0201813683454405,0.0648814861549686,"TNFAIP8"
27.8981470510775,0.154634683781126,0.153803454583798,1.00540448977285,0.314702118820814,0.480235765565416,"HSD17B4"
10.1952305796677,1.52925648667382,0.246981566432497,6.19178390016319,5.94870736189026e-10,1.153624320538e-07,"SRFBP1"
1.86354700679602,-1.2644172943858,0.559233945652062,-2.26098094405106,0.0237604371031648,0.0729540138366893,"CTC-210G5.1"
19.1554030078776,-0.227367209467104,0.176525149874288,-1.28801595483149,0.197740409350573,0.345850009907868,"SNX2"
3.61188071002481,0.548262354048749,0.293649328676163,1.867064898532,0.0618925255006659,0.148904037868239,"SNX24"
35.2950571053931,-0.172991038934617,0.200557094960385,-0.862552576206728,0.388383514154396,0.553670636678938,"PPIC"
2.28092639961292,-0.00743924463145473,0.456106956557091,-0.016310307318287,0.986986834585008,0.992194485197925,"CEP120"
10.0762732216787,1.35932706975571,0.278183442077526,4.88644133383352,1.02674903019959e-06,3.55111288788775e-05,"CSNK1G3"
3.56866492830038,1.56271029466848,0.529245578630331,2.95271298952126,0.00314994683134537,0.0162279044537053,"ZNF608"
9.24915183088824,0.519216518412251,0.284407549700056,1.82560736858016,0.067909425083404,0.159286570986512,"GRAMD3"
26.2439856592684,-0.315731613579463,0.163136795634026,-1.93537952215123,0.0529437403331361,0.132511873707734,"ALDH7A1"
16.4270116794927,0.338660739544933,0.167229459863619,2.02512607420439,0.0428544201403598,0.113539644480192,"PHAX"
29.9980182090451,0.293860833304697,0.16646023302987,1.765351567494,0.0775046978151969,0.175793863465547,"LMNB1"
6.88271485710083,0.347064591313216,0.215383373224463,1.61138060992071,0.107096790811978,0.221960142789711,"MARCH3"
6.81694812660129,-0.164781954614092,0.245263584393928,-0.671856586542538,0.501675000502763,0.655431322157164,"C5orf63"
16.9943121341342,1.2217099331308,0.296410168835766,4.12168697831591,3.76108024664789e-05,0.000557785782492756,"PRRC1"
9.55480289330981,0.121303272190402,0.182886651194926,0.663270235404515,0.507157495869083,0.660082742705926,"CTC-228N24.3"
113.704646551638,0.830167363014006,0.363328091288083,2.28489726756571,0.0223188523017916,0.0698509325641087,"SLC12A2"
17.0017200703285,-0.365243953628485,0.207059601903471,-1.76395564499712,0.0777394471789485,0.176032192736318,"ISOC1"
638.460437705606,0.0186721335889644,0.107827493076472,0.173166722662485,0.862520379913353,0.92067734675241,"HINT1"
12.1236755450176,0.565279976362994,0.220517108837267,2.56342911143529,0.0103643863321765,0.0396164576679482,"LYRM7"
22.2454132821899,1.14923272162406,0.274877020010761,4.18089777595476,2.90360387182993e-05,0.000452412310589283,"CDC42SE2"
1.84992300124688,0.804071619607389,0.430235003167005,1.86891260285317,0.0616349746303675,0.148580649164438,"RAPGEF6"
4.02244363369362,1.27058630124845,0.427665585613769,2.97098093461261,0.00296850208586416,0.0155064611123063,"FNIP1"
5.06171259428736,0.461781207061026,0.298216796728049,1.54847484155004,0.121508014374671,0.243959518600283,"P4HA2"
5.13877115821757,-0.169642752251717,0.322362948409875,-0.526247675449419,0.598716132956741,0.736549582315755,"SLC22A5"
4.60396612433942,0.513750457732155,0.331127137922606,1.55152024372051,0.120777059851982,0.242986081880793,"C5orf56"
30.6829415271679,1.63547964147067,0.356922534465138,4.58216975266496,4.60176093305966e-06,0.000112556584984297,"IRF1"
17.966877719807,0.816592322585065,0.216201722709018,3.77699267310696,0.000158733399243325,0.0016623382022975,"RAD50"
3.65847042325269,-0.0111916149153256,0.363906847116159,-0.030754065234044,0.975465673707646,0.985217833606281,"CCNI2"
9.27582886974358,0.357594649271008,0.210261871699575,1.70071086298492,0.0889972942733402,0.194468936782389,"SEPT8"
3.54483740383647,0.407017004465755,0.492313743185944,0.826743128948214,0.408382670426076,0.572984226648397,"SOWAHA"
10.9847571142761,-0.174607726402923,0.243499670219497,-0.717075822918063,0.473327312832716,0.630870718871293,"SHROOM1"
548.376534214216,-0.481263924455096,0.161091487435377,-2.987519279367,0.00281251555061366,0.0148922081324546,"UQCRQ"
1.68590380123157,0.116245372803326,0.456670764241318,0.254549627227502,0.799070969340131,0.879783615083857,"LEAP2"
10.245725029082,0.976190528940501,0.243252171062809,4.01308043696122,5.99314795039814e-05,0.000801546634745367,"AFF4"
16.8491808995998,0.454617052009708,0.244538607065003,1.85908089305858,0.063015673130648,0.150970705978124,"ZCCHC10"
13.8758905500654,0.902253159380374,0.226534943949324,3.98284319253726,6.80956875877041e-05,0.000880379960955317,"HSPA4"
11.6254506632902,0.136691310372249,0.255652925921141,0.534675321550646,0.592874389296474,0.733005316023011,"C5orf15"
118.490186951541,0.235644059066429,0.152719007512262,1.54299103238678,0.12283295174971,0.245907093257658,"VDAC1"
2.38781162423303,-0.447086986554901,0.355483628447223,-1.25768657338119,0.208505129903328,0.358285713726289,"CTB-113I20.2"
4.87128194578195,0.849947908153502,0.318564735638409,2.66805397166825,0.00762920014411849,0.0314744752962347,"TCF7"
140.375018162372,-0.137597221023438,0.115794667766194,-1.18828633198608,0.234720620734156,0.38982504070545,"SKP1"
22.9852474478997,-0.0606505813302018,0.163489990413985,-0.370974279077417,0.710656689275443,0.820773332503595,"PPP2CA"
29.0781004822087,0.300028481783657,0.170263734295377,1.76213967716203,0.0780457010054517,0.176319054872887,"UBE2B"
9.99279670536054,-0.0612440377556543,0.175567765942536,-0.348834180504978,0.727213800999115,0.832494504081038,"CDKN2AIPNL"
5.26323637874227,0.0400938796150452,0.307713228235653,0.130296249676795,0.896332047101466,0.939762509656439,"AC005355.2"
3.9634730262658,0.105548396324155,0.340042104824282,0.310398020794213,0.756258299044845,0.852409457978932,"JADE2"
17.8435569240094,0.485288859586441,0.201082829508404,2.41337791383207,0.0158054219798757,0.0540449882561242,"SAR1B"
4.52306202268819,1.35150367225763,0.39177314303333,3.44970985451815,0.000561189360532655,0.00436018924796675,"SEC24A"
24.7830178096836,0.0866958077742748,0.141167948481871,0.614132377119643,0.539127854673373,0.688248325114944,"CAMLG"
50.8041316501895,0.234020346740484,0.127841251132918,1.83055425902529,0.067167101110065,0.158023119162761,"DDX46"
11.5155614963628,0.708237377572055,0.252577568234154,2.80403910182348,0.00504667842327012,0.0232627027490295,"C5orf24"
4.93622320168762,-0.159080502724633,0.314598415260976,-0.505662123544607,0.613093862180207,0.746937328166597,"TXNDC15"
6.52901278881875,0.161418393335841,0.220822701879292,0.730986406570083,0.46478745596055,0.623313382530449,"PCBD2"
1.37390129978867,3.3441849521057,1.18773398013558,2.8156009746593,0.00486860946754116,0.0226580617337836,"PITX1"
106.552404906886,-0.0284017766947493,0.100200886923684,-0.283448356264359,0.776833164622455,0.866459476870064,"H2AFY"
9.7357835827392,-0.20550790197612,0.879796789481493,-0.233585646632372,0.815306671849302,0.891379660882633,"CXCL14"
0.957445613555685,0.409932854235808,0.594149310158184,0.689949221899573,0.490226120392535,0.64476876195506,"SLC25A48"
12.1205891656205,1.04776995054386,0.270718519011947,3.87032979630633,0.000108688218194143,0.0012437871966158,"SMAD5"
8.67854361054785,-0.186724192617718,0.275443178883716,-0.677904580445419,0.497832195585342,0.651773073424571,"AC009014.3"
74.8635798702173,-0.366975504101481,0.144127429148088,-2.54618781636923,0.0108906575065498,0.0411525889078396,"HNRNPA0"
3.52439181216002,1.07138270043647,0.347808792738863,3.08037842286774,0.00206737738432431,0.011854127979811,"FAM13B"
8.48083741973814,0.565493319870569,0.22535119215957,2.50938685724878,0.0120940952452044,0.0443422938429843,"BRD8"
1.98212756040421,0.0542006599804445,0.504358814138839,0.10746448453169,0.914420499356956,0.94954616300973,"KIF20A"
4.43840335176734,0.583443060176801,0.296960869931372,1.96471360119478,0.0494473948414766,0.126318334760038,"CDC23"
3.25887033922965,-0.280908523921628,0.32868598262476,-0.854641021434502,0.392749910572887,0.558207568226875,"CDC25C"
7.20866217435059,0.382454757740904,0.390379902343065,0.979698891888148,0.327234773264387,0.493420278921169,"FAM53C"
9.05788488033534,0.0594478954905636,0.386461639584315,0.153826122443891,0.877746836242518,0.929505346406789,"KDM3B"
97.3416043507975,0.353729199466922,0.436642868286958,0.810111020144851,0.417876371139094,0.581812485970584,"EGR1"
17.2622301563848,0.567361851908151,0.235621633519763,2.40793616202717,0.0160429860170845,0.0546165605471905,"ETF1"
61.6465788944118,-0.0037435407057024,0.124334751075574,-0.030108563159683,0.975980471414578,0.985217833606281,"HSPA9"
38.9655755311058,0.346253328272335,0.122349397246613,2.83003705833068,0.00465426128457597,0.0218432487253652,"CTNNA1"
11.9870769076179,0.114496397008433,0.20441146796935,0.56012707186077,0.575392766136171,0.718579282456165,"SIL1"
43.6569919313809,0.59976253797514,0.218460369569041,2.74540658865632,0.00604359698821544,0.026537724847344,"MATR3"
18.7418393056774,-0.359672964649843,0.150453137784203,-2.39059796257441,0.0168209610343986,0.0565734397130904,"PAIP2"
7.21252964149883,2.08970100390946,0.942424849462333,2.21736619646826,0.0265980777175496,0.0795381818815543,"MZB1"
9.71357146871554,0.315961003428626,0.204691362417479,1.54359714888313,0.122685956165166,0.24573395130094,"TMEM173"
66.4970674286492,-0.177133440712769,0.100516150157788,-1.76223860976279,0.0780289912588605,0.176319054872887,"UBE2D2"
12.4196235646968,0.063726215102862,0.213185072220558,0.298924377955187,0.764997746137407,0.858961489149322,"CXXC5"
14.9090918753964,1.11867349361474,0.216717170718283,5.161905214557,2.44449064667246e-07,1.22903557513254e-05,"PURA"
1.53609863400599,0.605373434232659,0.542608975686611,1.11567161871332,0.264562723398765,0.423988705891717,"IGIP"
131.65545131144,-0.394277674807458,0.15813554389979,-2.49328939645163,0.0126565642410833,0.0459126935479567,"CYSTM1"
19.8415034304393,0.27394252949778,0.16716566999429,1.63874873056852,0.101265600685863,0.213604305604093,"PFDN1"
18.1883353915837,0.821063683109136,0.613674340473562,1.33794690270989,0.180913746160971,0.324479485269719,"HBEGF"
2.72672912821684,-0.321859240373143,0.357140183281483,-0.901212620254124,0.367475282134814,0.533652673074094,"ANKHD1"
24.1877831023805,-0.288362524786789,0.195117874251828,-1.4778888192202,0.139437539466658,0.26945947483114,"SRA1"
16.1381244557805,0.217315702583505,0.202208141142153,1.07471292380227,0.282503275783087,0.443984740673389,"SLC35A4"
5.72461682902839,-0.209631191078805,0.32487923652734,-0.645258814689329,0.518759477605901,0.669801174417955,"CD14"
133.053824959338,-0.192557497388876,0.107329634645181,-1.79407577436976,0.0728010751550715,0.167966789076711,"NDUFA2"
3.38452630241979,-0.145449097245675,0.385592129094568,-0.377209715320727,0.706017760898157,0.817327884378423,"TMCO6"
31.5229930877265,0.36015448271342,0.137622629130103,2.61697138755389,0.00887137772713457,0.0351360912168787,"IK"
7.9904282446442,0.49694532498423,0.202698732728575,2.45164495255956,0.0142204898189718,0.0501410777383225,"WDR55"
14.8991983015974,-0.398609579797743,0.178320222742578,-2.23535824298052,0.0253938391813555,0.0767326359236285,"HARS"
5.53916527413036,-0.0348081976388384,0.251046214013614,-0.138652549593721,0.889724715746756,0.935976904254385,"HARS2"
25.3309683495999,0.141692273283247,0.130076638221056,1.0892983953233,0.276022320180623,0.436904590753762,"ZMAT2"
23.1934472609683,0.218200317844432,0.192200100933659,1.13527681194999,0.25625935465054,0.415059894333314,"TAF7"
16.7777477039548,0.733626950003351,0.233292679161974,3.14466340152062,0.00166278023546668,0.0100656596193802,"DIAPH1"
10.058111971946,-0.531888843668856,0.204657495370262,-2.59892188510649,0.00935170513157257,0.0365453464299669,"HDAC3"
1.60391985432094,-0.0304425571447971,0.459464935135079,-0.0662565406342645,0.947173582705457,0.969491527632542,"ARAP3"
6.67818420440849,0.268337165157366,0.239800891846046,1.1189998631433,0.263140197419703,0.422799607039203,"PCDH1"
9.65741229353332,-0.176720451198168,0.221042045934407,-0.799487945612885,0.424007533588756,0.58717872189033,"KIAA0141"
5.6840566866808,0.099976740989275,0.263926385548389,0.378805403565628,0.70483237444338,0.816739179092521,"RNF14"
5.25923118867192,0.617767467411277,0.25334557846869,2.43843792792944,0.0147508917825162,0.0514606224194823,"GNPDA1"
26.0196453390592,0.0232882020849269,0.154124702262202,0.151099737700114,0.879897039410077,0.930627371249848,"NDFIP1"
8.08315558330463,0.871460089536267,0.27717678173867,3.14405876303847,0.00166621977017876,0.0100696420167731,"ARHGAP26"
2.82557911937632,0.778860574334322,0.46496586320032,1.67509194970463,0.0939161922141705,0.202587048851065,"NR3C1"
9.80503711175136,0.602881053196663,0.196887879423164,3.06205265130065,0.00219824782483687,0.0124532975366345,"YIPF5"
16.77281940497,0.465031799843915,0.178519797813142,2.60493124874961,0.0091892697065261,0.0360421638013359,"PRELID2"
11.6613622566025,0.199881133787442,0.183355939024561,1.09012631306515,0.27565750679553,0.436454369995547,"SH3RF2"
25.7881761485577,0.68342318843877,0.143201013989994,4.77247450556826,1.81976149636326e-06,5.38490731621389e-05,"LARS"
14.5768646695452,1.10937309387464,0.260897383592221,4.25214342359438,2.11734181159314e-05,0.00036032319258131,"RBM27"
17.5890513178578,0.962280549617496,0.218306570918837,4.40793213675302,1.04362231751431e-05,0.000209109563989031,"TCERG1"
359.38180000558,0.376944601751965,0.265247763733787,1.42110378781659,0.155286588993944,0.291318588369395,"SPINK1"
2.40524620318649,0.37695366004141,0.476712385141909,0.790736032438505,0.429098044805117,0.591296125692624,"SPINK5"
2.67449348566757,-0.190839265134072,0.352394221582477,-0.541550495002672,0.588128203193935,0.729617579013723,"FBXO38"
2.55986537448263,1.10022062951161,0.426448037262501,2.57996410670397,0.00988105847811476,0.0381531287375366,"HTR4"
3.36354952634669,0.831071847727322,0.344349474473009,2.41345467130214,0.0158020933184144,0.0540449882561242,"GRPEL2"
1.72154150338037,0.116336989483896,0.495849391995791,0.234621623746759,0.814502424651965,0.890984101282921,"PCYOX1L"
42.6425458013579,0.862094538025699,0.206962723244039,4.16545803279349,3.10728082056744e-05,0.000479159743407128,"CSNK1A1"
2.79798403583859,-0.15420193010446,0.424739403299203,-0.363050682151648,0.716567024570426,0.825142390715176,"ARHGEF37"
9.97290104148885,0.738309221168392,0.258844794566605,2.85232400521932,0.00434008380541034,0.0207544298224378,"PPARGC1B"
1.23254134400537,-0.379975146777858,0.512676879367898,-0.741159123942446,0.458596964477312,0.618382215306592,"PDE6A"
52.7708595903516,0.534259644651769,0.405120328937554,1.31876779931753,0.187246752509663,0.332488510833051,"SLC26A2"
1.51703295861171,0.189118601905017,0.41767357114444,0.452790444429665,0.650699645020104,0.775867165669558,"TIGD6"
2.90315883120668,0.554905003664732,0.377625432613471,1.46945876983005,0.141708396984636,0.272960835624892,"HMGXB3"
111.514395366487,-0.0442392026585687,0.156554081749862,-0.282580959653628,0.777498077681754,0.866579159043062,"CDX1"
14.8160465564575,0.280874028710772,0.200332376614593,1.40204011681611,0.1609032674675,0.29870247601659,"TCOF1"
168.098904100691,2.28897071636813,0.551002493631368,4.15419302602921,3.26437527978538e-05,0.00049888538941314,"CD74"
3801.94858658997,-0.676221686526812,0.154024104092096,-4.39036273259201,1.13161732304399e-05,0.000221742684736267,"RPS14"
1.83000513153181,-0.319166898020574,0.446906265495371,-0.714169665235718,0.475122272126958,0.632176902143931,"NDST1"
4.60620913319003,-0.788881580969967,0.452561930094383,-1.74314613870735,0.0813080909760044,0.181501720040988,"SYNPO"
8.85213605581905,0.810435552612116,0.247239249172749,3.27794051844033,0.00104567427732247,0.00705343021846087,"RBM22"
7.76018690554927,1.12346225343314,0.410311043493501,2.7380746174114,0.00618000522969651,0.0269201050893398,"DCTN4"
19.605541698556,0.13899442055299,0.244673718959982,0.568080712320898,0.569980163840199,0.71346064768379,"TNIP1"
3.5770087118891,0.449984366376314,0.317608996444689,1.41678721765892,0.156545147981971,0.293016254237195,"GM2A"
2.34730021316704,0.435184042559646,0.434360669663623,1.00189559726174,0.316394019247491,0.481980509051445,"SLC36A1"
60.6757514352944,0.216496609801413,0.121681861139328,1.77920199259215,0.075206651824327,0.171729234401218,"ATOX1"
43.5438686592025,0.751410741911157,0.204850791510514,3.66808805750985,0.000244371027426878,0.00230771248509208,"G3BP1"
2.35157246412691,0.701675160888707,0.410549294821625,1.70911305838089,0.0874300091722222,0.1919324640409,"FAM114A2"
1.28470111808272,0.947432050745879,0.532842968103181,1.77806991451638,0.0753923729200796,0.172044793005267,"MFAP3"
8.4996023006683,1.21939629015403,0.340189931122651,3.58445732397175,0.000337779786510983,0.00295829716250748,"GALNT10"
5.72622255038271,0.842471707145918,0.285231048881852,2.95364656284276,0.00314043446153294,0.0161865772435917,"SAP30L"
28.5073142074338,0.184346265742787,0.183210831632167,1.00619741802657,0.314320613952636,0.47989903943844,"LARP1"
11.0976856966179,0.31616777770139,0.215791136890553,1.46515645756919,0.142878236219464,0.274629671742192,"CNOT8"
2.4033395610048,0.806014068279753,0.360783064814921,2.23406846630463,0.0254785684754028,0.0769244519440852,"GEMIN5"
55.0211645259702,-0.581468189402492,0.132615537507607,-4.38461586274637,1.1619062860668e-05,0.000226134449223754,"MRPL22"
6.8585215799582,0.515755381888916,0.27806436414303,1.85480575146128,0.0636239704434279,0.151958724217204,"MED7"
5.4486079502046,-0.36191010542671,0.28342225888014,-1.27692901346807,0.201627309935142,0.350067559695547,"CYFIP2"
10.534613810776,0.0630823215104291,0.184220045505933,0.342429192964222,0.732027922128283,0.834890068715937,"THG1L"
1.87121220046288,0.229916870247465,0.436848710012756,0.526307769664128,0.598674385517977,0.736549582315755,"LSM11"
31.0946693373959,1.50443879904099,0.266286819067911,5.64969308021707,1.60734557514049e-08,1.41916853219721e-06,"CLINT1"
17.2745778608773,0.289819375996823,0.284814341372298,1.01757297262634,0.308880937020249,0.473323970091704,"RNF145"
3.69117445742029,0.66995208071107,0.365757047986724,1.83168604514598,0.0669982089223486,0.15776247807821,"UBLCP1"
23.0902501822098,0.341120121438961,0.155249987374289,2.19723123465744,0.0280039359288309,0.0827544882141779,"TTC1"
9.97552994986603,0.873479120399252,0.224577458926785,3.88943362603465,0.000100478444195001,0.00117712610998674,"PWWP2A"
0.491642723872442,1.3094554531492,1.01759296925589,1.28681652950761,0.1981582441847,0.346258814456289,"FABP6"
2.81518628432197,-0.0137751090074236,0.462446702012227,-0.0297874521485061,0.976236566062357,0.985217833606281,"CCNJL"
12.8497965086823,0.26793563632534,0.17478269940369,1.53296428788125,0.125284654293082,0.249331497058678,"SLU7"
35.5530256580505,-0.081885002833225,0.247625699905034,-0.330680550785434,0.740885794802545,0.841671405040362,"PTTG1"
24.5771898491097,1.01791756358128,0.262154160627362,3.88289684644064,0.000103219363945647,0.00120146012052489,"ATP10B"
2.45789483245802,0.443682691619322,0.45228137840742,0.980988191867689,0.326598564590477,0.492961836199108,"GABRB2"
35.9427327236004,-0.244780489763531,0.22356011269492,-1.09492022889419,0.273551585877477,0.434132722874382,"CCNG1"
30.4248897516171,-0.413584751477271,0.16262711877897,-2.54314750567145,0.0109858840762195,0.0413828307553741,"NUDCD2"
7.21759648121981,1.72053714873517,0.340315446118108,5.05571277578169,4.2878626057806e-07,1.86014454140524e-05,"HMMR"
21.1290591513353,-0.0898128109734153,0.197954323640774,-0.45370471996559,0.650041369266511,0.77525250057482,"MAT2B"
4.22248927489577,1.14497105977314,0.331359417280145,3.45537504010376,0.00054952785248147,0.00429034685690062,"WWC1"
22.0209913108378,0.166632220837085,0.174785268295713,0.953353920853131,0.340410779951244,0.506929620922153,"RARS"
17.749411070795,1.05300317944452,0.286371505058979,3.67705292196458,0.00023594410416832,0.00224965142341348,"PANK3"
6.67515556563796,0.915704355010767,0.307938097526174,2.97366374075534,0.00294267355957423,0.0154160322513151,"SPDL1"
2.80280308818777,1.31841429765748,0.377444120578144,3.49300525767368,0.000477617105197041,0.00386219044113169,"RANBP17"
354.571966920537,-0.258249168799569,0.129198068574512,-1.99886245707017,0.0456232377893555,0.118731934433837,"NPM1"
6.43397854719366,1.25090447044954,0.327840174555733,3.81559237559789,0.000135856618759166,0.00148132819249452,"FBXW11"
1.92417799036178,0.419668895871475,0.498977052526853,0.841058509096247,0.400315157457197,0.56561039737871,"STK10"
6.32757930669737,0.926466244930835,0.401797389938912,2.30580453763448,0.0211215565723757,0.0670702059578946,"UBTD2"
1.90208626306536,0.514998351531182,0.509438616240156,1.01091345475939,0.312057853740735,0.477395214775663,"SH3PXD2B"
6.92393915405467,0.315153240688929,0.397865536070071,0.792109926891043,0.428296582369162,0.590568555453664,"NEURL1B"
108.266408806847,-0.183608863583127,0.473980156850858,-0.38737668851589,0.698477359106927,0.812032754094061,"DUSP1"
23.1272361653669,0.27900145302499,0.190249906212149,1.46649981900056,0.142512170473541,0.274071572754144,"ERGIC1"
31.1874481330622,-0.303576055858446,0.143170911272084,-2.12037524355436,0.0339744127600757,0.0957845593391541,"RPL26L1"
81.0413637182929,-0.114104846279217,0.127839718795776,-0.892561774650796,0.372091897301852,0.538143295338675,"ATP6V0E1"
4.33851593144155,1.13525200292564,0.477402276807558,2.37797777278566,0.0174078752056145,0.057924237443907,"CREBRF"
5.2327996452711,-0.306166886961171,0.272236522415694,-1.1246356081998,0.260743478149209,0.419756029158081,"BNIP1"
21.2486028602883,0.104004195575094,0.168449865129656,0.617419286712057,0.53695820390142,0.686288998562654,"BOD1"
3.57484079416268,1.51543756785852,0.438979820184647,3.45218048342424,0.000556075635247013,0.00433013759318059,"CPEB4"
9.26019424867041,0.326382042921614,0.205746397762656,1.58633174855445,0.112664073932012,0.230420309397674,"SFXN1"
28.5601617124392,-1.37597053346723,0.243453213411613,-5.65188897770199,1.58694084345481e-08,1.41263750491142e-06,"THOC3"
4.458841198608,0.480368892997292,0.245587192976391,1.956001398833,0.0504649893203469,0.128228694509576,"SIMC1"
9.84168470967954,0.0820352569221566,0.223099510713419,0.36770702302227,0.713091703287022,0.822448587266042,"KIAA1191"
26.5827943574391,-0.617875002624506,0.187665636286199,-3.29242484054043,0.00099327442697135,0.00679707641897219,"NOP16"
157.168084563598,-0.627337769821587,0.114621954644733,-5.47310305225556,4.42222773745515e-08,3.14812049934678e-06,"HIGD2A"
87.8789318972146,-0.308694571207887,0.143846818510242,-2.14599512457002,0.0318733676724009,0.0912588381023658,"CLTB"
9.77303973962719,1.10593347432152,0.235388467538727,4.69833329510742,2.62293151853331e-06,7.20284091129666e-05,"FAF2"
10.0753633563837,0.331899643137653,0.316201929153315,1.04964458637672,0.293881549731607,0.45670806811918,"RNF44"
1.7770238524918,-0.0809719959052945,0.526656865111437,-0.153747157341548,0.877809100621366,0.929505346406789,"CDHR2"
9.49476413856755,0.266251656893616,0.309349121531527,0.860683410301786,0.38941243251788,0.554664694215224,"TSPAN17"
3.32541048518284,0.0229271099621775,0.307286597871115,0.0746114868693161,0.940523834400597,0.965836567885381,"UIMC1"
10.3602819781253,-0.0652427334646069,0.232047896900867,-0.281160632507172,0.778587197895576,0.866870716541517,"FGFR4"
11.3911031494767,0.721128080244523,0.22049448764751,3.27050389303766,0.00107356064539948,0.00718352964204455,"NSD1"
7.24805068735474,-0.272437249800983,0.340244369657371,-0.800710530714527,0.423299244688827,0.586505460234838,"MXD3"
217.246826073163,-0.294907832326294,0.123448282435129,-2.38891806762289,0.0168980703468634,0.0567800259798688,"PRELID1"
71.9212113681862,-0.179519775793154,0.135074231770938,-1.3290453215206,0.183833017952853,0.328083435265978,"LMAN2"
2.34337055946096,0.0919340826626047,0.409315527215661,0.224604434842674,0.822287014531017,0.89578061769554,"RGS14"
21.3225390912413,0.113631288168104,0.161467778719481,0.703739712463107,0.481594884269093,0.637898620728068,"F12"
8.28036065015355,0.00555270693251119,0.214610661161556,0.0258733974466031,0.979358318703588,0.986900931717636,"GRK6"
3.61904967770411,0.227215584198235,0.317388087975413,0.715891972025858,0.474058055890006,0.6314571920723,"PRR7"
1.70932030981022,-0.226947647351448,0.446362553294057,-0.508437918182482,0.611146266535241,0.745834040390132,"PDLIM7"
15.6347674243737,-0.306609238809119,0.18790188679415,-1.63175178301969,0.102731786508832,0.215712915987223,"DDX41"
4.4971907423974,-0.513521034313897,0.319104775113788,-1.60925524894067,0.10756054004969,0.222659389124286,"FAM193B"
59.6612815771832,-0.430009392437198,0.138586051430288,-3.10283313507566,0.00191677682132217,0.0111942770063132,"TMED9"
8.5991856317339,-0.0068172566675653,0.202611444887283,-0.0336469475915237,0.973158684679377,0.984031966072443,"B4GALT7"
8.84402417336627,-0.253814388985613,0.211172641468415,-1.20192837112177,0.229391281201261,0.383259894437799,"RMND5B"
132.001890384546,-0.500349175355724,0.115571346275417,-4.32935317862739,1.49547933923361e-05,0.000276205877960494,"NHP2"
146.979362227786,0.802148841534959,0.154436213380274,5.19404629249615,2.05771938649337e-07,1.09008939206429e-05,"HNRNPAB"
6.75961982017145,0.276124077115895,0.249118654471268,1.1084038555922,0.267687440531853,0.427449728595196,"PHYKPL"
3.25409638452792,0.454334493611906,0.337098822581796,1.34777834621972,0.177729684482667,0.320409092543454,"CLK4"
1.51232202121346,-0.134605723110844,0.475122691221886,-0.283307292195779,0.776941287823268,0.866459476870064,"ZNF354A"
1.68027090879745,0.56480959852775,0.506363908340017,1.11542230641858,0.264669495048727,0.424064726501797,"ZNF354B"
8.94442604646519,0.175140510573273,0.221606068846192,0.790323620129878,0.429338795885828,0.591548285963001,"RUFY1"
76.3635266188358,0.49266287665932,0.4484041288127,1.09870281070741,0.271897716186639,0.432076265406336,"HNRNPH1"
79.150029361036,0.88491210670351,0.237760125170668,3.72186928345661,0.000197753393354788,0.00196847099159762,"CANX"
4.35506220812782,0.771399066266827,0.323242932158678,2.38643753512343,0.017012497195768,0.0570762185807971,"MAML1"
0.986375674698849,-1.14065730380002,0.701735483937336,-1.6254804408635,0.104060228110138,0.217954498992497,"LTC4S"
55.2810342393806,0.469743561601778,0.168752717285756,2.78362072716341,0.00537558526644084,0.0243753052165125,"MGAT4B"
58.5761932865275,0.157081647194232,0.23079594506689,0.680608349287531,0.496119342454126,0.650157603360904,"SQSTM1"
7.1123470506476,-0.351333159819386,0.26246800335963,-1.33857519896623,0.180709004469857,0.324165805837901,"C5orf45"
7.95151787090216,0.385415561729947,0.235363696419814,1.63753190314656,0.101519378510778,0.213779773237928,"TBC1D9B"
24.4048465339808,-0.514834275018904,0.243402935505497,-2.11515228421425,0.0344169702480168,0.0967559660609533,"RNF130"
7.90647672022889,0.374563192688683,0.249822684748302,1.49931617725611,0.133791627556543,0.261828181744064,"MAPK9"
8.15724519958156,0.83175119097364,0.28447942045595,2.9237657671003,0.00345824868353942,0.0174519427059657,"CNOT6"
11.8150840641533,-0.0918193146143766,0.20589595114479,-0.445950073830289,0.655633310357231,0.779967490438275,"MGAT1"
1.59710809660903,-0.176476390768202,0.503044124560552,-0.350816920727119,0.72572570212156,0.831341223373079,"LINC00847"
6.50507667504805,0.168974142124951,0.232227500733813,0.727623307278475,0.466844209106452,0.625376601812763,"ZFP62"
3.04775400033539,0.185372326258987,0.401942884893937,0.461190714466565,0.644661783001052,0.770868417021738,"BTNL3"
5.06993396829874,-1.0040691286043,0.342515964867486,-2.93145205360794,0.0033738144132791,0.017137336074935,"CTC-338M12.5"
1.34593781423084,0.765041392681667,0.582272562678673,1.31388878974855,0.188883631749876,0.334509537585157,"TRIM7"
4.71048112600669,0.128904498173117,0.323206856219856,0.398829714445882,0.690018680812875,0.806110464030531,"TRIM41"
1310.27888078511,-0.440876037950423,0.122717095894694,-3.59262118074199,0.000327368331656987,0.00288807480243288,"GNB2L1"
2.74668032077825,1.51099086335861,0.388103651437319,3.89326629049416,9.89034830908809e-05,0.00116622348139736,"TRIM52"
7.83324323925091,-0.689790330949402,0.263901983393638,-2.61381260602543,0.0089538131362554,0.0353080648728154,"TRIM52-AS1"
5.84203924710676,0.0271722102855494,0.246235261977766,0.110350605625294,0.91213132480217,0.948118612594095,"DUSP22"
2.71274970240793,0.357424995639363,0.395744835429003,0.903170335127432,0.366435499383314,0.532872191122494,"EXOC2"
1.16960453430503,1.66153635523259,1.01700057689237,1.63376146777587,0.102308946034008,0.214991322354746,"FOXQ1"
84.4436959969468,-0.184452290334679,0.167158733781882,-1.10345589585144,0.26982923442978,0.429795465812175,"GMDS"
3.14095711424619,0.677966865883041,0.332003635164771,2.04204651417919,0.041146917601546,0.109764902984599,"GMDS-AS1"
7.73835288437897,0.263180039014087,0.319212100946365,0.824467613332452,0.409673910604609,0.574057060655685,"WRNIP1"
66.2287632616385,0.276290775877869,0.119877796830348,2.30477021753142,0.0211794459251428,0.0671950869842393,"SERPINB1"
0.734313980639623,0.0876694446439857,0.681558926476038,0.128630762856083,0.897649823275856,0.940609521495156,"SERPINB9"
56.5155537532657,0.132734179681277,0.205482843588078,0.645962345875275,0.518303741316314,0.669653427680845,"SERPINB6"
5.81998603366324,-0.0624013237458274,0.39593162269559,-0.157606314244327,0.874767027717049,0.927730183108648,"NQO2"
3.93313949940737,0.562003097421137,0.305435698848148,1.84000462140002,0.0657675588367222,0.155674736043331,"RIPK1"
12.2208491799928,-0.654581936080281,0.218339999028117,-2.99799367497472,0.00271763313465968,0.0144815975674211,"BPHL"
6.06427989090147,0.247739432419548,0.46057548835976,0.537891048657015,0.590652268606146,0.731495454106825,"TUBB2A"
24.8748619499735,0.0480956009496844,0.13514732491072,0.355875345527238,0.721933920096387,0.829191363882408,"PSMG4"
9.24092291042672,-0.185933697741379,0.269131758906967,-0.690864944726394,0.489650417689548,0.644203464919988,"SLC22A23"
1.48806697748105,-0.501070701268353,0.425320184515351,-1.1781023321038,0.238755812441398,0.394547197248001,"FAM50B"
26.4088495447235,1.5974113615802,0.238940679902605,6.68538886819659,2.3031224264685e-11,1.04932137888032e-08,"PRPF4B"
37.4910334551424,-0.16037785189849,0.151214667084912,-1.06059719596137,0.288872997427125,0.451195275716752,"ECI2"
9.10597991186757,1.18408624189538,0.329270973202786,3.59608449654062,0.000323042907647473,0.00285455327668963,"CDYL"
7.19900189584987,-0.549086255349147,0.281046835756613,-1.95371797683094,0.0507345791179548,0.128697388590701,"RPP40"
18.3586089777046,-0.64149577347967,0.198722312344566,-3.22810139390576,0.00124614795721518,0.00807541414840088,"LYRM4"
9.15182726927316,-0.159767302807923,0.200727857103773,-0.795939861627307,0.426066990795076,0.588629174966316,"FARS2"
12.7121895280809,0.611543307172992,0.295037877493966,2.07276202082052,0.0381944325894423,0.103780423965884,"RREB1"
28.9841111364663,0.794453973848824,0.204219837625872,3.89019001819135,0.000100165756089731,0.00117473014161391,"SSR1"
7.23825050493516,0.225393516248289,0.251036732378893,0.897850741253673,0.369265128844491,0.535409786281865,"RIOK1"
67.8308431993847,1.10777619042591,0.285272478971242,3.88322138336232,0.000103081634771177,0.00120114437083152,"DSP"
8.85889618438691,0.449058843363075,0.277905814841067,1.61586702897846,0.106123065539908,0.220869392825489,"SNRNP48"
3.53641986703966,0.99369814691856,0.334143212282868,2.97386901900418,0.00294070572883134,0.0154131584049751,"BLOC1S5"
26.9071740404255,-0.170102152931869,0.154123037648201,-1.10367765603052,0.269732991515091,0.429768234720348,"EEF1E1"
12.4174890989109,-0.0576406161761076,0.212067040793595,-0.271803746402107,0.78577292442368,0.871120249003794,"SLC35B3"
1.45002563403353,0.948705817173597,0.470858402628917,2.01484312879783,0.0439210884490602,0.115548212344185,"GCNT2"
12.9184989317166,0.0577756705500465,0.20052305533705,0.28812482660876,0.773251189178924,0.863674577237799,"PAK1IP1"
95.9488649503013,-0.451869239225501,0.164577759864682,-2.74562759632306,0.00603952767598452,0.0265328764406116,"TMEM14C"
91.2656513049917,-0.345237140167186,0.128082799440824,-2.69542156850414,0.00702996257858779,0.0295683166550981,"TMEM14B"
6.38448253438833,0.33177563693035,0.265157276664079,1.25124092804237,0.210846590101465,0.361052344450002,"SMIM13"
16.6941350192251,0.165999588252731,0.363766145118927,0.456336001797145,0.648148378924871,0.773674587285569,"NEDD9"
15.2704040715482,0.592205695400398,0.304878860247277,1.94242951092142,0.0520851256107952,0.131087940702952,"ADTRP"
3.77674332052996,1.62895128767673,0.406733760691723,4.00495716142769,6.20287211180934e-05,0.000824447805303435,"HIVEP1"
25.8749970743811,0.676565191219444,0.692574788191642,0.976883944889187,0.328626611043136,0.494579406309376,"EDN1"
10.9631284882379,-0.704706907891401,0.25736242852666,-2.73818875554479,0.00617786066735296,0.0269201050893398,"TBC1D7"
2.18087105958595,0.377330715956154,0.408663729951326,0.923328126039216,0.355836234819025,0.522425511712129,"GFOD1"
10.0540250860353,-0.295166436357183,0.256999148119251,-1.14851134144702,0.250757533755454,0.408524874975133,"SIRT5"
53.5824812317694,0.116176336866183,0.176390105788602,0.65863295646195,0.51013149452506,0.662682778772985,"NOL7"
4.32164540796689,0.515752009973034,0.304401177989443,1.69431673484168,0.0902051122366046,0.19616089685413,"RANBP9"
19.2146898318216,0.177523434294539,0.15346103501778,1.15679810366176,0.247354856803751,0.404321297278221,"MCUR1"
2.47472799686488,0.175524590462395,0.421003009211556,0.416920037676483,0.676736896579269,0.795436242491582,"CD83"
5.10994543731807,0.761556222474685,0.375687496937782,2.02710025934349,0.0426521603678533,0.113114154235626,"JARID2"
10.4119072380893,-0.333772288909271,0.206485339385923,-1.61644545758983,0.105998036840714,0.220651462543637,"DTNBP1"
13.0499952990046,-0.0837418910718746,0.309200615012843,-0.270833520393859,0.786519077483483,0.871312294793843,"MYLIP"
2.15703718296194,0.353360976646875,0.483092497838199,0.731456146034431,0.464500581535839,0.623236510437263,"GMPR"
2.09137790207667,1.16903354861114,0.434757158682915,2.68893455866878,0.00716804699461879,0.0299617405725204,"ATXN1"
4.7868406109069,-0.53158249489358,0.288611707878327,-1.84186046644263,0.0654955626370375,0.155233917555266,"STMND1"
3.57448857267802,1.01581783949791,0.355489379320682,2.85751951700802,0.00426966375898305,0.0205261391866117,"FAM8A1"
8.37312013704077,1.00687764302159,0.321491231181248,3.131897686049,0.0017368038918242,0.010403579848434,"NUP153"
13.6268175150258,0.978535488700742,0.278282352673507,3.51634043373495,0.000437539570559248,0.00365620188710268,"KIF13A"
2.23371526013284,0.02642744297744,0.57912364637682,0.045633507011462,0.963602362248168,0.97920131831034,"NHLRC1"
15.7686842576659,-0.0823344181452505,0.218686444499258,-0.376495298251237,0.706548710256274,0.817768197099343,"TPMT"
3.80288816918144,1.00337989562389,0.370394305536643,2.70895065238693,0.00674963780735644,0.0287680795085914,"KDM1B"
139.296810206747,0.737126682074478,0.165353874719002,4.45787365628494,8.2776664273573e-06,0.000174216002715311,"DEK"
4.35990268404323,0.0495967484187812,0.49925181845883,0.0993421487614894,0.920866614037468,0.953528931011337,"ID4"
8.68383388348716,0.922202386084037,0.303263034356694,3.04093239731736,0.0023584677765418,0.0131483367829795,"MBOAT1"
7.45170898589705,0.673330873659306,0.319657166808834,2.10641569648267,0.0351682590108978,0.0983841558110125,"E2F3"
4.48125724712655,0.883132626953972,0.386396047391872,2.28556330458092,0.0222798189973175,0.0697856925605639,"CDKAL1"
70.7232623408955,0.729502513531857,0.255647724437208,2.85354589068926,0.00432342830370277,0.0207021302373069,"SOX4"
9.23170161835771,0.141741078752918,0.212962727449515,0.665567540622895,0.505687559538981,0.659098935889458,"MRS2"
8.84279599093314,0.371412260105272,0.312372992847589,1.18900247015429,0.234438694904543,0.389595137974497,"ALDH5A1"
29.8545900721997,-0.0908671934984652,0.227722796504339,-0.399025459432797,0.689874444969492,0.806060329521779,"TDP2"
43.2094505061495,-0.255611643620457,0.128073757651685,-1.99581591348034,0.0459539639985893,0.119313782410144,"ACOT13"
26.9855278140977,0.820888298464393,0.341320274903687,2.40503819673774,0.0161707754938378,0.0549654528522936,"C6orf62"
87.0112261564376,-0.200049617038566,0.135154952897717,-1.48015009993722,0.138833193854311,0.268709407459956,"GMNN"
7.60836908332535,1.11425023438015,0.415391347098735,2.68241079686067,0.00730936422887744,0.0304253336625562,"LRRC16A"
1.89393765173106,0.402574738113624,0.428294477189914,0.939948468994884,0.347243993764601,0.513699737404109,"SLC17A4"
8.09221066185367,0.829479089575569,0.25252248559611,3.28477318610848,0.00102064498809714,0.00690604646151711,"TRIM38"
5.97949930138012,5.20729738077755,0.773713509515251,6.73026555273675,1.69353719850324e-11,8.75800665511674e-09,"HIST1H3B"
1.1544276230584,2.83260439701616,0.818762773849425,3.45961551683479,0.000540947190772277,0.00423859054241481,"HIST1H2AB"
0.709747298282888,3.47624451566707,0.961177111974085,3.61665344748741,0.000298436431173864,0.00268518611644421,"HIST1H2BB"
0.707186677074244,1.81413962899762,1.00559891686882,1.80403896480556,0.0712251987996946,0.165067362135016,"HIST1H3C"
18.6374250345289,1.84374048958462,0.368051223651702,5.00946708257492,5.45809608771131e-07,2.22838058317838e-05,"HIST1H1C"
550.210576739048,-0.0690076858292924,0.404730054629144,-0.170502993390309,0.864614580448021,0.921825480430543,"HIST1H4C"
1.91163634905905,2.03796999075858,0.666235737046007,3.05893226291739,0.00222127368079369,0.0125640792569893,"HIST1H2BC"
5.36339690692158,1.52357886326283,0.39648684578508,3.84269712717959,0.000121689603694808,0.0013582210648773,"HIST1H2AC"
9.36367730179955,3.75084231774234,0.618165878893668,6.06769549373256,1.29758625781234e-09,2.1032517552003e-07,"HIST1H1E"
1.77790230530044,0.594021187793352,0.469241440345226,1.26591800450601,0.205542439718863,0.354766512292889,"HIST1H2BD"
2.98420450437961,4.93611433657744,0.988758167858762,4.99223621815131,5.9684196134157e-07,2.33910423479852e-05,"HIST1H4D"
14.7389783051829,5.44875545662799,0.863138982134615,6.31272085887345,2.74171771221586e-10,6.92443124527075e-08,"HIST1H3D"
2.34766491117488,4.07213158707601,0.838513914574679,4.85636733785333,1.19558816587612e-06,3.91086972331767e-05,"HIST1H2BF"
3.97753829599387,2.46875209113423,0.562350949571638,4.39005587705464,1.13321537779584e-05,0.000221742684736267,"HIST1H4E"
2.39514319042171,1.90766163108041,0.525523664242731,3.63002041749978,0.000283398801638948,0.00258414020638033,"HIST1H2AE"
10.1449215648016,3.73329482004524,0.520092109010539,7.17814163177314,7.06653363849671e-13,6.97659593764312e-10,"HIST1H1D"
1.38568129216786,3.9646419934845,0.854172834141449,4.64149857618624,3.45891405763817e-06,8.98655661864845e-05,"HIST1H3F"
2.76260474631624,2.48038125844718,0.6797922149288,3.64873442792658,0.000263535357759181,0.00243366835481693,"HIST1H2BH"
2.9041698537128,3.38233694789416,0.618752757067455,5.46637879065713,4.5932225325329e-08,3.21821914214886e-06,"HIST1H3G"
3.27948645985282,2.23372705348868,0.579090288844235,3.85730359586382,0.000114644732253765,0.00129556898259718,"HIST1H4H"
10.9962591057463,0.72947636837852,0.29423296310829,2.47924760255378,0.0131659874534219,0.0472513627707079,"BTN3A2"
3.91885175493212,0.748628978922701,0.449584958036152,1.66515575208035,0.0958816861567368,0.205619359663018,"BTN3A1"
1.79694438740666,1.72959494280297,0.629579599780755,2.74722202467374,0.00601024326662328,0.0264684679138397,"BTN3A3"
4.14463471111137,0.0390314739928521,0.290322863943701,0.134441612564214,0.8930533782242,0.937693095573316,"BTN2A1"
1.55505503216334,0.976702214971242,0.439176830444007,2.22393839398085,0.0261525894340699,0.0784577683022098,"HCG11"
1.33972249281742,0.169211836657322,0.520485946686374,0.325103564725607,0.74510269112055,0.844480820869252,"HMGN4"
16.3481510589192,-0.711925302302525,0.199731329829924,-3.56441477112652,0.000364668917531451,0.00315310863406972,"ABT1"
2.73361666046057,1.05051295352664,0.386680365586698,2.71674759573771,0.00659268634055835,0.0282655245394646,"ZNF322"
1.03920335269164,1.79021360673783,0.725579486497646,2.46728806430175,0.0136140786043855,0.0485387044135346,"HIST1H2BJ"
7.31296292290483,3.75186796031608,0.789503530856456,4.75218642308798,2.01228705208978e-06,5.81208441108909e-05,"HIST1H2AG"
11.9712085818815,0.556182588486624,0.276000945903107,2.01514739982768,0.0438892069921941,0.115520307303739,"HIST1H2BK"
6.31969766112384,4.69650001250663,0.747800622920066,6.28041735799496,3.37665334127629e-10,8.14899006361346e-08,"HIST1H2AH"
11.0558751505076,-0.422511284702314,0.272296891322221,-1.55165665921003,0.120744398235336,0.242965381663099,"PRSS16"
1.74030201256129,0.445957139796902,0.432303512801133,1.03158342828931,0.302267306869732,0.46542222495467,"ZNF184"
0.711522230331599,2.60010292850148,0.893289710547412,2.91070511369501,0.00360614184794275,0.0180092220739792,"HIST1H2BL"
1.19196798772503,4.09755681518293,1.38307198318104,2.96264899080568,0.00305004160185146,0.0158258250339737,"HIST1H2AI"
0.841513623372678,2.91932299686789,1.01954599691728,2.86335585220756,0.00419179496269418,0.0202944885640867,"HIST1H3H"
2.9950151962667,3.98073268356435,0.678363724219291,5.86813908445009,4.40713494449988e-09,5.6041688460806e-07,"HIST1H2AJ"
0.468565118230117,3.13845538667018,1.15698306465129,2.71261998775765,0.0066753609438902,0.0285298779420101,"HIST1H2AK"
5.40424836953477,4.78268082268901,0.960982858433675,4.97686382302843,6.46227513038974e-07,2.479869537669e-05,"HIST1H2AL"
16.1179993962682,4.85343876168543,0.62472327437279,7.76894180316587,7.91445181388787e-15,1.71901893397645e-11,"HIST1H1B"
3.22716870156999,4.13384572216042,0.659119962995412,6.2717653147295,3.56977369534567e-10,8.42777007205522e-08,"HIST1H2AM"
0.461533969117767,2.47313227336799,1.19079415472048,2.07687639678457,0.0378129687517903,0.103255931768781,"HIST1H2BO"
4.60665839007716,0.614201278038205,0.425128408415321,1.44474296678422,0.148530096260486,0.282147427914794,"RP1-313I6.12"
2.8746530502321,0.522062238949727,0.52329917969398,0.997636264698569,0.31845576929819,0.484441750186068,"ZNF165"
5.88758234863751,0.354421186854361,0.305867398940215,1.15874129796891,0.246561651717526,0.403383479610173,"ZSCAN16-AS1"
4.65742089610586,-0.28534632159827,0.2810802018072,-1.0151775890427,0.310021181479919,0.474669396711113,"ZSCAN16"
2.04538579521639,1.14605024188291,0.529607092124138,2.16396316991593,0.0304671761194458,0.0881819283301086,"ZKSCAN8"
2.52515472671866,-0.354150816031252,0.353291636371515,-1.00243192753885,0.31613502840497,0.481653536542925,"ZSCAN9"
11.9963643729679,0.360934217338763,0.165770351068147,2.17731467064569,0.0294570973196599,0.085857240174854,"TRIM27"
26.4590888930003,1.33592138563176,0.324137941287956,4.12145946359598,3.7647972243756e-05,0.000557785782492756,"HLA-F"
1.45342701098859,-0.744529385254075,0.703379149300686,-1.05850363348743,0.289825895130262,0.452228336367047,"HLA-G"
463.749127769808,0.362726583690668,0.24224887293194,1.49733032521714,0.134307327921695,0.262475720933886,"HLA-A"
21.9452701388135,-0.253712206344915,0.165699413939376,-1.53115934639177,0.12573001546662,0.250170019781512,"ZNRD1"
17.8927420673771,-0.202835457076452,0.195990340837688,-1.0349257836356,0.300703572338872,0.463803550007122,"PPP1R11"
2.68874742513364,0.87917409687635,0.494821916414732,1.77674849822027,0.0756096289355637,0.172323309599207,"TRIM31"
3.73285805473295,0.436872174553314,0.335176033603633,1.30341113550482,0.192434436849997,0.33930383224044,"TRIM15"
8.48267858075533,0.570889559484313,0.233775208041389,2.44204492113313,0.0146043292727845,0.0511127991951144,"TRIM26"
4.9632743931863,0.830427642365576,0.310508043938264,2.67441587610105,0.00748595549010651,0.0310414190998689,"HCG18"
1.3520813561278,0.081329491652263,0.441615172091023,0.184163717172969,0.853885022102246,0.9155152660185,"TRIM39"
10.1463248866686,-0.630614685011077,0.284315090999796,-2.21801341178731,0.026553917968585,0.0794860940294468,"RPP21"
62.9669156012591,1.43694531600276,0.289125527715866,4.96997040474024,6.69631219130664e-07,2.55164738237158e-05,"HLA-E"
9.85906214925723,-0.248750628424291,0.199627802854845,-1.24607206444668,0.21273793961754,0.363088798404287,"GNL1"
3.00250044885176,-0.154603662537785,0.334944433676945,-0.461580032367103,0.644382516466746,0.770789087876293,"PRR3"
20.3172562554342,0.910518438119139,0.186909535496354,4.871439200259,1.10788256760646e-06,3.72495501059015e-05,"ABCF1"
21.615880851141,1.04476569853405,0.275552184750314,3.79153480303827,0.000149719162162728,0.00158784189559299,"PPP1R10"
50.6516074582921,-0.0977802950091689,0.136313052176728,-0.717321587681848,0.473175689937091,0.630853752156683,"MRPS18B"
3.6507491242944,0.0245876065678643,0.307550427823492,0.0799465854815053,0.936279738520794,0.963517289902002,"ATAT1"
21.7237754865382,-0.463325157410512,0.162848353082466,-2.84513259508302,0.00443929393001867,0.0211166991306163,"C6orf136"
4.60900701127087,-0.116063216160354,0.30694438811534,-0.378124574529574,0.705338053394059,0.817044092360965,"DHX16"
5.71729385644741,0.157053751904191,0.288219189228573,0.544910810153027,0.585814861016173,0.727796485993623,"NRM"
5.1597540941067,-0.139838461156718,0.322054676750762,-0.434207205334077,0.664137981253873,0.785851116178642,"MDC1"
245.242183539295,-0.223076359021508,0.127879628632497,-1.74442451395123,0.0810850935198405,0.18115708116014,"TUBB"
36.2164147256402,-0.22606028705472,0.137118798450101,-1.64864547830023,0.0992202859190034,0.210702445264055,"FLOT1"
113.737317065045,0.575511676279848,0.347784752462467,1.65479271936155,0.0979665513517763,0.208897849534713,"IER3"
25.6703519938257,0.0650613813173316,0.172624185031086,0.376896095443494,0.706250823213962,0.817510545736904,"DDR1"
4.51071813246877,0.141322980167843,0.291980987706698,0.484014323253831,0.628375704008547,0.757903170316839,"VARS2"
0.747273504530197,0.772786524736573,0.647676002478896,1.1931683770571,0.232803436720461,0.387589348886127,"PSORS1C1"
15.5950793090873,-0.160893974124709,0.175193472999809,-0.918378814973798,0.358420577835193,0.524823083018161,"CCHCR1"
13.1469880326674,-0.150710037642239,0.19836232989407,-0.759771463274914,0.447391203379827,0.608550659907931,"TCF19"
307.60838026341,0.303658418585733,0.226452780060588,1.34093482316485,0.179941614786259,0.323323285337322,"HLA-C"
494.283015204162,0.521367866496527,0.230313383438736,2.26373239241311,0.023590578927447,0.0725761153405309,"HLA-B"
4.5385678350939,0.14450220063608,0.389074163213411,0.371400145007364,0.710339517582317,0.820668846908932,"MICA"
5.47149437985201,1.03821756899685,0.307598635369528,3.37523463896257,0.000737527800203959,0.00538638326174512,"DDX39B"
7.62973435395705,-0.0756747155834377,0.258413379574738,-0.292843643421145,0.769641667208983,0.861744494410096,"NFKBIL1"
14.5206730997872,-0.19218203850584,0.196205654638986,-0.979492863543868,0.327336513042491,0.493439459233524,"PRRC2A"
20.5629195459591,-0.172142343045795,0.165124603219912,-1.04249966200698,0.297180082089866,0.459740704997009,"BAG6"
2.53088996732931,-0.603111882129193,0.353360946370637,-1.70678703553333,0.0878616429766345,0.192763119742677,"APOM"
8.46585655958362,0.160395138718158,0.235830543034632,0.680128776596187,0.496422924963328,0.650320019915771,"C6orf47"
10.0063176047942,-0.134098569681201,0.222212824653334,-0.603469083705692,0.546196676504395,0.694126264585024,"GPANK1"
78.8479170371203,-0.458444316317882,0.139989769239844,-3.27484157454699,0.00105721244018133,0.00710478162151562,"CSNK2B"
30.2596788842583,-0.56146937759658,0.171378218131341,-3.27620034633736,0.00105213895958601,0.00707506445888796,"DDAH2"
281.359732536724,-0.269378245075289,0.126655045988723,-2.12686547916357,0.0334312618500693,0.0946710570252288,"CLIC1"
12.4798715310859,0.172378684208722,0.209386648361241,0.823255377350175,0.410362783376966,0.574597876248105,"VARS"
81.6390424504361,-0.410759691285944,0.13521118310464,-3.03791211536147,0.00238223419086761,0.0132536185004213,"LSM2"
125.763415129093,0.564340426774436,0.505581015328319,1.11622155433973,0.264327310382642,0.423835511419534,"HSPA1A"
79.4637899757846,-0.0181760499386184,0.496793296511036,-0.0365867455665529,0.97081451196114,0.982587564100401,"HSPA1B"
41.2656517524911,-0.960482028267203,0.192674937587427,-4.98498683997954,6.19660303903098e-07,2.40339675013844e-05,"C6orf48"
6.96318223619311,0.103524149139173,0.265831785749931,0.3894348030922,0.696954530859095,0.810943538644357,"NEU1"
61.9334201759086,0.0434177051821439,0.134490112300881,0.322831949794271,0.746822515022657,0.846076832166289,"SLC44A4"
7.56283388183806,0.221866926362001,0.236157653007554,0.939486497839238,0.347481021373468,0.513980372121474,"EHMT2"
5.73574470718595,3.30639273477528,0.600097729066307,5.50975711892745,3.59329163070402e-08,2.72889140625494e-06,"C2"
34.9091582778036,-0.21328986744549,0.131443264256501,-1.62267628282019,0.104658623983962,0.218785881899101,"NELFE"
4.287518767985,-0.524761596564757,0.272580383691942,-1.92516273349229,0.0542090026981815,0.135211246968822,"SKIV2L"
3.6102511656789,0.160455115094507,0.328368672712131,0.488643188064326,0.625094331465313,0.755609210455642,"DXO"
7.09851106153859,-0.0187253695149996,0.247942215237078,-0.0755231193570432,0.939798503476461,0.965400278826557,"STK19"
14.812142302431,-0.545971532476204,0.224297444680617,-2.43414067090077,0.0149271926248964,0.0518086647191995,"ATF6B"
4.13448585943459,-0.312021600699139,0.309707379491801,-1.00747228306647,0.31370787068141,0.479165608382576,"FKBPL"
1.24654971410534,-0.269965617823878,0.499877223837544,-0.540063849581622,0.589153000220263,0.730221591233972,"PRRT1"
1.21152432961844,0.258901856257827,0.543139345939578,0.476676672742152,0.633592376372666,0.762248056653058,"PPT2"
9.96615947906397,0.254387812880899,0.24900981049593,1.02159755221796,0.30697141668622,0.470663502077136,"AGPAT1"
45.3281869488836,-1.0562297741465,0.194168820742188,-5.43974964728726,5.3355494975652e-08,3.64428097758227e-06,"RNF5"
4.20115600120093,0.190523276702029,0.358141246237264,0.531978035771423,0.594741208006938,0.734215018637643,"PBX2"
1.35387725477317,0.14896196411934,0.472066076964381,0.315553206189352,0.752341660146418,0.849847142624308,"GPSM3"
91.1463984271117,2.76197986894599,0.687379443212075,4.01812986440133,5.86618660462214e-05,0.000787475729619239,"HLA-DRA"
10.6083351142907,2.73336296731779,1.04353928446831,2.61931966338042,0.00881053430929503,0.0349588610153248,"HLA-DRB5"
34.700045470145,2.17165886827825,0.606468341729787,3.58082808095833,0.00034250697272707,0.00299245834578921,"HLA-DRB1"
1.67130040067099,3.29205546771712,1.13120670007023,2.91021567279678,0.00361179426124555,0.0180092220739792,"HLA-DQA1"
8.69680369247375,2.33117236884657,0.930902731286994,2.50420617589517,0.0122726494156073,0.0448172391476248,"HLA-DQB1"
0.455089600223921,3.23297663793904,2.64477355392068,1.22240205901424,0.221555621008158,0.373756070428517,"HLA-DQA2"
6.54741680240878,1.05351589219907,0.361203429141834,2.91668297474934,0.00353775152022138,0.01777057424126,"TAP2-ENSG00000204267"
107.974191175301,0.36435190174946,0.174493346977577,2.0880561239752,0.0367927722813792,0.101465085570284,"PSMB8"
3.68897448469017,-0.0405663916916959,0.342266963589734,-0.118522662153049,0.905653539848527,0.944349250384542,"TAPSAR1"
65.0526660146043,0.661736749549195,0.315438022307953,2.09783444845201,0.0359197722810595,0.0998435441444346,"PSMB9"
19.7659301515614,1.13968875384033,0.313962016812275,3.63002112615991,0.00028339802357045,0.00258414020638033,"TAP1"
3.74134791964925,3.43740015300206,0.689164531162953,4.98777867630754,6.1077481032823e-07,2.37742453052494e-05,"HLA-DMB"
15.4050873308365,2.04882203152825,0.512331849466908,3.99901359569992,6.36070265930972e-05,0.00083729976824368,"HLA-DMA"
53.4493056555206,0.201011117585395,0.212913819385787,0.944096151979572,0.345120515550471,0.511743418743598,"BRD2"
22.2475858679125,5.44690301735491,0.962328407590439,5.66012909355272,1.51259168428383e-08,1.37152797029518e-06,"HLA-DPA1"
21.4667903285941,5.40271899157166,0.943962740829794,5.72344517202277,1.0438526552593e-08,1.06878742373097e-06,"HLA-DPB1"
7.11573094165292,-0.184124331461027,0.237651231780918,-0.774766998181455,0.438477353429029,0.600107906104717,"RXRB"
19.843963777494,0.404813536350679,0.172261551798067,2.34999355413459,0.0187737361786426,0.0616114091156535,"SLC39A7"
33.8514325728563,-1.0218663493931,0.170970601313626,-5.97685415821057,2.27487682121659e-09,3.16858622289234e-07,"HSD17B8"
9.54933374344375,-0.433311096818344,0.23383492784005,-1.85306404317297,0.0638731798016145,0.152419848966279,"RING1"
5.99758189703094,-0.193329954983065,0.261862735139231,-0.738287388926386,0.460339828283731,0.619874833869972,"VPS52"
6288.76414084696,-0.589344035215699,0.155901433609635,-3.78023486744433,0.000156680487609424,0.00164878885216893,"RPS18"
3.55654714727895,0.207474808938271,0.357728410386561,0.579978561708515,0.561929075010846,0.706313629006689,"B3GALT4"
14.1627408210023,-0.21500900947724,0.184646466033491,-1.16443609290763,0.244247327894802,0.400804771976057,"WDR46"
36.061195165062,-0.252618724055234,0.146646958361573,-1.72263186961149,0.0849551179711537,0.188096346822983,"PFDN6"
4.91379771232312,-0.362083274030206,0.336957079850709,-1.07456793663641,0.282568213450541,0.443984740673389,"RGL2"
55.7549510313845,0.901242923060664,0.199575531656835,4.51579868322901,6.30785687561231e-06,0.000141535796837086,"TAPBP"
2.13671730824392,0.0432518292876865,0.387789983941359,0.111534157865787,0.911192780507392,0.947755459810564,"ZBTB22"
9.89032388173251,-0.249588734484175,0.200925550243432,-1.24219510252323,0.214164586197277,0.365064731769334,"DAXX"
9.3520501540986,0.038572685631477,0.256718209703501,0.150253017407791,0.880564998774186,0.931061813522311,"KIFC1"
3.04633243586959,-0.311410474051029,0.382523597357305,-0.81409480670587,0.415590640756721,0.579224121999228,"PHF1"
168.764486423225,-0.596210596301016,0.141023680173777,-4.22773392075951,2.36056708908834e-05,0.000389441318165277,"CUTA"
1.61743605807942,0.269820767773013,0.464326116550735,0.581101855259376,0.561171808339693,0.705634360297945,"ZBTB9"
10.9574584302696,0.523321661939901,0.212860031029692,2.45852478461258,0.0139509146622774,0.0494474325170798,"BAK1"
19.3558192264525,-0.202942462144025,0.219236955039372,-0.925676340047595,0.354614207193509,0.521336170315623,"ITPR3"
75.6090488290894,-0.340650187734407,0.127500505610876,-2.6717555832606,0.007545558631851,0.0312736614060104,"UQCC2"
5.10033638664367,0.446903729770298,0.259570690016735,1.72170336235376,0.0851232679422983,0.188315072286282,"LEMD2"
126.423096190466,-0.164612566130316,0.138931064230032,-1.18485068147007,0.236076489933094,0.391597782293172,"HMGA1"
6.12535273051856,-0.896206642744212,0.31445693294852,-2.85001394098991,0.00437173128729103,0.0208598426098333,"C6orf1"
13.6302859530443,0.316187764821887,0.207904546683442,1.52083140973015,0.128302150037128,0.253846119403026,"NUDT3"
555.943706365081,-0.586236731195379,0.18633429091296,-3.146155913241,0.00165431790830045,0.0100382296092203,"RPS10"
8.31220365570441,0.514906168820422,0.313471407294096,1.64259373212097,0.100467018465781,0.212683751949214,"SPDEF"
5.06887795840429,0.316656773247047,0.304587546710454,1.03962481942201,0.298514241317471,0.461147177910062,"C6orf106"
4.53357072811312,-0.0574268542975096,0.261930744660917,-0.219244420397658,0.826459654633162,0.89860169141804,"RP11-140K17.3"
70.5101925908917,-0.481228273199446,0.153359026343408,-3.13791946045524,0.0017015162310226,0.0102544207929553,"SNRPC"
1.94747307100163,1.08069533854212,0.453644655445161,2.38225078940174,0.0172071743487725,0.0575573910384769,"UHRF1BP1"
19.1688111745446,0.273322023528478,0.154337224326806,1.77094038538443,0.0765706156619657,0.174038695288603,"TAF11"
3.27908909636069,0.358389175588769,0.32771085513463,1.09361398920257,0.274124311198887,0.434691505885199,"ANKS1A"
4.64735775671512,-0.459142884694338,0.243749668580672,-1.88366567785662,0.0596102118028564,0.144899543743343,"ZNF76"
3.14064945631294,-0.263005297312235,0.36410282987561,-0.722337965354696,0.470086716598913,0.628402479353053,"DEF6"
2.27532645262342,-0.0122252146482632,0.436162931366865,-0.0280290088154704,0.97763901454264,0.986083374935737,"PPARD"
2.2375579452392,0.267617019418576,0.40150357193823,0.666537082414172,0.50506786953186,0.658705063422121,"FANCE"
1721.41904492482,-0.523880069456715,0.129858394841455,-4.03424106771321,5.4779058027975e-05,0.000745489436320562,"RPL10A"
5.58113304928276,0.307555080498632,0.395535258318589,0.777566788371893,0.436824446559826,0.598895381228084,"TEAD3"
13.9208855129685,0.68848444665347,0.242908581942327,2.83433562185519,0.00459210757508077,0.0216356998982113,"FKBP5"
47.3544594604393,0.893234060993859,0.171442946415923,5.21009513466282,1.88743824887029e-07,1.03523128195613e-05,"SRPK1"
7.82035120276937,0.429108834154982,0.23013394935843,1.86460465894431,0.0622368393451033,0.149566734960793,"MAPK14"
27.185336357881,-0.307141180997698,0.162467391360693,-1.89047893503636,0.0586939352484157,0.143207399864703,"MAPK13"
6.40197221435439,0.694250255725535,0.291717281208303,2.37987359833441,0.0173185775437303,0.0577711571099556,"BRPF3"
3.27662980739122,0.123902112919397,0.588024462094607,0.210709113151593,0.83311426299233,0.902595859546759,"C6orf222"
4.69548687772335,0.685730850938415,0.460401923877428,1.48941786594483,0.136377366826936,0.26518499619347,"ETV7"
7.73672444026957,0.178298526649666,0.206090763528047,0.865145645527199,0.386958854176878,0.552728707852653,"KCTD20"
12.9788537483844,0.711008522958973,0.235732103484528,3.01617180031501,0.00255988174239619,0.0139210394203418,"STK38"
164.476805346489,0.0463309193153128,0.128906465787364,0.35941501485067,0.719284643908759,0.827044069121135,"SRSF3"
11.2638918363329,0.437116177640839,0.406883898334189,1.07430198007447,0.282687357874315,0.444024400710886,"CDKN1A"
7.44550201553871,0.240142198509502,0.260439657058149,0.922064639548672,0.356494859974599,0.523109604016234,"PPIL1"
10.4016741571422,0.242356958152936,0.218853533542647,1.1073933979033,0.268123879104343,0.427957867000759,"C6orf89"
57.0560709730736,-0.3108335698898,0.121375519895897,-2.56092472482426,0.0104393972699121,0.0398355075021943,"MTCH1"
11.7309655888713,-1.53047947826765,0.336586505082562,-4.54706132051324,5.4400152203127e-06,0.000127123873750512,"COX6A1P2"
4.45939532154925,0.31255247357484,0.339163045414496,0.921540473823926,0.356768320306283,0.523369439217376,"PIM1"
2.02567605008242,0.0331011837827133,0.38509672041625,0.0859555068319831,0.931501786668664,0.960511716978892,"TBC1D22B"
7.81837655645657,0.276162860049909,0.208674894106171,1.32341200522858,0.185698401570748,0.330712469835737,"RNF8"
1.96947227799205,0.517877738939529,0.402332382539902,1.28718880560942,0.198028488088371,0.346087766437031,"CMTR1"
26.8346134767604,-0.434391832683974,0.153963388866156,-2.82139693002992,0.00478149998060031,0.0223342321674492,"CCDC167"
6.98180465760747,0.0278853390581523,0.21367285497504,0.130504827397985,0.896167035096169,0.939690451013266,"ZFAND3"
34.685254756941,-0.000720837038014355,0.163767029291607,-0.00440160050000552,0.996488042258389,0.997587809921546,"GLO1"
11.0396508390418,-0.778482069469526,0.198489103450372,-3.9220393257717,8.78026569199437e-05,0.00106421523900735,"SAYSD1"
1.93928359634712,0.00956222549555601,0.478904457728751,0.0199668751067922,0.984069797130373,0.98999518266196,"KCNK5"
1.94230733416291,-0.363534951669261,0.487426534661567,-0.745825115823193,0.455773065887091,0.61563376810122,"MOCS1"
23.002503310291,0.273966796170795,0.179429578575773,1.52687644002407,0.126791739090782,0.25191333452724,"OARD1"
1.72559071882716,0.636165798890992,0.448587047764514,1.41815463032483,0.156145624523122,0.292520524809575,"NFYA"
4.00867397040571,0.0117603054670853,0.308702460919403,0.0380959239264236,0.96961120118833,0.98221197111821,"RP11-328M4.2"
5.93371243685359,0.769804735462289,0.254625843404227,3.02327809766034,0.0025005233826335,0.0137288594213346,"FOXP4"
3.99091466781989,0.27777502690327,0.352316846055563,0.788423914476864,0.430448787070032,0.592480839997535,"TFEB"
3.24523818442508,0.0798589811246719,0.456777441116726,0.174831272160537,0.861212215131731,0.919732978299793,"MED20"
5.91218626072443,-0.450910175402143,0.263182177099081,-1.71330057518442,0.0866572566382292,0.190775959272485,"BYSL"
13.0941816944472,0.301081407746694,0.256774578550126,1.17255146302545,0.240975723175306,0.396995806080677,"CCND3"
3.45046265756974,0.0267428695006605,0.302112061367945,0.0885197015291955,0.929463626247271,0.958956391891066,"TAF8"
11.4643853330022,-0.0995165270049512,0.219479025111301,-0.453421583016805,0.650245197893511,0.775410436930222,"C6orf132"
16.2269354730682,0.458407392625961,0.211063424568995,2.17189403404241,0.0298636565839836,0.0868092372864191,"MRPS10"
7.07278557855758,1.28654449979412,0.340114686840648,3.78267845985992,0.000155149781338829,0.0016358510925628,"UBR2"
10.5459899523054,-0.606128215092374,0.203401438428809,-2.97996031775616,0.00288285726330268,0.0151611766970785,"TBCC"
2.25269873402832,0.62053224483365,0.437124496978055,1.41957782993984,0.1557306235317,0.291843756955007,"GLTSCR1L"
26.7162312114327,0.269325503775245,0.186132220471713,1.4469579908986,0.147908689649367,0.281212949858566,"RPL7L1"
3.39283172206982,-0.0615703916558505,0.308049715412742,-0.199871607001341,0.841580996698944,0.908325345274353,"C6orf226"
21.1051148938263,-0.259762613367669,0.196859240119132,-1.31953477627198,0.186990391829441,0.332196246567598,"CNPY3"
4.57323281281466,0.132724796305884,0.354232960030831,0.374682232546436,0.707896807624368,0.81854272004396,"PEX6"
4.56966611083582,0.503279571336946,0.337952781540763,1.48920085534565,0.136434485646985,0.26524857037706,"PPP2R5D"
33.5505317862604,-0.633788346863999,0.153563690978394,-4.12720183284192,3.67204085727248e-05,0.000547028308778863,"MEA1"
24.457315848877,-0.664384768676834,0.190054709186664,-3.49575536181164,0.000472721884486771,0.00383689063193299,"KLHDC3"
8.91045285271847,1.00095713593629,0.267326033387369,3.74433093272981,0.000180875123043555,0.00183751528180824,"RRP36"
1.90457020926687,0.150285805768714,0.448084834842541,0.335395876143689,0.737326478357873,0.838857463299269,"CUL7"
13.5962546661426,-0.712830335939712,0.201717232661128,-3.5338098115654,0.000409615713582185,0.00347778109432441,"KLC4"
35.5147637679814,-0.221571406438295,0.155094598639868,-1.42862103762096,0.153113184174637,0.288481814735697,"MRPL2"
3.48717454244303,-0.58138742052467,0.362074331397994,-1.60571288851074,0.10833700812796,0.223847014510968,"PTK7"
8.08336396865637,0.33360942729111,0.398594480135,0.836964493783557,0.402612526372666,0.567670216952693,"SRF"
2.98505065380197,-0.143660300109228,0.368596740462265,-0.389749241756886,0.696721980522247,0.810841403054641,"CUL9"
164.344606028837,-0.636394294067441,0.137675636146525,-4.62241767592154,3.79293352996336e-06,9.62412573257059e-05,"DNPH1"
3.04934717935729,1.03431430432766,0.304116632708863,3.40104483965475,0.000671288157192943,0.00500699820543637,"ZNF318"
1.97299611408855,-0.269562073685803,0.394221881589214,-0.683782626674924,0.494112438741452,0.648075010233353,"ABCC10"
3.79473975695049,-0.193770236330193,0.37328535644207,-0.519094127283998,0.603695103455892,0.740470840696972,"TJAP1"
13.3474274799267,-0.61164469090745,0.208668466263178,-2.93117930974787,0.00337677810582119,0.0171443713086574,"POLR1C"
27.7347834766669,-0.00477786516650587,0.149448082733147,-0.0319700666554364,0.974495922038386,0.984903643619484,"YIPF3"
6.76504373151931,0.51876958856168,0.322381981599895,1.6091767473702,0.107577699331043,0.222659389124286,"XPO5"
2.36636633691087,0.879339318412032,0.408674359775917,2.15168702752526,0.0314220125434135,0.0902998296431517,"POLH"
2.75282431118303,0.325708858459374,0.575282730458055,0.566171799038772,0.571276998693306,0.714507452010746,"GTPBP2"
11.671430463992,-0.489317098699594,0.212340231224324,-2.30440127091442,0.021200128734921,0.0672214300908737,"MAD2L1BP"
39.681258342067,-0.357138652788731,0.167655708799904,-2.13019082586072,0.0331558621647846,0.0941612612734206,"MRPS18A"
12.641513392545,0.769864693210903,0.350697470779596,2.19523879513446,0.0281464727295934,0.0830401232935029,"VEGFA"
103.513728960408,-0.553777365741592,0.109562367407963,-5.05444870207634,4.31635749939336e-07,1.86014454140524e-05,"MRPL14"
6.26441126479243,-0.0246435083624238,0.284245284095163,-0.086698037720736,0.930911536217945,0.960176586886398,"TMEM63B"
2.48750250628576,-0.580071683491688,0.436509800250085,-1.32888581919433,0.183885643011763,0.328083435265978,"SLC29A1"
316.478550951907,0.553781162925843,0.125863079035913,4.39986982018636,1.08315836881293e-05,0.000215744656693651,"HSP90AB1"
14.0553099734209,-0.614598652634098,0.185644868559879,-3.31061481742957,0.000930912525338679,0.0064516337110262,"SLC35B2"
2.96778182807788,0.266649573557638,0.358922200213251,0.742917471806454,0.457531647031151,0.617318137254107,"NFKBIE"
1.62618366455213,-0.273005475184442,0.450684036720751,-0.60575803210354,0.544675441924445,0.692724592961644,"AARS2"
21.5295604072652,0.685757834220515,0.184943962231441,3.70792225897243,0.000208966782928493,0.00205706703809307,"CDC5L"
1.59214692938361,0.258511794612887,0.449293850027551,0.575373543610791,0.565038692881391,0.708991358138869,"SUPT3H"
3.86342917587858,1.23763110325415,0.358768561394757,3.44966431407117,0.000561284030263123,0.00436018924796675,"ENPP4"
1.18416272223478,0.487330476131096,0.488651913807562,0.997295748488594,0.318620976781908,0.484557318001894,"ENPP5"
4.80607392767691,0.496673800146,0.465191032292449,1.06767707386448,0.28566620348815,0.447409139007976,"MEP1A"
3.39687732258473,0.471750565285681,0.380014718044549,1.24140077445731,0.214457733188206,0.365277757594717,"TNFRSF21"
2.0549662837739,-0.585578432591376,0.378036521556337,-1.5489996315187,0.121381808654877,0.243841369217899,"RP11-385F7.1"
20.4808597364571,1.33314131435183,0.276884266827911,4.81479619490409,1.47350196654965e-06,4.56447321563683e-05,"CD2AP"
11.0618548427208,-0.0225568584276405,0.189954667117401,-0.118748640241091,0.905474499807199,0.944343903573051,"MUT"
5.32393955136396,0.805297145814721,0.377591089351526,2.13272285423296,0.0329474679702838,0.0936674089416969,"CENPQ"
2.49415763395697,0.450720433272355,0.373769424049556,1.20587828824809,0.227864423361926,0.381178009505625,"C6orf141"
44.2649556280766,0.0603422422308557,0.133483468132678,0.45205779468419,0.651227347472785,0.776240697349846,"MCM3"
12.7568590541418,-0.0873940498577983,0.248843863658691,-0.351200341342016,0.725438054064068,0.831302866638786,"PAQR8"
1.56836631646586,0.370176385505914,0.460305209886325,0.804197687871774,0.421282813916098,0.584457250782936,"EFHC1"
3.80986806071619,1.40693919279222,0.414737123498718,3.3923637723175,0.000692923785825717,0.00514716300551798,"TRAM2"
1.22678855882739,1.30435600739623,0.509309756237016,2.56102694170504,0.0104363262587423,0.0398355075021943,"TRAM2-AS1"
20.5240415710624,-0.62566107566362,0.201646636241468,-3.1027597946856,0.00191725186295972,0.0111942770063132,"TMEM14A"
22.3455918712822,-0.529844669306661,0.51280392817317,-1.03323051988739,0.301496033467146,0.464512581073741,"GSTA1"
5.80395564768116,0.182641648216642,0.265829002586463,0.687064415242789,0.492042137183693,0.646061855859619,"GSTA4"
5.94541489058808,1.56924880971809,0.345485841768036,4.54215084961919,5.56831718170735e-06,0.000129213514088337,"ICK"
9.3855939851954,1.15994486950938,0.223997697031249,5.17837854979181,2.23822710080105e-07,1.14656350541035e-05,"FBXO9"
2.62337247813721,1.29587828945724,0.435454557697405,2.97592083157789,0.00292110260407522,0.0153326120252571,"ELOVL5"
5.05782135933237,0.870108316366214,0.403545794215017,2.15615756337831,0.03107136393421,0.0895053083091566,"GCLC"
8.20131283080821,0.49413879979594,0.223494035338406,2.21097086124797,0.0270378549428819,0.0804933250958672,"LRRC1"
6.64034158675823,0.412818678801084,0.277252039031541,1.48896534807493,0.136496493819727,0.265321625717243,"TINAG"
4.41124312410338,1.63581079909563,0.336355348721012,4.86334112216674,1.1542067664604e-06,3.84499554716562e-05,"FAM83B"
5.23911876820087,1.76788967760879,0.453530755967577,3.89805907173178,9.6966765630791e-05,0.00114937360478881,"DST"
2.57759943263833,0.489053458227329,0.373158033697702,1.31058000649536,0.189999697684555,0.335839309383833,"KIAA1586"
8.66050162100947,0.991527811867007,0.287689163156659,3.44652471781524,0.000567846616141156,0.00439544850412898,"ZNF451"
6.0276351346762,0.565221142588393,0.265436118138951,2.12940554793869,0.0332207218518225,0.0942979664389911,"PRIM2"
1.66492386847363,0.119467760267353,0.457920324564946,0.260892023914542,0.79417577589564,0.876651402843195,"XXbac-BPGBPG55C20.2"
44.3048193218763,0.481144871839902,0.274940364297297,1.74999721510383,0.0801187942755546,0.179746838686827,"PTP4A1"
17.5943861251868,1.33818510019126,0.228161965805269,5.86506649111435,4.4895275286281e-09,5.6041688460806e-07,"PHF3"
7.72507636032248,0.232040378416267,0.299879890848771,0.773777720671788,0.439062249793171,0.600530986492927,"LMBRD1"
7.37418406336796,1.69446222324268,0.329115464394668,5.14853419713735,2.62529927925272e-07,1.30157260504886e-05,"FAM135A"
2.79837183334381,0.261588452850114,0.345429529708156,0.757284569941436,0.448879393111617,0.609582369537597,"C6orf57"
26.2365021762214,0.615375186727041,0.174992479391324,3.5165807631705,0.000437143644682543,0.00365620188710268,"SMAP1"
1.3492109464729,0.105442756211886,0.725913353506254,0.14525529211246,0.884509312001257,0.933324050557098,"B3GAT2"
3.87290293447532,0.566322327199531,0.379971630255304,1.49043318528548,0.136110372308727,0.265093013499423,"OGFRL1"
2.12242758948112,1.47969692619552,0.432283225512159,3.42298021035261,0.000619385864627506,0.00468747769327855,"MB21D1"
5.07402885856802,-0.130862998721339,0.25773359241447,-0.507745216661139,0.611632033646135,0.745993248584572,"MTO1"
3489.49884085108,-0.223830783697979,0.127035596633625,-1.76195326057714,0.0780771947406734,0.176319054872887,"EEF1A1"
5.77810907855779,0.331645947204327,0.301045885680474,1.10164583865574,0.270615671882272,0.430732258045065,"SLC17A5"
525.793410601226,-0.314967703806577,0.154415697017991,-2.0397388988885,0.0413763383755187,0.11029627755477,"COX7A2"
10.6893250094549,0.480388609577438,0.255805677756821,1.87794349910449,0.0603888948344941,0.146454532805405,"TMEM30A"
16.4116917626519,0.955592017142997,0.212124904836656,4.50485537225738,6.64181618999868e-06,0.000146904529171865,"SENP6"
15.8109308724269,1.01612255043703,0.242679538957729,4.18709609718692,2.82546217236069e-05,0.000444059612038163,"MYO6"
2.51809211929202,0.392024438541757,0.393471777509794,0.996321619361885,0.319093902692695,0.485208594685335,"IRAK1BP1"
21.5788044861834,0.921031598918421,0.220828152471389,4.17080697642367,3.03522879520726e-05,0.000470222321197587,"PHIP"
69.3316521098756,-0.23710457347859,0.119162720860243,-1.98975461257444,0.0466179734413231,0.120626921985411,"HMGN3"
24.184870384347,0.522910348838676,0.250956579585863,2.08366861590798,0.0371903208565462,0.102043174457325,"SH3BGRL2"
5.062128709551,1.25853551880198,0.388340671991766,3.24080275276616,0.0011919362761898,0.00779784816832602,"TTK"
11.5713465136377,-0.134294091972042,0.206965573727295,-0.648871643498508,0.516421344729035,0.668056677040777,"BCKDHB"
11.4048438056399,0.74999671270487,0.357375041111827,2.09862644680378,0.0358498431342269,0.0997512929637982,"FAM46A"
11.2048314597437,1.22167127758361,0.271412178513037,4.50116602827728,6.75816889214149e-06,0.000148871631173746,"IBTK"
2.93520362253613,0.920371704876553,0.393802767595628,2.33713874205583,0.0194319711279119,0.063107418196508,"TPBG"
2.69868507703807,0.339070334589621,0.349813489357409,0.969288906532671,0.332401062678651,0.498257493539014,"UBE3D"
3.21503655251978,0.88912432175223,0.384668104596555,2.31140640756986,0.0208104173624111,0.0662954334279215,"DOPEY1"
8.62256699877901,0.843294915906224,0.225641248115985,3.73732605606201,0.000185987672286486,0.00187890801956395,"PGM3"
1.64531327756414,0.644213083801326,0.602057992036806,1.07001832435096,0.284611060638257,0.446464844508374,"ME1"
8.08226939539034,0.271338852204433,0.282315171283197,0.961120335726652,0.336491665869229,0.502654675562563,"CYB5R4"
4.38449309970657,0.584715450619791,0.3639862798713,1.60642167838452,0.108181290898047,0.223610357661362,"MRAP2"
3.38433136077656,1.58857673004585,0.396680797915598,4.0046726193786,6.21034281233646e-05,0.000824447805303435,"KIAA1009"
2.00260486341632,-0.0356759543737407,0.461782340699091,-0.0772570781284771,0.938419035499731,0.964621933320121,"RP11-30P6.6"
5.28858529735733,0.294271678197921,0.388640224900859,0.757182760155589,0.44894037722922,0.609588959328498,"NT5E"
8.67519974466867,0.282136005514799,0.219702586294605,1.28417243635209,0.199081627312195,0.347243707138779,"SNX14"
41.2455562638733,0.945517188367655,0.180733922026945,5.2315424673111,1.68101404568303e-07,9.41021264748333e-06,"SYNCRIP"
4.42288676257663,1.716170158072,0.855017136795918,2.00717632924079,0.0447308911002428,0.117027151335968,"RP1-3J17.3"
15.3171206663727,1.52649359102502,0.266473600562134,5.72849838710038,1.0132351629303e-08,1.04797465423077e-06,"ZNF292"
5.98487265588069,0.440624902438542,0.266549717946095,1.6530683500016,0.0983169538293653,0.209357278154296,"SMIM8"
11.052885677187,0.179028619892828,0.23745857064871,0.753936231502371,0.450887513476178,0.611577603632476,"SLC35A1"
10.776192893535,0.180386323875289,0.179922341409941,1.00257879294874,0.316064132211947,0.481613087669671,"RARS2"
7.6429528207398,0.642574977228248,0.29260613222017,2.19604070616246,0.028089029941863,0.0829608009705281,"ORC3"
6.13548383918561,-0.0274865441223924,0.265028918060055,-0.103711490518042,0.917398307717731,0.951479860740575,"AKIRIN2"
1.91991084375895,1.15086972912653,0.373796754515091,3.07886495863105,0.00207790846634273,0.0119019440635454,"RNGTT"
26.1365018681771,0.943137352167586,0.328006528121989,2.87536152883159,0.0040356511734699,0.019670689009066,"PNRC1"
20.1490653261648,0.694437369106695,0.284027795443799,2.44496271226421,0.0144867118583364,0.0508021434622256,"PM20D2"
16.2551569512816,0.761236783101369,0.224565604004665,3.38981914205149,0.000699387483079903,0.00518517321724251,"UBE2J1"
17.4299372732879,0.651329686917529,0.170572227177596,3.81849787444811,0.000134266741125911,0.00147286546326,"LYRM2"
7.00592712103896,0.613335125750508,0.316330235635329,1.93890768777971,0.0525125796804355,0.131919180043842,"MDN1"
4.63074624678218,0.6418654604609,0.32888290303419,1.95165347465378,0.0509793598344506,0.129173086281412,"MAP3K7"
3.08550049073479,1.29565594165793,0.378756465145857,3.42081538108921,0.000624336991746927,0.00470554661802157,"MANEA"
12.7442211023397,0.732963580667685,0.225899917368813,3.24463855146533,0.00117599791551215,0.00771283417115233,"UFL1"
27.1459151612461,-0.299773994914103,0.136533686809724,-2.19560463002713,0.0281202545633302,0.0830078729431276,"NDUFAF4"
8.67270700723944,0.801469747230179,0.276603633741171,2.89753875026871,0.00376103272887249,0.0185827185785056,"MMS22L"
4.47212640715517,0.814370502363623,0.371007807342939,2.19502254735805,0.0281619803910003,0.0830583401639979,"FBXL4"
10.112169548162,-0.289705980439465,0.214112685491079,-1.35305378929328,0.176038447006807,0.31811607213663,"COQ3"
42.6765433262779,0.656598803627344,0.148340025706367,4.42630908617377,9.58591440412409e-06,0.000196050904762312,"PNISR"
3.69515277957471,0.74250551229927,0.325734996321606,2.27947724587191,0.022638711072909,0.0705065678955525,"USP45"
2.40520413431863,-0.00561079734210298,0.38590418311332,-0.0145393535173351,0.98839968300982,0.992887907063064,"TSTD3"
16.1407578117351,0.235242122122698,0.174776806654531,1.34595731908344,0.178316281611528,0.321200003035528,"CCNC"
9.37795826990689,1.42479153576933,0.316939347563526,4.49547065305217,6.9416232190105e-06,0.000152603295867316,"ASCC3"
15.0416964888324,0.099219526405389,0.201248678476307,0.493019517726027,0.621998796531046,0.752635869674335,"PREP"
1.54378836964156,2.01325647734563,0.651858379999445,3.08848752906627,0.00201178137001807,0.0116212477012746,"PRDM1"
11.0976541262828,0.291501274536318,0.194426844521548,1.49928511802809,0.133799681431965,0.261828181744064,"ATG5"
27.0488802240687,0.576453045161734,0.190028483553789,3.03350863187078,0.00241727795758394,0.0133544917643394,"AIM1"
5.33183728891114,-0.40837622560382,0.249166250717764,-1.6389708655463,0.10121932747766,0.213604305604093,"RTN4IP1"
7.36661873669938,-0.100163479808508,0.234309940559354,-0.427482844173808,0.669027678171769,0.789686356984866,"QRSL1"
22.4197247602832,-0.0161751020522381,0.197857837854235,-0.0817511311538467,0.934844617617769,0.963044256054731,"C6orf203"
2.16602163823009,0.489244588401453,0.4373029603861,1.11877721561613,0.263235194180241,0.42284790360658,"BEND3"
8.95480724681481,0.263078961035929,0.198010364051066,1.3286120769319,0.183975985582123,0.328183180588347,"PDSS2"
2.06814475890236,-0.0851118205691479,0.506134936788581,-0.168160335086096,0.866457144542203,0.922883933869,"SCML4"
21.9470749365359,0.284790239741647,0.159786489181677,1.78231739867468,0.0746974870097556,0.17092598165317,"SEC63"
52.9319790646422,-0.382163730740925,0.144293059672164,-2.6485246872525,0.00808439444009856,0.0327232663509021,"SNX3"
1.03559451505879,-0.0547864300147566,0.525045529958406,-0.104346055510837,0.916894730354443,0.951139246503893,"LACE1"
12.1976475063924,0.518037211945819,0.237775607343339,2.17868105872523,0.0293553698177627,0.0856757098148087,"FOXO3"
4.39644377664738,0.0479652297780911,0.369421620380042,0.129838718504745,0.896694029244363,0.939789341593687,"SESN1"
4.09100003165731,0.508914166684819,0.303785604515202,1.67524121986285,0.0938869130860247,0.202587048851065,"CEP57L1"
72.6394990690802,0.261504466977125,0.221198070866316,1.18221856977753,0.237118986213734,0.392667305623842,"CD164"
4.61537926085609,-0.0550338911956404,0.280570142632432,-0.196150205717858,0.844492600954626,0.910020802378174,"SMPD2"
2.56231961167373,0.17345424812205,0.436591383217953,0.397291964041028,0.691152172572346,0.806740390599277,"MICAL1"
3.34732095952178,0.453353598824857,0.349071549357876,1.2987411883289,0.194032763834634,0.341135796542678,"ZBTB24"
1.95709564619867,0.827803584760143,0.444253588449165,1.86335824016617,0.0624118812017716,0.149821624635552,"AK9"
2.8564252011047,-0.385733266975321,0.340077351569195,-1.13425156128586,0.256689041287769,0.415260388557302,"FIG4"
14.1603375056062,0.678602869500609,0.17670469006244,3.8403217778816,0.000122873148755277,0.00136721556914171,"CDC40"
5.52374485693761,0.235192639665301,0.320744961074518,0.733269944062065,0.463393802781102,0.622361001991233,"CDK19"
39.9330095358341,0.879013920957984,0.243947737302976,3.60328786270427,0.000314217207622433,0.00279475747320199,"AMD1"
58.3066574902157,-0.140211847025014,0.130569517613144,-1.07384824259241,0.282890703836105,0.444151083368527,"GTF3C6"
19.6138084682112,0.308736573781906,0.162072564750505,1.90492804415834,0.0567894252276272,0.140007527348929,"RPF2"
3.15958874099476,0.315686648667296,0.332721572285571,0.948801264969817,0.342721698404539,0.509438495027826,"SLC16A10"
6.89013813373195,1.65365097701579,0.325064232461039,5.08715143618267,3.63481592531513e-07,1.67263139614078e-05,"REV3L"
6.87847745677579,-0.00948085737115599,0.22530164893951,-0.0420807278410175,0.96643434351556,0.980836885712338,"TRAF3IP2"
4.49124726785832,0.209305503200823,0.420726288778993,0.497486153784819,0.618846264655322,0.750661279365218,"TUBE1"
115.751504158664,1.03774235906793,0.309230743564432,3.35588352925752,0.000791118783924998,0.00568224205914383,"MARCKS"
39.4964832208939,-0.315687969826525,0.124743917675519,-2.53068827489999,0.011383897077076,0.0424725169351586,"HDAC2"
4.64906412037014,0.639769226645593,0.325710500606162,1.96422659218832,0.049503820269698,0.126407591847853,"FRK"
15.3068442569847,0.274764196936613,0.181905273759335,1.51047955487059,0.13092110242546,0.257619708704564,"NT5DC1"
2.03810433683179,2.48521612949542,0.48993402310958,5.07255265458379,3.92514477062229e-07,1.76144926483298e-05,"TSPYL4"
21.6039812180955,0.905395558595764,0.380520615490304,2.37936007075242,0.0173427260928539,0.0578090869761798,"TSPYL1"
59.7261612885812,0.0325995489074459,0.107544939622097,0.303124898502873,0.761794679997049,0.856161670782154,"RWDD1"
3.02656866617004,0.849298564099278,0.338338041282463,2.51020713154226,0.0120660363105305,0.0442637186890661,"ZUFSP"
1.64827477553148,0.914929304882746,0.50813895526668,1.80054942727738,0.0717739263739062,0.166090952572048,"KPNA5"
16.8211470427976,0.252786176079492,0.227582779282306,1.11074386593162,0.266678614841326,0.426591509379408,"GOPC"
3.81901468888758,0.551180845855792,0.30378993688499,1.8143485972824,0.0696240741378929,0.162013594415581,"DCBLD1"
7.99808347773089,0.604679054987108,0.266574203081882,2.26833297444529,0.0233089195848035,0.0719951270452122,"NUS1"
1.86234606036579,1.03423828507122,0.434511913069966,2.38022998670851,0.0173018357790045,0.0577578385587396,"MCM9"
9.27282099241361,-0.480015781349576,0.21362605885604,-2.24699076470372,0.0246406173347473,0.0749137321837352,"ASF1A"
9.05385681480132,0.734087742168559,0.462986609962894,1.5855485371972,0.112841758201766,0.230653396211403,"MAN1A1"
3.04050741726012,0.168739161957758,0.334278835785601,0.504785657641763,0.61370939042627,0.747519513237919,"HSF2"
11.1566035599753,0.678366618235358,0.23920810576146,2.83588474594514,0.00456989342625028,0.0215634183685454,"SERINC1"
43.7457412082882,-0.386465796925934,0.209534470539106,-1.84440200188354,0.0651245757930542,0.154455753027423,"PKIB"
7.93940235211183,-0.393115932872729,0.262289675401486,-1.4987853878388,0.133929316540564,0.26194244570217,"SMPDL3A"
8.11705195131233,-0.51130137427899,0.262666546892964,-1.94657972371086,0.0515851414465669,0.130070730464295,"TPD52L1"
35.2409542153766,-0.547026786444016,0.145623016949298,-3.75645827084103,0.000172334991530317,0.00177230871971519,"HDDC2"
30.4140037159764,1.19033957473019,0.450284916479874,2.64352531289686,0.00820476305213179,0.0331108454863272,"NCOA7"
9.74171175826078,0.0607131493744551,0.264512730163202,0.229528270102523,0.818458350688098,0.892863655296107,"HINT3"
5.97677244398989,0.922849653721169,0.258252370713031,3.57344116986495,0.000352320427146448,0.00306341059952796,"TRMT11"
55.5868832367667,-0.203778040902611,0.144841988754077,-1.40689894315522,0.159457357023194,0.297084731046815,"CENPW"
3.49339132507492,-0.232409428354307,0.321627107842547,-0.722605224146975,0.469922457756375,0.628306026328005,"RNF146"
24.5430903418747,0.478984233669869,0.1606479879437,2.98157630108465,0.00286768576477822,0.0151036192822761,"ECHDC1"
13.7496768673376,0.216683528925803,0.246483987875408,0.879097789651682,0.379348256116472,0.545075773646041,"PTPRK"
14.3907738243571,0.923215183875415,0.241894231228727,3.81660686650461,0.000135299488793101,0.00147822177896688,"ARHGAP18"
2.62965681181862,0.667627566631539,0.492570222803384,1.35539570953324,0.17529151587402,0.317066266221163,"L3MBTL3"
0.725515055920788,2.65160606225388,0.827797768557099,3.20320513411843,0.00135907136235236,0.00862121202987537,"TMEM200A"
14.347935024434,1.49848820375935,0.314736021030129,4.76109534223254,1.92545052054765e-06,5.62107329385684e-05,"EPB41L2"
6.97875883906024,0.823569409586645,0.325973981606155,2.52648817408283,0.011520926711966,0.0427751330228892,"AKAP7"
4.68579342557833,0.271986596213759,0.372535886297219,0.73009502230011,0.465332103777375,0.623812695595889,"MED23"
2.58249693553961,-0.00245728524362392,0.352731169073983,-0.00696645337602281,0.994441619367154,0.996736131640729,"ENPP3"
2.89188221136768,2.35213492659337,0.513483849158342,4.58073789555171,4.63338231780149e-06,0.000113075352744549,"CTGF"
9.91768232168106,0.191874376297647,0.225023414494017,0.852686271466867,0.393833306066772,0.559378836295565,"STX7"
5.56092476088352,0.319581135384183,0.354784904162435,0.900774332940235,0.367708317141722,0.533809526230009,"SLC18B1"
3473.80806366346,0.166336108707953,0.154929893861339,1.07362178184168,0.282992231047326,0.444246260360503,"RPS12"
10.4940883996727,-0.433285384227818,0.237067844597281,-1.82768517157551,0.067596814856861,0.158793296419102,"TBPL1"
3.15962905290154,0.542548619409819,0.554328521525733,0.978749240462153,0.327703895684077,0.493738111421902,"SGK1"
5.2605899857173,0.773660445519292,0.275668667112211,2.80648669151933,0.00500849813288231,0.0231555086092388,"HBS1L"
28.2015655425651,0.482348607919633,0.248102104175459,1.94415363595027,0.0518769269148532,0.130685090766715,"MYB"
13.4047419543641,1.43479553235376,0.210274510167732,6.82344013646374,8.88857905246629e-12,5.70898264027733e-09,"AHI1"
3.39614753059195,0.133040641380661,0.285734725647508,0.465608935277906,0.641495446019309,0.768266491372926,"MTFR2"
29.7261449687501,1.3022586238386,0.239044832965054,5.44775893160168,5.10084272658797e-08,3.5060222791611e-06,"BCLAF1"
2.18953103334088,-0.234860234126305,0.39408811057706,-0.595958690005645,0.551202824004248,0.697953362796543,"RP3-406A7.7"
21.0667231455139,0.97012173584639,0.21255320399986,4.56413602613598,5.0155552601073e-06,0.000119449408168345,"MAP7"
2.4108380130505,0.570784766776501,0.412491941751093,1.3837476784478,0.166435728891589,0.305164952855421,"RP3-325F22.5"
3.54231796526108,1.27898829396844,0.452905898553656,2.82396033713152,0.00474342544230732,0.0221754628942994,"MAP3K5"
7.81750611523931,-0.581636989654532,0.231989140251791,-2.50717334881817,0.0121701010146272,0.0445307604510955,"PEX7"
7.24434298250229,-0.0958176779315792,0.269303781240904,-0.355797744428498,0.721992038386008,0.829191363882408,"IL20RA"
7.77106047291896,-0.00797440177901267,0.233618962201481,-0.0341342231121431,0.972770118280747,0.983891078013052,"IFNGR1"
3.21148615135393,1.73268196274987,0.639937257089089,2.70758100666211,0.00677755281998552,0.0288530864857087,"TNFAIP3"
49.5297011666741,0.24241253326338,0.15631267657977,1.55081813303651,0.12094527382398,0.243234384023782,"PERP"
9.42886587389402,1.02030107529445,0.291658559685227,3.49827235105188,0.000468282670300382,0.00381798032992654,"KIAA1244"
59.7149955856984,0.66241887576562,0.137339252477725,4.82323053180341,1.4125155428831e-06,4.42072587772637e-05,"HEBP2"
9.81318393431912,1.01294432758728,0.320781076358245,3.1577434027188,0.00158995441414358,0.00971142009988714,"NHSL1"
1.23414829043395,-0.426080551772505,0.493856011555644,-0.86276271180815,0.388267944596115,0.553670636678938,"RP11-390P2.4"
9.73011006216547,-0.099536650449216,0.225618820441398,-0.441171752668877,0.659088661221414,0.782427901658752,"CCDC28A"
4.77921081870613,0.208702207144444,0.299371762662027,0.697133908985454,0.48571899508074,0.641170327771586,"REPS1"
45.5134048996949,-0.278202563220106,0.191945742937186,-1.4493812624495,0.147231138485367,0.280415672387071,"ABRACL"
4.44476172627911,0.842825069267713,0.380852808184001,2.21299423597927,0.0268980430398879,0.0802066851766016,"HECA"
26.6528854083948,-0.582572027690096,0.244830762779292,-2.37948867649148,0.0173366756594064,0.0578066618548214,"CITED2"
9.1473563306479,0.637261794461388,0.214195641392848,2.97513894455308,0.00292855868589181,0.0153643223810556,"VTA1"
1.46877449985821,1.10823876992993,0.653945714430613,1.69469536304687,0.0901332257702537,0.196083099331922,"GPR126"
3.64060063511148,1.4868736692573,0.519471615273947,2.86228087452514,0.00420603987316272,0.0203282567968612,"HIVEP2"
15.6778048608333,-0.0548862960091136,0.161360295902688,-0.340147467517128,0.733745476711642,0.836409769821395,"AIG1"
4.61495664720194,0.405327605353326,0.269578026109208,1.50356322139225,0.132693866998527,0.260007159250128,"ADAT2"
4.41546369617357,-0.135959824710329,0.271251304084105,-0.501231967047699,0.616207879026341,0.749121343141342,"PEX3"
28.7617244428525,0.0825761992214827,0.146687529384246,0.562939464371069,0.573476105989596,0.71668015086847,"FUCA2"
9.405886445194,1.22608038453487,0.341332316468881,3.59204307760485,0.000328095596945611,0.00289214138216667,"PHACTR2"
10.5636212927771,0.13016418639511,0.220795757338386,0.589523041403479,0.555510460125265,0.700760087926632,"LTV1"
12.798001540892,0.458500326150503,0.230817722842331,1.98641733617527,0.0469870032417306,0.121408245349796,"PLAGL1"
168.658152825957,-0.488413595389666,0.111591544628877,-4.37679751646054,1.20435760369052e-05,0.000232728177510304,"SF3B5"
9.5237178059304,1.45438529343445,0.28924096160177,5.02828259655997,4.9489217371718e-07,2.07737379169725e-05,"UTRN"
1.73940740253671,1.36685257993129,0.480439979003477,2.84500174770301,0.0044411179387042,0.0211166991306163,"FBXO30"
6.00781008657384,1.27294373961098,0.295809299143634,4.30325802230065,1.68304650075427e-05,0.000300129474518742,"SHPRH"
36.9791060875914,-0.208372074836459,0.12687995249398,-1.64227737117371,0.100532534517935,0.212698874900598,"RAB32"
2.90527725826598,1.60388553562268,0.396183832465599,4.04833666644373,5.15829123844853e-05,0.000708574891798077,"STXBP5"
1.90317651963389,1.66825529130448,0.602191516869492,2.77030686180527,0.00560035029470766,0.025149801926082,"RP11-361F15.2"
11.2967462113915,1.52490724695867,0.316090366047044,4.82427625374612,1.40512553114035e-06,4.41751287739843e-05,"SAMD5"
3.84905045991293,0.66141596523879,0.446825071447425,1.48025705696466,0.13880465876676,0.268702066703567,"SASH1"
5.75986140947568,0.313966835310388,0.395065724495305,0.794720513179116,0.426776097139416,0.589292869031666,"TAB2"
10.9303753319725,0.311327584027691,0.213610453711054,1.45745481374623,0.14499087582317,0.277707391788294,"PPIL4"
10.437029717957,0.266207846750176,0.195035807237974,1.3649178092993,0.172278884095631,0.313234334719329,"GINM1"
5.72017933599358,0.39597094126223,0.24999555887148,1.58391190247422,0.113213768410085,0.231239707529344,"KATNA1"
3.90016784334191,1.10878986173123,0.33538161354899,3.30605440768825,0.000946197129609779,0.00653254979501729,"LATS1"
6.3938967301457,1.35722358651212,0.296620376117647,4.57562492596198,4.74800535425707e-06,0.000114840396764436,"NUP43"
32.0701451452884,-0.428035733242132,0.151306757998225,-2.82892673734477,0.00467043891631287,0.0218943214471812,"PCMT1"
7.00193676328767,0.668053713669125,0.270894376649559,2.46610402892692,0.0136591657841451,0.0486834724042715,"LRP11"
9.52266668008564,0.277915792035381,0.209960764474693,1.32365583984563,0.18561737089275,0.330676615468384,"PPP1R14C"
6.46257592111322,0.536652841648615,0.558698148489024,0.96054165044214,0.336782679273058,0.503020203122736,"IYD"
1.89258282075472,0.807931034622088,0.459768325986017,1.75725683775498,0.0788740411948715,0.177638342467089,"PLEKHG1"
4.78335499031842,0.00153496423383391,0.320447961014677,0.0047900577334727,0.996178101504469,0.997372009065966,"MTHFD1L"
2.89419702130596,0.343821107061464,0.428229670261464,0.802889502849108,0.422038603828505,0.584994343457014,"ZBTB2"
5.31713002001132,0.16985354701403,0.250779757263286,0.677301664486841,0.498214575042232,0.652037874784122,"RMND1"
10.0220802569934,-0.149794231175218,0.228896772890834,-0.654418274593406,0.512842363929494,0.664772985470793,"C6orf211"
8.30537731874983,0.767612845211656,0.234125575723778,3.27863729897365,0.00104309608050159,0.00704479069293981,"FBXO5"
6.91492708694406,0.231431172424709,0.23768506547065,0.973688321419952,0.330211317696811,0.495950329042843,"MTRF1L"
4.86272804460521,0.402732035140829,0.331430653779711,1.21513212657906,0.224315702211719,0.376867036822288,"CNKSR3"
6.56900370241497,1.20613168595487,0.31638511384197,3.81222640758414,0.000137720635114075,0.00149864338410707,"SCAF8"
6.89106441438864,-0.229500607135231,0.2342050508784,-0.979913141388176,0.327128995539647,0.493355314027494,"TFB1M"
11.6318232441951,0.938410376790204,0.34857997166883,2.69209493677321,0.00710047298793238,0.0297956478550795,"ARID1B"
12.2878676709745,-0.666987963065939,0.222920070236845,-2.99204985157813,0.00277111007681336,0.0147120264391081,"TMEM242"
4.24582207987226,1.00984458478176,0.28618373893176,3.52865815699806,0.000417672282892029,0.00353540217631133,"ZDHHC14"
9.13012324884738,0.381713675130596,0.210757618497042,1.81115006827596,0.0701176249655013,0.162892837107362,"SNX9"
6.63990341643739,0.983717168396341,0.303023761710679,3.2463367322843,0.00116900478979134,0.00769417698008116,"SYNJ2"
2.48986960278658,0.794935847209084,0.481062350256279,1.65245907684439,0.0984410009413836,0.209539253277818,"SERAC1"
32.0518687428797,0.188270126059233,0.222691292399036,0.845431018119359,0.397870232223929,0.563493834370354,"GTF2H5"
1.63274467903662,2.33501178111585,0.52810130437856,4.42152246501941,9.80078722153307e-06,0.000199693338134801,"RP11-732M18.3"
4.25234691049748,0.15899026656226,0.315322748667082,0.504214387431089,0.614110731178304,0.747756759793293,"TULP4"
9.48545019452282,1.32506619941175,0.28204543210013,4.69805942094227,2.6264502770474e-06,7.20284091129666e-05,"TMEM181"
107.525455242668,-0.412329163483106,0.123328156159288,-3.34334977773082,0.000827734959035229,0.00587529519942652,"DYNLT1"
60.6940629940658,0.734461107888549,0.22708633412859,3.23428140538238,0.00121949233355292,0.00793035134274533,"EZR"
5.08630577985494,0.251337789139139,0.272286735567614,0.92306291973862,0.35597441682169,0.522557740833138,"RSPH3"
58.0379762507263,0.773480002893192,0.170497528602318,4.53660536451128,5.71669348407289e-06,0.000131449355161782,"SOD2"
27.6393044961109,0.713668420208482,0.261996710000379,2.72395947341266,0.00645044211707999,0.027803583832207,"WTAP"
38.5018578627075,-0.306858443401433,0.201624912258787,-1.52192722597482,0.128027316390791,0.253440077889002,"ACAT2"
54.1558715530737,0.0677921359276739,0.132206130028191,0.512776040817612,0.608107991274802,0.743846744886646,"TCP1"
68.41970669644,-0.360342393020212,0.157915540382715,-2.28186783990295,0.0224971440611274,0.0702522130079386,"MRPL18"
6.27062628215129,0.414945554463997,0.245816471068371,1.6880299056469,0.0914054883698607,0.198334386352984,"IGF2R"
1.41851898922806,-0.456115847569233,0.602263941923609,-0.757335473401272,0.448848903674266,0.609582369537597,"SLC22A3"
5.98206981156728,1.05098774906006,0.26051399533292,4.03428517426469,5.47687704947686e-05,0.000745489436320562,"MAP3K4"
45.5504589726141,-0.52225670106356,0.176248467991406,-2.9631843443259,0.00304474164613627,0.0158058768054684,"SFT2D1"
54.6475554234985,-0.00184719613558664,0.126109583057465,-0.0146475477184388,0.988313365719167,0.992887907063064,"MPC1"
69.5842233945196,-0.602521206879106,0.163981603648298,-3.67432195730549,0.000238481868829569,0.0022678748647015,"RNASET2"
9.27325463309939,-0.132642345031152,0.218167606135096,-0.607983684566881,0.543198294942845,0.691412738288713,"FGFR1OP"
26.9760141986784,1.02615864946955,0.28039335154262,3.65971105885361,0.000252499800199947,0.00236800330757464,"MLLT4"
4.92004510415936,-0.210485924982363,0.331179671895432,-0.635564144917756,0.525060545537634,0.676091715027117,"FRMD1"
1.07718579929069,-0.592503637093943,0.718932868008232,-0.824143203711698,0.409858194213122,0.574150477619428,"DACT2"
4.56855286831804,0.455837298224154,0.365738355590485,1.24634808260185,0.212636632616725,0.363030000034214,"SMOC2"
1.99559080079958,-0.0740506994908355,0.385647077736965,-0.19201675253285,0.847729082975062,0.912331014601696,"WDR27"
6.99918426638899,0.618837670087372,0.25484873847991,2.42825479058102,0.0151716806005672,0.0524059959676081,"C6orf120"
11.4783032731047,0.520592363036004,0.187764366237727,2.7725833898477,0.00556132684186913,0.0249880055865531,"PHF10"
1.40698928653433,-0.0114342028515963,0.435883218488887,-0.0262322621440582,0.979072083261237,0.986704048275523,"ERMARD"
2.35721076347377,-0.172597345528691,0.625242061834475,-0.276048839424345,0.782510554574947,0.869168790129259,"DLL1"
4.39678881125543,0.362611001411617,0.343831446540911,1.05461849129751,0.291599843295121,0.453952737698539,"FAM120B"
146.065150712546,-0.389402101927334,0.109927482924963,-3.54235439187798,0.000396572294967927,0.00337786284184446,"PSMB1"
3.96876034141789,-0.115898036640553,0.282739616876371,-0.409910849851756,0.681871346018919,0.799257724529461,"TBP"
26.3369629969559,-0.0719085932139619,0.139592773829823,-0.515131200857326,0.606461341148578,0.742819632370631,"PDCD2"
3.14409755538173,-0.131087443032243,0.416584951270146,-0.314671575707582,0.753011027971311,0.850161114852733,"FAM20C"
8.00541653913008,1.19097142709424,0.388741641325712,3.06365796839441,0.00218648734428357,0.0123996096913418,"PDGFA"
8.58304050249203,-0.351694528865439,0.233688692947591,-1.50497024237417,0.132331727489832,0.259595838247755,"PRKAR1B"
6.34607969256454,0.686813012826303,0.276570653517331,2.48331847248307,0.0130164657658929,0.0469007359713328,"HEATR2"
13.0850415355137,-0.0502966346606325,0.241758278467241,-0.208045139051765,0.835193722492999,0.904037060328313,"SUN1"
13.5517709387293,0.249640921934701,0.199455954251638,1.25160927319196,0.210712273909162,0.361019306803894,"ADAP1"
16.9135109695473,0.218365849316493,0.218828588209357,0.997885381902562,0.318334941206982,0.484403129609043,"COX19"
0.809716986950647,0.203414102820462,0.880526466198402,0.231014183706124,0.817303783037244,0.892181191478741,"CYP2W1"
32.2059354021158,-0.342694870796243,0.19995172062742,-1.71388808118738,0.0865492824308356,0.190615535834288,"C7orf50"
14.6705401803613,0.45395216500612,0.572560154688578,0.792846238580869,0.427867413101751,0.590274403745557,"ZFAND2A"
9.2828410569369,0.338914851074892,0.242517768684473,1.39748461695537,0.162267889373885,0.300107165974181,"MICALL2"
11.679588549533,0.355097702493178,0.282514219191284,1.25691975260456,0.208782695182506,0.358592451317732,"INTS1"
4.75061360827594,0.340587530135764,0.36972146103669,0.921200325187413,0.356945848534483,0.523488442280146,"MAFK"
4.4138850101441,-0.18486544483949,0.295927612920718,-0.624698192287372,0.532169159800335,0.682493750050972,"TMEM184A"
24.6411896741503,-0.218046265912596,0.165377630942397,-1.31847496345225,0.18734470080507,0.332608051453827,"PSMG3"
1.89484754605307,-0.646628656634795,0.454561142020546,-1.42253394947157,0.154871303156069,0.290885913572277,"PSMG3-AS1"
0.695644317849083,0.380065122760452,0.747778141486262,0.508259203732602,0.611271576300847,0.745834040390132,"AC074389.9"
4.14812092863383,-0.343635872597703,0.313067749848717,-1.09764059940303,0.272361457211575,0.432623288769593,"MAD1L1"
12.0019798235868,-0.0719877767226856,0.22630007285224,-0.318107616207835,0.750403306586085,0.848816900427288,"FTSJ2"
46.8632645763104,-0.171926561559315,0.158903671378334,-1.08195462111114,0.279272692336532,0.440572550664547,"NUDT1"
5.58047489784076,-0.0340496282437241,0.238989727655792,-0.142473187352908,0.886706256697707,0.934082105324316,"SNX8"
34.2848153616598,0.0914344812039175,0.194459271220835,0.470198621181097,0.638213119157367,0.765727921109832,"EIF3B"
3.23416799481132,-0.912507530279344,0.439658210891445,-2.07549297994266,0.0379408688110139,0.103397198315586,"CHST12"
8.41824438167961,0.945883216351371,0.315160416208482,3.00127543849181,0.00268851256708797,0.014397064338548,"LFNG"
7.91724351119583,-0.570278812601495,0.243476656461917,-2.34223198596739,0.0191687959465355,0.0624775082388696,"BRAT1"
4.02120952922582,0.413563198052207,0.32564672447349,1.26997499735599,0.204093536424809,0.35322004869696,"IQCE"
3.86145755437716,-0.317323388585369,0.426989667729957,-0.743164091703632,0.457382340400066,0.617193366891739,"TTYH3"
2.5033350489591,0.869091943176595,0.50498436293467,1.72102743563374,0.0852458454975948,0.188509444533472,"GNA12"
7.40793024858698,0.0818963391199183,0.324618040794047,0.252285236272118,0.800820598888674,0.881129917929973,"FOXK1"
4.48773308670003,0.209394660562642,0.301801779377361,0.693815195505601,0.487798111875768,0.642701302896482,"AP5Z1"
1.86202238451884,0.732132412957917,0.447008706065981,1.63784821866501,0.101453360045613,0.213779773237928,"RBAK-RBAKDN"
1.60331473290756,0.862440080424499,0.470085073644364,1.83464680922195,0.0665580382328146,0.157100694459545,"RBAK"
18.1428196674792,0.00149843272616283,0.179541086818859,0.00834590428693695,0.993341009127961,0.996000679450619,"WIPI2"
5.56025789877993,0.799757219749668,0.312911049566909,2.55586122911476,0.0105925352942443,0.040193897028474,"TNRC18"
897.632391434041,-0.159307236202927,0.113734853727373,-1.40068968290751,0.161306889211791,0.29924195430685,"ACTB"
5.37667827901025,0.182352715431586,0.253884622828254,0.718250335133303,0.47260294691465,0.630607023534024,"RNF216"
8.5422333640013,-0.451086357333206,0.247424515311758,-1.82312717381635,0.0682841318048627,0.159842770184381,"CCZ1"
3.58958549865661,-0.328562046915284,0.355650739730981,-0.923833441661929,0.355573040887371,0.52221101086865,"PMS2"
26.1133173244803,-0.599393249357733,0.155315381173941,-3.85920083913943,0.000113758421057683,0.00128689213821504,"AIMP2"
24.6052728889123,0.454165137277726,0.156758672016229,2.89722496010114,0.00376479688001896,0.0185928577157826,"EIF2AK1"
4.09450884054062,0.691278207623135,0.334628215452259,2.06580968281128,0.038846453462274,0.105100270204359,"USP42"
221.736378789994,-0.0978624467336245,0.105400816521168,-0.928479019078284,0.353159146161986,0.519830350680289,"RAC1"
2.22043951661595,-0.3646964255586,0.397717577251099,-0.916973366073657,0.359156596857131,0.525311870958713,"DAGLB"
90.3607793914684,0.0550435253793567,0.135206881056286,0.407105947192454,0.683930175594672,0.800768368672571,"KDELR2"
16.3838854721859,-0.450724555879168,0.221335193864587,-2.03638900804416,0.0417113083244923,0.110862655018107,"ZDHHC4"
6.14509766706298,0.155809980464408,0.260570427725506,0.597957265620883,0.549868447878553,0.697206228133227,"C7orf26"
3.04709315780225,-0.0650145954077375,0.38828280723773,-0.167441344802918,0.867022795897718,0.923124270926394,"RP11-611L7.1"
4.43836040023317,1.10614548431519,0.353229804637032,3.13151798006351,0.001739051370401,0.0104112998250027,"ZNF12"
4.2515692232463,-0.0620881488403306,0.37541744398172,-0.165384293765939,0.868641515203237,0.92376095330074,"CCZ1B"
8.13710951330627,0.472179221599898,0.2656559962369,1.777408484237,0.0755010558709897,0.172191598547387,"C1GALT1"
1.5192565605439,-0.0219609220319437,0.450049143869609,-0.0487967199384481,0.961081296172393,0.977645454892487,"RP5-1159O4.1"
4.01917068841726,0.207639750040212,0.340783443499214,0.609301167651037,0.542324833278344,0.690429179992012,"MIOS"
86.7053862424024,-0.344294024084177,0.137511406959912,-2.50374882852117,0.0122885236965342,0.0448582747376003,"RPA3"
4.26937946541851,0.0140363415827094,0.296602529592943,0.0473237419855214,0.962255205910244,0.978381381535928,"RPA3-AS1"
2.1392761396656,1.45518232366914,0.512735190696947,2.83807772525063,0.00453861291981535,0.0214861971705295,"GLCCI1"
15.6190790997629,-0.0738315035734582,0.185409356857451,-0.398208077655015,0.690476812176543,0.806298729057769,"ICA1"
322.657628085564,-0.34853421412908,0.104186887312517,-3.34527907608587,0.000821998154219358,0.00585370488840802,"NDUFA4"
20.5108349615459,0.183278876179435,0.19569907216228,0.936534211196741,0.348998206752954,0.5154522678277,"PHF14"
15.1290415990605,0.627500967777178,0.253938932034763,2.47107035833039,0.0134709312303741,0.0481073045583238,"TMEM106B"
3.03082132231942,0.588575583829455,0.398601280875907,1.47660233940064,0.139782264268665,0.269990872990876,"SCIN"
20.7533883238849,0.549636358054269,0.237328431944393,2.31593135955599,0.0205620167650272,0.0657091535937024,"ARL4A"
2.18428258264254,-0.465698866104935,0.466691737600509,-0.99787253251862,0.318341172745832,0.484403129609043,"SOSTDC1"
5.01087743375098,0.396045884438634,0.301280742423707,1.31454098676395,0.188664214545327,0.334240353990579,"ANKMY2"
41.766296822434,0.182688326911875,0.118927098916864,1.53613708377418,0.12450476281819,0.248356543038731,"BZW2"
31.1206926853588,-0.0225677413587101,0.182663904349695,-0.123547897648711,0.901673247946889,0.942376339184064,"TSPAN13"
700.035690861267,0.497514168132233,0.187842753312245,2.64856726894986,0.00808337603755059,0.0327232663509021,"AGR2"
105.26055197966,0.412774900028482,0.375283563216559,1.09990135589895,0.27137510388894,0.431559988897137,"AGR3"
3.32346643107151,0.400962546173389,0.385504114985831,1.04009926376046,0.298293785693936,0.460937750801955,"AC003075.4"
5.18736248594998,1.41428616394214,0.35813193670542,3.94906462951238,7.84571685018142e-05,0.000980488895201038,"AHR"
5.91907816836623,0.420746111799559,0.252320991863528,1.66750339990391,0.095414348931321,0.204878390519477,"SNX13"
15.797335919714,0.134537424394646,0.177818697130997,0.756598864828785,0.44929022164248,0.60998772434521,"TWISTNB"
4.72382545617357,1.41393974390489,0.38109262265954,3.710225965639,0.000207074335774746,0.00204253159538033,"MACC1"
7.38077743731415,-0.084322768116177,0.299633608758737,-0.281419592633459,0.778388592349248,0.866792219426715,"CTA-293F17.1"
2.93815874786393,1.42784620976947,0.433038914968123,3.29726996908482,0.000976296100237437,0.00670200736319758,"ITGB8"
16.309628199019,0.270897783477552,0.172122837311471,1.57386310677263,0.11551910075183,0.234756256393127,"CDCA7L"
3.1087952497898,1.68177032373779,0.414113900826146,4.06112984949964,4.88357987328729e-05,0.000681692511875321,"RAPGEF5"
300.351205256082,0.0475004922561536,0.161688463536736,0.293777868978027,0.768927647247697,0.861681379538747,"TOMM7"
2.9888157708833,0.263892093286011,0.316722275239183,0.833197138050122,0.404733556420327,0.569722154598153,"KLHL7"
8.01849569330791,-0.0534051786248492,0.215302207727447,-0.248047519756301,0.804097639964299,0.883766862666965,"NUPL2"
24.790008135211,-0.126721266410472,0.140036485567439,-0.904916071672231,0.365509851967535,0.531810958248584,"MALSU1"
24.14044773743,0.458885441936813,0.429032332255893,1.06958242406569,0.284807309928853,0.446613143439045,"TRA2A"
1.54181994013803,0.592058027772675,0.484192983508518,1.22277283632356,0.221415507865991,0.373700002984765,"CCDC126"
8.13131150484099,-0.36011709023595,0.292475246635487,-1.23127373813198,0.218220500641641,0.369749535086809,"FAM221A"
1.48228845418647,0.949502429430238,0.49133659781914,1.93248871271696,0.053299213881322,0.133278715807312,"OSBPL3"
257.944527739001,-0.0915862695518311,0.140525295341945,-0.651742231382408,0.51456747400021,0.66621396848382,"CYCS"
4.52645110532822,0.115081496841068,0.332071843557039,0.346556021156008,0.728924890545968,0.832925537808208,"C7orf31"
4.17927359307125,1.18731957533559,0.411766099289861,2.88348063957491,0.00393306822793833,0.019248815211992,"NFE2L3"
259.447547797081,0.00159672661736513,0.102656644799754,0.0155540503050705,0.987590163787788,0.992540881172736,"HNRNPA2B1"
86.1749496059401,0.957220096628148,0.18757801894491,5.10305046408064,3.34221832281601e-07,1.5577893126945e-05,"CBX3"
2.49252524504942,0.559328266629056,0.378618489951717,1.4772872468547,0.139598655096356,0.269710264071593,"SNX10"
22.3353113389482,0.635012137690045,0.241515478609736,2.62928132534379,0.00855655427813332,0.0342010229887846,"SKAP2"
6.82533991457699,-0.0453068773803312,0.332235312024555,-0.136369843121861,0.891528912639179,0.937144247575272,"HOTAIRM1"
0.783981107420564,-1.03180664952485,0.600810166254382,-1.71735883891149,0.0859136274661074,0.18967716899409,"HOXA2"
6.91095631675921,0.584812558754745,0.314918326914404,1.85702929545189,0.0633069862790005,0.151467434495295,"HOXA3"
2.39594774517022,-0.657549007803763,0.334948131629335,-1.96313681346767,0.0496302789756497,0.126641172386174,"HOXA-AS2"
7.44609280709548,-0.13608315856558,0.346511558372797,-0.392723288090651,0.694523868422976,0.809023834717743,"HOXA5"
1.94647212156876,1.38556891554924,0.418430838893632,3.31134511790003,0.000928486217367739,0.00643892740779926,"HOXA6"
9.51032402966293,-0.0046883562730515,0.219345119399852,-0.0213743359591463,0.982947045825803,0.989415600859044,"HOXA7"
9.76238241610446,-0.448805044589447,0.217781916606155,-2.0608003253139,0.0393220934429443,0.106096381314379,"HOXA9"
5.81826917057631,0.423131324713643,0.26750129396813,1.58179169317983,0.11369713198276,0.231921647883691,"HOXA10-AS"
15.9079467398663,-0.0221359552375784,0.169536566248508,-0.13056743879743,0.896117502242126,0.939690451013266,"HOXA10"
1.59233393551419,0.378737561379402,0.585135759506526,0.647264425778404,0.517460821057562,0.669074351322195,"HOXA11"
7.77657977497324,-0.337061180487773,0.475131838554158,-0.709405586275719,0.478072822129067,0.635246647292508,"HOXA11-AS"
3.45522790636214,1.80395623634012,0.473574076692447,3.80923772039925,0.000139395887361485,0.00150931140253812,"HOXA13"
4.30837769721713,0.7858927799731,0.542807973443468,1.44782836366155,0.147665058168291,0.28099571258238,"HOTTIP"
16.9288183114332,-0.718399239901783,0.221424607895099,-3.24444173902355,0.0011768108859668,0.00771283417115233,"HIBADH"
30.8089992307613,0.706625787532737,0.166638823338242,4.24046313684318,2.23059066928516e-05,0.000373830473278347,"TAX1BP1"
2.65953106376245,0.24834146882969,0.446755018222897,0.55587840919514,0.578293978965873,0.721372916559773,"CHN2"
17.2285894466394,-0.0567286100221564,0.17895139657236,-0.317005684832518,0.751239288687981,0.849521398301149,"PRR15"
2.50935227227224,1.51974705076515,0.452141038239182,3.36122342860903,0.000775980268159753,0.00559571428433925,"FKBP14"
2.90829606373997,0.754197155376812,0.392457393155077,1.92173002351569,0.0546397373727044,0.135942164459924,"MTURN"
10.5665731940505,1.6107073914002,0.372713235605457,4.32157282738744,1.54920899877798e-05,0.000283389859779603,"ZNRF2"
1.80398236633419,0.0125199213580596,0.446413164472081,0.0280455917398078,0.977625788482799,0.986083374935737,"NOD1"
103.680437864309,-0.0224256220417782,0.129445296134203,-0.173244008948215,0.862459632462418,0.92067734675241,"GGCT"
14.1887758743741,0.24796697251328,0.225686844008592,1.09872143235713,0.271889591157199,0.432076265406336,"GARS"
19.2102077220144,-0.182225286526332,0.241905901096063,-0.753289959859097,0.45127569078109,0.611864338816807,"AQP1"
102.399559387097,-0.0598628856158109,0.222884097007624,-0.268583027768747,0.788250574413549,0.872353127293503,"LSM5"
8.92352563724157,0.783936905470089,0.274311700809668,2.85783254289261,0.00426545428196587,0.0205240733283781,"AVL9"
5.18796997232085,0.64751433187064,0.362100866340847,1.78821536223869,0.0737412687381703,0.169686752764505,"KBTBD2"
8.07176789024816,0.361592733923462,0.252366762872634,1.43280648294384,0.15191314813764,0.286718246224326,"FKBP9"
17.4522907826494,0.613675192146859,0.228752772820125,2.68270056175192,0.00730303469841354,0.0304215987983785,"NT5C3A"
10.5021223138578,-0.152147316018073,0.190437006481841,-0.798937763352108,0.424326500590931,0.587404180550351,"RP9"
3.19974396578541,0.431764424426942,0.401781311200496,1.07462545516828,0.282542450516155,0.443984740673389,"DPY19L1"
3.9611133659896,0.0862919422945049,0.286771857388397,0.300907986858812,0.763484659789006,0.857528535040708,"HERPUD2"
3.24957349184289,0.938414180423062,0.411861718336043,2.27846905561978,0.0226986461355658,0.0706117904920206,"RP11-379H18.1"
42.0010372677866,0.766521564246069,0.169389334850182,4.52520558584179,6.03368235828384e-06,0.000137370629792374,"SEPT7"
4.93252028545672,-0.212498525344365,0.277758423457464,-0.765047996382034,0.444242964731832,0.605557750343629,"EEPD1"
5.38496793574035,0.896109896928263,0.393682986047932,2.27622205857573,0.0228327223082761,0.0708871824665176,"ANLN"
2.27523086036756,-0.0526461719357589,0.416620015412401,-0.126364960847226,0.899443036967511,0.941489289779968,"EPDR1"
7.63174908897927,-0.274834302643399,0.24919155099276,-1.10290377642613,0.270068954087502,0.429988101655222,"STARD3NL"
7.86886422538559,0.765842191166263,0.293275217360886,2.61134301785843,0.00901873830766917,0.0355125083470947,"VPS41"
7.37665446266357,0.147435268657022,0.22029911134614,0.669250401220943,0.503335760101196,0.657235343837801,"YAE1D1"
28.8688689558729,0.249583185820947,0.173255140457681,1.44055284686869,0.149711049921977,0.283795078050737,"RALA"
8.88311838914955,0.881021356313676,0.274048679681716,3.21483525239716,0.00130519406647325,0.00835742650405815,"CDK13"
40.4605797382399,-0.638193473212026,0.169984034700044,-3.75443184613302,0.000173735107946177,0.00178501728693991,"MPLKIP"
2.65167795956124,-1.15016039271838,0.427747197093948,-2.68887885305245,0.00716924323064846,0.0299617405725204,"SUGCT"
65.5279553653953,-0.799595096642406,0.181771992353869,-4.39889053471877,1.08805687248246e-05,0.000216020066456298,"PSMA2-ENSG00000106588"
52.5304615462138,-0.95973139627197,0.148779383217672,-6.45070153885391,1.11333566914887e-10,3.26779063971802e-08,"MRPL32"
3.23227102399185,0.451867594493195,0.351444505109926,1.28574380285689,0.198532488675891,0.346642450706772,"STK17A"
16.1888534553299,-0.00518113787841575,0.179833207447615,-0.028810796136887,0.977015490383157,0.985729117945103,"COA1"
2.32274049236904,2.34945525334579,0.64231564628082,3.65778923018576,0.000254400109545648,0.0023817113704015,"MRPS24"
7.39532860458682,-0.0102752535313921,0.274386847289183,-0.0374480542085269,0.970127757801517,0.982257514786659,"URGCP"
5.32807031462847,-0.217831417950383,0.269248241417751,-0.809035620078229,0.418494657784078,0.582374677541657,"UBE2D4"
5.25613270683582,-0.627258191156213,0.369055565436701,-1.69963075997508,0.0892004006856362,0.194834342607806,"AC004951.6"
18.0182607229078,-0.1638635288614,0.18245901202475,-0.898084052100277,0.369140740610446,0.535380557895844,"DBNL"
3.75516313339284,-0.0992441187249971,0.339760784637701,-0.292099980964032,0.770210181238508,0.861845505623018,"POLM"
63.4772695262505,-0.336538011893026,0.14203253343912,-2.36944313914725,0.0178148941611989,0.0589487357070748,"POLD2"
8.0513692427377,0.336867108937894,0.238426175482323,1.4128780460301,0.157691585230858,0.294502255478439,"YKT6"
9.17286159803296,0.281286321790812,0.210865549131323,1.3339605400199,0.182216789036417,0.326062667479895,"NUDCD3"
16.4296932994036,0.0863298470087652,0.187165196405025,0.461249466604611,0.644619635550146,0.770868417021738,"DDX56"
32.2321388073476,0.358639462932239,0.157619290912632,2.27535259710711,0.0228847865730524,0.0709676705263703,"TMED4"
12.9644401280077,0.302662924474393,0.1985738722683,1.5241830207423,0.127462998285268,0.252735397705591,"OGDH"
8.96443640712859,-0.0803297647607586,0.235393826626193,-0.341256888135485,0.732910200211754,0.835633047170566,"ZMIZ2"
696.036603477289,0.0233699364232068,0.10886007497882,0.214678672853696,0.830017851503528,0.900764150714309,"PPIA"
125.82174195408,-0.225381073935316,0.0911179261775856,-2.4735096966107,0.0133793173301092,0.0478430642755963,"H2AFV"
12.7001448941618,0.741433687798503,0.282855608597918,2.6212444274084,0.00876094232516146,0.0348318170635614,"PURB"
18.6110256920538,-0.0619522607427253,0.269760861149009,-0.229656223956463,0.818358913911653,0.892844866895775,"SNHG15"
8.68569346654247,-0.0350677423087724,0.211561695055439,-0.165756576584353,0.868348520161285,0.923700673596626,"CCM2"
23.8829585665584,-0.0956274970690307,0.168443708428882,-0.567711895926378,0.570230612633527,0.713570705340704,"TBRG4"
6.40769509093412,0.189532803247337,0.277042699083714,0.684128489486258,0.493894033282363,0.647935151672419,"TNS3"
5.80159627528824,0.732546823910414,0.247781200381508,2.95642616462634,0.0031122673755047,0.0160872078524422,"HUS1"
6.68720282039269,0.245572435453363,0.341077502127342,0.719990131045578,0.471531071920207,0.629635736020343,"UPP1"
5.75315590210658,0.938048849342,0.292189779286545,3.21040952093699,0.00132545988803717,0.00845739975563084,"FIGNL1"
32.0558426142643,-0.331491938972178,0.177419854818204,-1.86840384528466,0.0617058015046096,0.148619428773577,"DDC"
2.91537898335975,0.562018108927526,0.372701998647186,1.50795571520279,0.131565861519946,0.258560487894791,"COBL"
124.458450397387,0.255710743587941,0.259989563327898,0.983542340372482,0.325340587416816,0.491513948196164,"SEC61G"
13.9802038311841,1.17185879693758,0.233742867886082,5.01345263509259,5.3461932188797e-07,2.19922948322097e-05,"EGFR"
4.78815736497448,0.30717224612619,0.275846660130797,1.11356159244611,0.265467311116069,0.42515484422954,"LANCL2"
17.5553996579271,0.377077003939476,0.227894594872823,1.65461144065266,0.0980033413064839,0.208935274163411,"VOPP1"
35.2482969673793,0.123105261231558,0.141521001589272,0.869872738668424,0.384369954957608,0.550040546954754,"GBAS"
10.1628562962589,-0.300274246344926,0.187698737386331,-1.59976700177203,0.1096502817504,0.225787269588423,"MRPS17-ENSG00000239789"
5.0682896213099,-0.856913101176287,0.336121442406872,-2.54941516090188,0.0107903761531166,0.0408020491026622,"PSPH"
62.766798581323,0.230992252138616,0.1111699628885,2.07782971350177,0.0377250460446535,0.103119557021127,"CCT6A"
23.1172470290379,0.766548013765192,0.206394129478878,3.71400105080818,0.000204007945357962,0.0020159474855209,"SUMF2"
468.148749436992,-0.437768160874386,0.115676817348247,-3.78440703080963,0.000154075488352916,0.00162748429817229,"CHCHD2"
2.60122999558356,0.161891573775795,0.395779868037905,0.40904448874163,0.682507012769177,0.799571322402725,"NUPR1L"
2.46525109745126,1.3067994505349,0.466468976509688,2.80147130107754,0.00508701655594533,0.0234088982193077,"ZNF736"
2.60016999194603,0.258264216791452,0.388513948425378,0.664748892126475,0.506211116436313,0.659483292286271,"ZNF680"
1.63581058887304,1.42775162471624,0.472281630858335,3.02309370390166,0.00250204756121128,0.0137302862631402,"ZNF107"
3.83041157893218,0.694536832624073,0.300336329478727,2.31253020182252,0.0207484829401692,0.0661369312386959,"ZNF138"
2.48071102333435,0.460109685716033,0.352216678440235,1.30632566224176,0.191441833777969,0.337948360667871,"ZNF273"
1.7677943486239,0.32701633361085,0.476896088676457,0.685718212783896,0.492890819561967,0.6468533639007,"ERV3-1"
3.12097413016914,1.41297616426011,0.370539231619384,3.81329706461829,0.000137125126213912,0.00149365985023379,"ZNF92"
12.0684911401771,0.307900774208976,0.193303658370843,1.59283469751144,0.111197279023906,0.228193962622754,"VKORC1L1"
23.717140085551,-0.336291955405329,0.161374322240506,-2.08392481986157,0.0371670062956452,0.102043174457325,"GUSB"
57.3136606705106,-0.234906017367795,0.134823477731417,-1.742322786212,0.0814519784287685,0.181785549884181,"ASL"
7.72432489318649,1.09138426286159,0.277547565315052,3.93224225052281,8.4157193423625e-05,0.00103038006829827,"CRCP"
1.19253964777959,-0.00312044485877492,0.488645502622998,-0.00638590725183123,0.994904817827163,0.996924369957833,"GS1-124K5.11"
9.18111947245211,-0.780307403283304,0.266005988522234,-2.93342043770599,0.00335249566392094,0.0170769713462389,"RP11-792A8.4"
23.4321980768685,-0.245303294798593,0.237439539617145,-1.03311897923205,0.301548222520247,0.464512581073741,"TMEM248"
31.9139299842658,0.0648414310850809,0.169840681963247,0.381777971776589,0.702626059350257,0.814965182585047,"SBDS"
4.52369745397159,0.533596941306658,0.287255718060601,1.8575676923308,0.0632304300254932,0.151351657499858,"TYW1"
7.74519441990453,0.559106214089123,0.27006064375918,2.07029875329666,0.0384243762710799,0.104270046552706,"AUTS2"
8.20801676981596,0.374004433512789,0.239384694486285,1.56235733581629,0.118203831904523,0.23913815470997,"POM121"
17.4968301187793,-0.609847939746284,0.202486605942501,-3.01179397475534,0.00259708796837523,0.0140328279982181,"NSUN5"
22.5776939932966,1.09341161111803,0.206623115044973,5.29181650794511,1.21107371773976e-07,7.30681143036319e-06,"BAZ1B"
14.0359841812299,-0.28317770992156,0.220657196823212,-1.28333774741296,0.199373773472393,0.347411997040681,"BCL7B"
7.77464156759306,0.184809267381304,0.228753981449246,0.807895303987566,0.419150854884913,0.582791534609432,"TBL2"
3.95251315283474,-0.317701820573258,0.435325069994276,-0.72980363978908,0.465510219329277,0.623974448520853,"MLXIPL"
9.75396682379062,-0.144204672105704,0.223394637523612,-0.645515370038647,0.518593261160929,0.669749413272409,"DNAJC30"
53.6653681929967,-0.549584953907295,0.171994012844564,-3.19537258778869,0.00139650428435934,0.00878172352527066,"WBSCR22"
3.95932441438221,-0.510979838351157,0.398391263129908,-1.28260804299952,0.199629430925798,0.347599105315724,"LINC00035"
51.7058225348793,-0.29196037512776,0.15810470651092,-1.84662671700791,0.0648012593089455,0.153890591754898,"ABHD11"
355.768972997124,-0.154607300088586,0.215007349998189,-0.719079138875427,0.472092159994101,0.630177252408205,"CLDN3"
234.408427707528,-0.532743803836603,0.258991924606011,-2.0569900186928,0.0396871859936354,0.106763150827565,"CLDN4"
3.54723542960668,-1.23781119189004,0.518511826878858,-2.38723810668108,0.0169754927781432,0.056987280238218,"WBSCR27"
1.34498029319286,-0.887949858668116,0.470393013023753,-1.88767654723494,0.0590693867292923,0.1438003900202,"LIMK1"
36.2664018984107,0.0501928740757973,0.149479869762451,0.335783501521391,0.737034132433387,0.838857463299269,"EIF4H"
30.093208030124,-0.371242676934121,0.186444473678686,-1.99117018385813,0.0464621806166022,0.120281115970512,"RFC2"
5.61042318026162,0.180819238319948,0.36147559734908,0.500225297768383,0.616916447323347,0.749240954812296,"CLIP2"
2.93930806589271,-0.466134609890171,0.357257680936172,-1.30475741954293,0.191975462507122,0.338835287311449,"GTF2IRD1"
35.1337540087966,0.608585572503571,0.180760826383898,3.36680012300377,0.000760457841193323,0.00551674826677321,"GTF2I"
3.51655962359095,-1.27953842068774,0.345108006902417,-3.7076462878172,0.000209194573852431,0.00205706703809307,"GTF2IRD2"
9.06744975141287,0.144419350298789,0.214926726984586,0.671946911047256,0.501617494377938,0.655431322157164,"WBSCR16"
4.00901201527125,-1.0661903230302,0.350504710942977,-3.04187159185901,0.00235112168402423,0.0131302682059098,"GTF2IRD2B"
1.97121781682549,1.25879807872345,0.429189494022086,2.93296573251785,0.00335740946182346,0.0170779703772379,"TRIM73"
6.07974063178467,0.515268293945421,0.286689342004094,1.79730537013846,0.0722871541547095,0.167065012581431,"POM121C"
2.07221298110017,0.617007694826923,0.409893822897112,1.50528663853956,0.132250398871972,0.259483167434439,"HIP1"
9.29319744690663,-0.195067527625653,0.209738246529113,-0.93005224776005,0.352344033290374,0.518911879784846,"RHBDD2"
12.2107030829741,-0.111050416632602,0.217662199773409,-0.510196151413555,0.609914048174989,0.745069354688457,"POR"
11.3497457721651,-0.0988033324865144,0.209819491006861,-0.470896826659843,0.637714414279886,0.765341865297774,"STYXL1"
154.345935500688,-0.372300560393794,0.120482267856016,-3.09008592732266,0.00200098596449159,0.0115711967914689,"MDH2"
94.6719407410268,-0.370671665939803,0.26804901135426,-1.38285033795523,0.166710760487524,0.305477063033328,"HSPB1"
18.884935379322,0.996243274461187,0.324371164978698,3.07130652173295,0.00213124237479134,0.0121497596799128,"YWHAG"
3.19182116639664,-0.722391116616495,0.376744654539244,-1.91745551771656,0.0551800869313654,0.136878881698179,"ZP3"
10.4097093898297,0.0444185803852464,0.22487369306346,0.197526797288429,0.843415313310867,0.909475663892889,"DTX2"
1.30272309120494,-2.49415215219788,0.560180355560179,-4.45240917044251,8.49121625385662e-06,0.000177677473057578,"UPK3B"
2.46233295121539,-1.36355755781514,0.499773006202153,-2.72835375439143,0.00636513071828141,0.0275290002391621,"POMZP3"
2.3921491084875,0.685386537596573,0.454483937427263,1.50805447927687,0.131540584318086,0.258557601030663,"GSAP"
7.54199127979678,0.952802980841917,0.361824964386953,2.6333257088998,0.00845532196492344,0.0338961965814206,"PTPN12"
6.10500355409223,-0.745831550597387,0.307327923978871,-2.42682650161221,0.0152315379816386,0.0525626000891627,"RSBN1L-AS1"
29.3474332203037,0.0539492459279962,0.130758905919104,0.412585632686255,0.679910229359148,0.797733912147834,"RSBN1L"
12.9244889355816,0.0628334660628055,0.210365145991383,0.298687626064155,0.765178399279609,0.858967156466118,"TMEM60"
2.80810471298483,0.876161928473078,0.399755373646,2.19174521778651,0.0283979087368114,0.0835761952431538,"PHTF2"
3.71441286890964,0.504031010365655,0.352018927757106,1.43182928707015,0.152192683427172,0.287096151123691,"GNAI1"
7.48589456933275,1.40145726324785,0.351488687512219,3.98720446216104,6.68564064544515e-05,0.000868493509683425,"SEMA3C"
3.74509354192823,2.42097266085794,0.418961173877385,5.77851316973461,7.53636457925027e-09,8.18449193306579e-07,"PCLO"
2.54509976260738,-0.113425081266521,0.526728801140663,-0.215338673375924,0.829503279810013,0.900300381644687,"KIAA1324L"
1.96342094512454,-0.58503000055757,0.449075240879331,-1.3027438328865,0.192662232017962,0.339495674138418,"AC005076.5"
5.2923245060145,0.491163451239644,0.344686815232662,1.42495572657199,0.154169999404403,0.289919687191657,"DMTF1"
16.3904993702544,-0.578644897071817,0.254048451342067,-2.27769503815118,0.0227447535738636,0.0706875579157764,"TMEM243"
28.9424481429484,-0.321131194107975,0.150808457797739,-2.12939777249542,0.0332213646036446,0.0942979664389911,"TP53TG1"
6.74416330514452,0.372816245614195,0.259921510354626,1.43434164069584,0.151474792788712,0.286282450187515,"CROT"
6.04615810525562,0.220936830708326,0.268447987662145,0.823015410293878,0.410499230117165,0.574597876248105,"SLC25A40"
11.5313194771671,0.968759475324235,0.21015180114863,4.60980810075989,4.03040823327808e-06,0.000100621226237701,"DBF4"
262.753228502252,-0.668730292533146,0.136768092834885,-4.88951976058099,1.0108227593585e-06,3.52955013722067e-05,"SRI"
17.5981583744267,-0.138195867329017,0.224358063365748,-0.615961224017743,0.537920112148432,0.687272049168468,"STEAP1"
5.87277033948046,0.815704937421427,0.339651951149276,2.40159061257071,0.0163239656456586,0.0552957788246575,"STEAP2"
4.70807191138662,1.0494640900664,0.326398928849708,3.21528043540127,0.00130317144243455,0.00834952322409392,"GTPBP10"
5.4530037008274,0.910442020669223,0.321924585093109,2.8281220597237,0.00468219505359552,0.0219269677800981,"CLDN12"
1.65405287558034,-0.183914982131018,0.505834799919898,-0.363587048894506,0.716166399306374,0.824943476502675,"FZD1"
3.78951555672053,0.10447526020199,0.343567594012071,0.30408939033499,0.761059789630529,0.855547336390749,"MTERF"
49.5191228634568,1.2325030609759,0.153184361297033,8.0458804706964,8.56275370000956e-16,3.09971683940346e-12,"AKAP9"
1.36055945636569,1.10796480901783,0.556318321201552,1.99160222986152,0.0464147185293189,0.12018689633486,"CYP51A1"
10.0434173133376,0.585394114603864,0.216008943561277,2.71004572751776,0.00672739325821793,0.0286957937094449,"KRIT1"
8.57170107020792,0.885304014226418,0.312007393203792,2.83744562952766,0.0045476091348666,0.0215100327546391,"ANKIB1"
10.8987505510059,1.13379269254976,0.22331230690376,5.07716170357949,3.83114803453796e-07,1.74816250651606e-05,"GATAD1"
5.92063515332592,1.15413296357112,0.332041110540917,3.47587370037088,0.000509192025450767,0.00404818843074329,"PEX1"
2.33821327122389,0.265490795946912,0.380292129740706,0.698123298338916,0.485100088878412,0.64077472430864,"RBM48"
44.1538770037644,0.448536945950115,0.199160967124703,2.2521327970318,0.024313881273549,0.0742544293112324,"FAM133B"
18.658402542951,0.7630795059353,0.247594401462151,3.08197399225907,0.002056328029117,0.0118094777346434,"CDK6"
1.1698464094754,0.886248861929388,0.681206354134752,1.30099911216341,0.193258758626165,0.340270771511049,"SAMD9"
1.96684757356119,1.86460273777433,0.525047909916316,3.55130018148537,0.000383332942728213,0.00328571093767039,"SAMD9L"
11.478512124848,-0.17389462258112,0.369897643764493,-0.470115518475257,0.638272487555958,0.765727921109832,"HEPACAM2"
3.1583711343685,0.79010761218285,0.331743285883349,2.38168380734215,0.0172336878018373,0.0575870306239856,"CCDC132"
12.3517999680631,-0.154853544156263,0.18837985795558,-0.822028139509363,0.411060881842513,0.574829227796989,"BET1"
6.00246151673227,1.5113420435239,0.397780306486253,3.79943908453932,0.000145023952215643,0.00155435503271568,"CASD1"
6.36534418042134,1.28182773473852,0.268827514590105,4.76821629174745,1.85864180091259e-06,5.46326684145642e-05,"PPP1R9A"
0.785857194407406,0.307813621640436,0.63180577351958,0.487196595127184,0.626119018018085,0.756169918323067,"PON3"
22.188481295385,0.326426352628338,0.188268970386875,1.73382980720382,0.0829482852270582,0.184631764206979,"PON2"
7.26743505646956,0.0607037889401483,0.419966326779855,0.144544419562402,0.885070582971532,0.933644150662538,"PDK4"
11.0284223359521,0.864042093605153,0.220547879282143,3.91770755818422,8.93950642810042e-05,0.00107870044232412,"SLC25A13"
136.241704785888,-0.206176024414009,0.110216313768955,-1.87064888457631,0.0613937641026683,0.148297359561202,"SHFM1"
30.0336176015617,-0.497090928824633,0.186975003857974,-2.65859563346886,0.00784670775414739,0.0320961379322187,"ACN9"
4.81104322280214,-0.0771440403273837,0.282706433739161,-0.272876847219404,0.784947884579739,0.870383298604856,"ASNS"
4.44859817130666,0.888234923006637,0.326053203963441,2.72420240687539,0.00644569903207542,0.0277999569056152,"LMTK2"
2.41113794587877,-0.17560621911005,0.380123365243791,-0.461971652275113,0.6441016492765,0.770537994177439,"TECPR1"
55.6381537595688,0.908839494630512,0.229740664203911,3.95593656778084,7.62353890981904e-05,0.000962693401867847,"BRI3"
11.1819343257409,0.256259914348824,0.232128301566869,1.10395808102272,0.269611322059616,0.429637411235133,"BAIAP2L1"
4.92820027739711,0.421722216875691,0.310564212134152,1.35792277538251,0.174488189651404,0.316192514536001,"TRRAP"
3.46041842820965,0.671040974353717,0.360905360993612,1.85932670134427,0.0629808444508525,0.150920558414885,"SMURF1"
59.0822284463782,-0.249699364701431,0.132562460102205,-1.88363556702941,0.0596142874258985,0.144899543743343,"ARPC1A"
47.3093270993205,0.0742917286662578,0.169946346735756,0.437148135827666,0.662003919981849,0.784626652112408,"ARPC1B"
49.6518157933809,0.213031399841152,0.147773718275866,1.44160546494108,0.149413705876001,0.283379819387595,"PDAP1"
52.5842626954455,-0.442796035190947,0.131610569779937,-3.36444129017401,0.000766988004053913,0.00554499949687586,"BUD31"
2.0096896132634,-0.224039747344505,0.378956469270448,-0.591201801557359,0.554385215795802,0.699991099121313,"PTCD1"
7.07527976177023,-0.252128414482892,0.212476984846859,-1.18661517464873,0.235379447569439,0.39062461936757,"CPSF4"
277.687677422693,-0.305330695198692,0.131633053942257,-2.31955945755562,0.0203647211912795,0.0652969802590184,"ATP5J2"
3.99027191056656,0.0829396013072134,0.288437612977222,0.287547800895728,0.773692906702881,0.863901394899577,"ZNF789"
7.20559858250985,-0.0646154289958467,0.269952625569974,-0.239358401717407,0.810827683176201,0.88874309363327,"ZNF394"
1.55816670687463,0.899308704042049,0.490764595165637,1.83246451129696,0.0668822443997268,0.157694566691496,"ZKSCAN5"
1.60902365511546,0.370117468429978,0.434703739687941,0.851424624724122,0.394533517594034,0.560082875957021,"FAM200A"
9.79584519460562,0.498470249971736,0.215935093662192,2.30842630309801,0.020975437432596,0.0667232719736356,"ZNF655"
16.3397410822861,0.599354413902635,0.329735628735215,1.81768168699758,0.0691127983187888,0.161169205441711,"CYP3A5"
5.70212867937798,0.614437013251392,0.35139241753361,1.74857789352447,0.0803640103165187,0.180198669610695,"TRIM4"
4.23351505744961,0.469716326874834,0.414110398821699,1.13427802878497,0.256677942367103,0.415260388557302,"AZGP1"
34.5378553976232,0.308315697311767,0.174372762659662,1.76814138062108,0.0770372710537061,0.17480667857151,"ZKSCAN1"
6.08595562775338,0.108490140043737,0.256248382390462,0.423378828899001,0.67201888881854,0.792069148314451,"ZNF3"
43.9097218205578,-0.570845984842598,0.162363433015093,-3.51585313418159,0.000438343390086175,0.00365903859825969,"COPS6"
95.1821521553797,-0.301896343120833,0.126691632402102,-2.38292251348261,0.0171758092170337,0.057482061046837,"MCM7"
9.42654290079564,-0.3324150227444,0.238873455948227,-1.39159464757125,0.164045180595663,0.302355116888157,"AP4M1"
9.22533207777107,0.0262599728067332,0.230804934993704,0.113775612325835,0.909415671578201,0.946999155560386,"TAF6"
212.167417386073,-0.526104402319617,0.133663421435158,-3.93603872077175,8.2837613173709e-05,0.00101651579555534,"LAMTOR4"
2.17667153815363,0.0392334921889945,0.39485252517791,0.0993623940262683,0.920850540180867,0.953528931011337,"C7orf43"
1.48237739925154,-0.0752505661403164,0.57548079647762,-0.130761211496382,0.89596420820626,0.939659227534523,"GAL3ST4"
2.76543520646601,-1.21712149422466,0.373527812248042,-3.25844944958589,0.00112022832163736,0.00743190036579789,"STAG3"
13.3709993766801,-0.204123819214308,0.225950038035554,-0.903402455644589,0.366312337181793,0.532764427721209,"PILRB"
8.9182531518674,0.251395844315004,0.240326268919394,1.04606061353752,0.29553304827015,0.458105752813849,"MEPCE"
16.029949175136,0.14266798237069,0.21436992692136,0.665522372562204,0.505716438802662,0.659098935889458,"PPP1R35"
7.77188598273492,-0.0824083796699577,0.272870673998196,-0.302005263015191,0.762648050870145,0.856943386699408,"TSC22D4"
6.47572543138431,0.075278320005306,0.236654230881333,0.318094122910709,0.750413541528765,0.848816900427288,"AGFG2"
3.54983355212288,0.389269730754539,0.302301029067081,1.28768906925606,0.197854220078965,0.3458945315611,"LRCH4"
5.67338910372004,-1.19672453564477,0.303473702302159,-3.94342088479623,8.03274989387055e-05,0.00099476076542673,"MOSPD3"
67.5624650165201,-0.454631253256477,0.156236479613387,-2.90989181516045,0.00361553882944122,0.0180196198658704,"GNB2"
5.58084972871867,0.613390197267577,0.298114919271747,2.05756289811326,0.0396321112775574,0.106641409433665,"GIGYF1"
31.2063673445847,-0.407552800568658,0.142354206882026,-2.86294876347709,0.00419718428314352,0.0202944885640867,"POP7"
7.61513242377212,-0.17285467440566,0.244735377127113,-0.706292144743262,0.480006477437889,0.636520782651166,"EPHB4"
6.27041264108463,-0.149546813685743,0.262566899087398,-0.569556993686264,0.568978204445975,0.712593443246886,"SLC12A9"
13.2010198160796,-0.166877523041187,0.205424449070966,-0.812354730879856,0.416588113987176,0.580242005630465,"TRIP6"
20.2087781204678,0.0322082931285818,0.182393630058203,0.176586721358108,0.859833024988258,0.919073489308315,"SRRT"
2.40822293349688,0.426946136194952,0.416740761726364,1.02448854397231,0.305604579106832,0.469163942479531,"MUC3A"
43.6098884003347,1.14721757426451,0.527774806367883,2.17368764181754,0.0297286013925033,0.0865092741486028,"MUC12"
1.23633517007289,0.548462329610161,0.893798871090222,0.61363059112076,0.539459463862481,0.688442840992049,"MUC17"
4.98178986038623,0.473882164283878,0.278191483589199,1.70343879032491,0.0884859836589353,0.193587513647945,"TRIM56"
53.0108630461226,-0.613571482451328,0.182924870295517,-3.35422669131921,0.000795871321170156,0.00570882598937113,"AP1S1"
4.4149155756761,0.638707624194138,0.312809038740657,2.04184516779158,0.0411668922519588,0.109764902984599,"MOGAT3"
10.0509763957547,0.363487273251014,0.25321990424306,1.43546090635162,0.151155800810748,0.285853220016948,"PLOD3"
111.092272053542,-0.382236043302663,0.147746464518377,-2.58710788477188,0.00967852835131667,0.0375656961741598,"ZNHIT1"
31.3221531160819,-0.144988402826382,0.186694142098226,-0.776609277596399,0.43738932621089,0.599375152384892,"CLDN15"
96.4711200022962,-0.0637806350377142,0.148893066917037,-0.428365378982036,0.668385126440584,0.789414080820526,"FIS1"
0.63631816610447,1.84151489845044,0.728614196705248,2.52742110540485,0.0114903636988767,0.0427054585112256,"RP11-132A1.4"
6.57782616651654,-0.229124775056942,0.237645864154882,-0.964143751761713,0.334973860093712,0.501060963462392,"RABL5"
16.5413402878551,0.700083748049131,0.201746878459917,3.47010944304758,0.000520246334733412,0.004111990680644,"CUX1"
5.208418442641,0.464912471441347,0.270661401766295,1.71769032602136,0.0858531148281422,0.189582112044251,"PRKRIP1"
4.45808029114676,-0.555143799299309,0.27088598591042,-2.04936330476281,0.0404266026642036,0.10821255206817,"ALKBH4"
3.04729322145853,0.188250583177356,0.325592333094086,0.578178796129566,0.563143412828241,0.707410581847671,"LRWD1"
57.8427779161894,-0.503240959071124,0.146395044075855,-3.43755461291686,0.000586992335055795,0.00450193273919911,"POLR2J"
8.42333312244638,0.367888603471146,0.347696608485413,1.05807360351799,0.290021887582771,0.452404150983753,"POLR2J3"
1.89711446935353,-0.287530091287309,0.404656334051335,-0.710553788714035,0.477360787929673,0.634533434139075,"FAM185A"
20.0219485141734,-0.26730259447128,0.151300774865684,-1.76669679787546,0.0772790199369832,0.17531860382612,"ARMC10"
12.2089428119787,0.92973535774038,0.238238011456316,3.90254834674381,9.51852177716777e-05,0.00113097534463941,"NAPEPLD"
27.5334044977725,-0.325210827697021,0.156906947292802,-2.07263498084727,0.0382062629706211,0.103781894912693,"PMPCB"
17.336754816343,0.112680396931196,0.170100034557012,0.662436061372047,0.507691799105127,0.660382433618598,"DNAJC2"
20.2999595511519,-0.239137815836158,0.17622668883549,-1.35698978069886,0.174784457638704,0.316465356778313,"PSMC2"
4.55438085903087,-0.0717902192880869,0.281380857871894,-0.255135405553321,0.798618519134477,0.879783615083857,"ORC5"
3.81908113009915,1.43194052964623,0.332605280816269,4.30522487836637,1.66816191643072e-05,0.000298455328046748,"KMT2E-AS1"
33.4429166711256,0.541943687554697,0.164379725380085,3.29690103996459,0.00097757938990111,0.00670234354439776,"KMT2E"
12.165359684104,0.0991412376214665,0.20759609794309,0.477567924463806,0.632957765075297,0.761737735895138,"SRPK2"
4.00074313551252,0.918421096489456,0.321358937619265,2.85792921551654,0.00426415501874631,0.0205240733283781,"PUS7"
2.91693633597077,0.152231209015417,0.365986772308326,0.415947297918104,0.677448568271189,0.79586929699052,"RINT1"
2.13321602754294,0.509756488202684,0.398406563912464,1.2794881770941,0.200725200363234,0.34883592189866,"ATXN7L1"
1.80580255308586,-0.67981933749195,0.449438533364651,-1.51259691153446,0.130382079175597,0.256791690215267,"CDHR3"
44.6664230903141,0.159532037146869,0.18254526369481,0.873931396070535,0.382155615590194,0.547592204154921,"SYPL1"
18.6787682535257,0.562040235869333,0.269342194962974,2.08671439670489,0.0369139591056657,0.101695990839049,"NAMPT"
4.91724149495528,0.881576444784396,0.344892600554163,2.55608976060346,0.0105855808751304,0.0401815478168179,"CCDC71L"
1.64519487188552,2.16335331895404,0.65761140379017,3.28971381348539,0.00100289328769313,0.00683276104413262,"PRKAR2B"
5.93632820419427,-0.199066622564176,0.265012505611888,-0.751159354176703,0.452556758512219,0.612958752280417,"HBP1"
3.53669231076689,0.531799563062755,0.326392707829326,1.629324278105,0.103244389241446,0.216621728586187,"COG5"
2.39716769064776,0.469012840774457,0.375121315463756,1.25029642795591,0.211191282804368,0.361357701473993,"DUS4L"
24.0212274783169,0.450873498302567,0.161732333109014,2.78777588646211,0.00530712441789423,0.0241152180662474,"BCAP29"
1.73422092640546,-0.261625164423606,0.394068162380717,-0.663908403163119,0.506748937643665,0.659788210383671,"AC002467.7"
4.11733438609751,0.632400169453731,0.32524880416971,1.94435816933474,0.0518522745124555,0.130660547500792,"CBLL1"
11.9114269624111,1.38083774087518,0.775230643841439,1.78119602449256,0.0748804329008774,0.171236365825127,"SLC26A3"
36.4021096902766,-0.290913629805971,0.119356486489226,-2.43735081655768,0.0147953177319515,0.0515483039861444,"DLD"
7.25865336950096,0.195653940881629,0.273683112989051,0.714892266259248,0.474675616172528,0.631814829223392,"LAMB1"
5.44825508372884,0.923245839423671,0.311504195667126,2.96383115304891,0.00303834949847735,0.0157802369935265,"PNPLA8"
6.29287254419642,1.04013485981399,0.325457886040872,3.19591229595635,0.0013938947494384,0.00878056669309805,"THAP5"
6.57222883036933,0.608157460477172,0.316842910976635,1.9194289643489,0.05493006825543,0.136358574264651,"DNAJB9"
8.00295537378504,-0.950821884082991,0.205626705730851,-4.62401943708392,3.76374574720218e-06,9.57243063574137e-05,"IMMP2L"
4.4510930952589,0.00180998708581382,0.294094386056952,0.00615444283068808,0.995089496084399,0.997017430341966,"ZNF277"
19.4984561729875,0.194361549407071,0.326014819907455,0.596173969828254,0.551059013024928,0.697953362796543,"IFRD1"
0.973647477859458,1.08925104449914,0.717066419849544,1.5190378664332,0.128752964835558,0.254459908664997,"LSMEM1"
13.1782020950196,0.552144332831502,0.241811444276098,2.28336725122517,0.022408744635666,0.0700918683016512,"TMEM168"
0.637646445192092,-1.68024867089809,1.28896094040753,-1.30356833804976,0.192380801896654,0.33930383224044,"GPR85"
16.7758624652838,-0.258167888040052,0.243019847644129,-1.06233252363035,0.288084754463572,0.450352732614711,"LINC00998"
3.57966299065493,0.289561861929754,0.433367624695669,0.668166806722348,0.504027121057238,0.657788422694937,"FOXP2"
4.96684986056077,1.12962522876114,0.401721697094768,2.81195971472423,0.00492406700247159,0.022833205656209,"MDFIC"
19.5888771481049,0.793035139278823,0.245019096328631,3.23662584329821,0.00120951883235642,0.00788365091208117,"TES"
4.92165193071914,1.27430522156432,0.320883926479478,3.97123419532146,7.15012468019445e-05,0.000917200313591067,"MET"
35.7824613515781,0.193708129195732,0.195364607431894,0.991521093518743,0.321431197667197,0.48767013225283,"CAPZA2"
3.55416021291354,0.109312275190855,0.277698196812109,0.393636964322154,0.693849086481959,0.808497969870609,"ST7"
25.7136273187473,0.699800182263439,0.222714810083171,3.14213581935617,0.00167720215031981,0.0101303756131664,"CFTR"
0.728445639811926,1.12677797168902,0.704313496927936,1.59982447674762,0.109637527238418,0.225787269588423,"CTTNBP2"
48.1569348826511,0.183383745015476,0.142396605244369,1.28783789965195,0.197802396324372,0.345859607805938,"NAA38"
8.18498314579658,0.147744749403819,0.236762522620294,0.624020844890063,0.532613895652385,0.682864299435781,"TSPAN12"
6.73234236816696,0.464483752749805,0.241386896369183,1.92422935849597,0.054325840697745,0.135440456835976,"ING3"
11.4795849568599,0.397403703414446,0.276281916009869,1.43839925954564,0.150320802615,0.284652818901291,"FAM3C"
4.05381371950331,0.621897928068547,0.313178304121014,1.98576312562265,0.0470596319840186,0.121510832519898,"CADPS2"
61.3623881479698,0.291732771800084,0.133941300334519,2.1780643540975,0.0294012459537468,0.0857635055218078,"NDUFA5"
23.6709576030035,0.863525060211555,0.213764204934764,4.0396148666475,5.3539042724842e-05,0.000732284639788141,"WASL"
4.71949187212579,-0.0775636462145188,0.295059165870104,-0.262874891501134,0.79264700955771,0.875434406976175,"RP11-390E23.6"
2.44989130601555,1.3556312080469,0.420997347148804,3.22004691295061,0.0012816962035136,0.00825060915326697,"POT1"
1.09410745587774,0.146240757529094,0.64879505967688,0.225403623760524,0.821665292824046,0.89532648434893,"GRM8"
7.69002420843747,1.41041728497565,0.255102179682715,5.5288327474499,3.22368499551507e-08,2.50065850366384e-06,"ZNF800"
1.20181029311995,-0.051144019310972,0.529319419411703,-0.0966222236240919,0.923026407168789,0.955127849628685,"GCC1"
49.5142106039196,-1.23346342766684,0.339025045936672,-3.63826638311921,0.000274479448300128,0.00251760710180692,"ARF5"
28.2506080877652,0.0590591677893538,0.190995657743938,0.309217332409371,0.757156210194519,0.853138171608058,"SND1"
8.27623749979262,1.0473494922622,0.239580676431973,4.37159418639334,1.23342620833984e-05,0.000236660929727397,"RBM28"
6.29133469677598,0.318895341066342,0.238970055786984,1.33445732360126,0.182054024206171,0.325945651532329,"IMPDH1"
12.0827813776354,-0.226470246130409,0.209923986431716,-1.07882024336497,0.280667868769129,0.441955126522305,"HILPDA"
8.27659624838487,0.563693133619577,0.223432791925261,2.52287557597245,0.0116399578086035,0.0430845064081235,"METTL2B"
2.73835346228453,-0.132176155307414,0.389109316437907,-0.33968900183994,0.734090745035984,0.836627714460152,"RP11-212P7.2"
11.9614990393243,1.14132635895162,0.213392879515494,5.34847442680839,8.86987059200088e-08,5.80281895356202e-06,"CALU"
49.9860090491264,-0.392151963138506,0.154243647605386,-2.54241888872973,0.0110088149387278,0.0414117527657028,"ATP6V1F"
4.81106575287702,0.479833965993384,0.278058637402597,1.72565747453707,0.0844090528159278,0.187088582259054,"TNPO3"
9.95687437036167,0.496900535120173,0.30820622768074,1.61223392161594,0.106911046278043,0.221824974903133,"AHCYL2"
2.05396390814409,0.00458879833989254,0.423034575362312,0.0108473363813405,0.991345247502312,0.994731099546573,"RP11-448A19.1"
2.33139210198274,-0.191823154827835,0.461827227287491,-0.415356963586781,0.677880606608512,0.796126677600134,"NRF1"
8.2969364373325,0.837933782739197,0.298251364047078,2.80948851790308,0.00496202891022201,0.0229896049338784,"UBE2H"
2.61456216737343,-0.364454518714361,0.310248703154269,-1.17471729940846,0.240107835954157,0.396046643144312,"ZC3HC1"
8.29400944965388,0.406540952872943,0.236433287318618,1.71947426474296,0.0855280497778442,0.188998081487644,"KLHDC10"
4.22056435760277,0.885637221483285,0.306299226683563,2.8914118754803,0.00383515133497899,0.0188545692611462,"TMEM209"
3.94472967776131,0.246678452806453,0.293610454178792,0.840155550647527,0.400821176896278,0.565934979306009,"CEP41"
17.0085716418874,-0.475049842298755,0.235290262278844,-2.01899491163715,0.0434877483774298,0.114703564780178,"MEST"
3.56913514588458,-0.0219332703318364,0.369179380743908,-0.0594108757852081,0.952624850738191,0.971963746868155,"COPG2"
1.91760115092707,1.81360862953809,0.533166496926816,3.40158025680865,0.000669974530975213,0.00500063464356757,"MIR29A"
1.45668983234008,0.100222076941998,0.460604541514137,0.217588121499063,0.827750040427179,0.89927739795028,"RP11-138A9.1"
1.34362604430043,2.45784211522429,0.668409089113238,3.67715244340116,0.000235852103584216,0.00224965142341348,"RP11-138A9.2"
9.63858685928472,0.577928609140903,0.3054573526656,1.89201079658931,0.0584895423111679,0.143062258896235,"MKLN1"
0.989593617088204,0.842809890539464,0.587951743455598,1.43346779718005,0.151724195430402,0.286461080227257,"PODXL"
40.0083436717225,-0.427438366846137,0.153220706522847,-2.78969061392758,0.00527584301738363,0.0240233355005393,"CHCHD3"
8.28392946376085,0.226530843103516,0.2461538414574,0.920281567666374,0.357425638738525,0.523975583009616,"EXOC4"
2.18523455765368,0.740463419017711,0.417666687680469,1.77285725881063,0.0762523625642771,0.173533247579222,"SLC35B4"
8.67483294536971,-0.933281967865106,0.328960182295677,-2.83706666670755,0.00455301041271845,0.0215262050858173,"AKR1B1"
23.7527359604496,-0.843263645329481,0.290468262081066,-2.90311801808535,0.00369467377347769,0.0183609488438374,"AKR1B10"
2.71983965467597,-0.0801260202778758,0.331613365638638,-0.241624821495252,0.809070887108285,0.887436605796987,"BPGM"
5.66231669805205,-0.312567886660138,0.243847773869419,-1.28181562497068,0.199907331704088,0.347971409249302,"C7orf49"
9.00050924007979,0.626547692067001,0.236295212835818,2.65154627784329,0.00801241319743472,0.0325410648183026,"CNOT4"
6.90242122071327,0.552589172747034,0.32267467675256,1.71252723736601,0.0867995495434613,0.190945489501294,"NUP205"
43.245234985857,0.00416665554698083,0.144297586574435,0.0288754347587891,0.976963937673181,0.985729117945103,"C7orf73"
25.7243788585715,1.13271313673429,0.27329841039536,4.14460199419264,3.40404421865276e-05,0.000514239020174858,"MTPN"
4.80964353015925,1.07213790167616,0.373716025087407,2.86885717952663,0.00411957769819727,0.0200172768690928,"CREB3L2"
9.09323504522833,1.61647230375878,0.336002598973303,4.81089226303042,1.50257999088945e-06,4.58725425571774e-05,"TRIM24"
1.65293219974053,0.092458340257406,0.42881483443737,0.215613670125747,0.829288899211557,0.900157665710895,"KIAA1549"
13.3434634080171,0.683423126022311,0.265496200795155,2.57413523800142,0.0100490985273562,0.0386860014204496,"ZC3HAV1"
6.38449579019765,1.63766093187054,0.333158466626911,4.91556149976066,8.85283530782723e-07,3.18350302791403e-05,"UBN2"
30.3138501957704,-0.654776543152107,0.154447330730054,-4.23948112315738,2.2403703117818e-05,0.000374324115525158,"C7orf55"
17.8141401625385,-0.0951578404838809,0.179714466552618,-0.529494605021237,0.596462385960409,0.735336759170172,"C7orf55-LUC7L2"
10.1977071362552,0.597672581223254,0.319879548425898,1.86843011428631,0.0617021428069915,0.148619428773577,"HIPK2"
5.84364775953278,0.365386710042096,0.375137721122076,0.974006849935502,0.330053138097994,0.495833044645762,"PARP12"
7.13182710618587,0.384952036356835,0.324945482577698,1.18466652714517,0.23614932199733,0.391598967306613,"KDM7A"
5.67567517628958,0.31899578721288,0.270774902822362,1.17808476298172,0.238762815866838,0.394547197248001,"JHDM1D-AS1"
6.56060118796637,0.463578930473307,0.279124912416469,1.66082964956429,0.096747664557194,0.206948914140462,"SLC37A3"
31.8430031595014,0.0813717909217285,0.196346426358781,0.414429701781477,0.678559440409109,0.796579345242993,"MKRN1"
14.9120177791097,-0.347018610544219,0.18358942548074,-1.89018844432641,0.0587327616133112,0.143215204309458,"DENND2A"
9.20650962764031,-0.0730767380030683,0.182925549709011,-0.399488962145066,0.689532955201587,0.805836628345572,"ADCK2"
331.261702391231,-0.13189395414921,0.127413609035932,-1.0351637878181,0.300592427073769,0.46375253175915,"NDUFB2"
4.15161775907356,0.499320634172727,0.348921071911301,1.4310417867215,0.152418239466557,0.287371888994237,"BRAF"
79.3756311985817,-0.0127722060679231,0.113370171475976,-0.11265931683476,0.910300656302164,0.947194129294002,"MRPS33"
3.64119684206397,0.515925395402315,0.402390957885457,1.28214957441757,0.199790181303748,0.347823239653528,"AGK"
6.49090154927967,0.762520729501902,0.340878275482823,2.23692967356708,0.0252909367940336,0.0764855398449471,"KIAA1147"
102.594765774957,0.159315725780721,0.109721931357224,1.45199527396244,0.146502919334303,0.279371677606767,"SSBP1"
1.60006478347908,-1.36807406944531,0.588270470070723,-2.32558685000938,0.0200406017677109,0.06456272180283,"MTRNR2L6"
143.295108945171,-0.527334857050114,0.15159013647671,-3.47868845102024,0.00050387401410369,0.00402062585831453,"GSTK1"
2.93784055575947,-0.0507673099371902,0.352126201594012,-0.144173622148468,0.885363369782825,0.933680927931781,"TMEM139"
8.71644356525672,0.947041598726326,0.350222210465696,2.7041163307919,0.00684863080562069,0.0290645293274876,"CASP2"
9.3645867796461,0.0918423409797795,0.338331476362118,0.271456684927181,0.786039809751173,0.871312294793843,"ZYX"
2.51054410504292,-0.418212190564088,0.395612485076354,-1.05712586518439,0.290454148118097,0.452818267091951,"EPHA1"
12.7788348959232,0.709304792981652,0.195432888604971,3.62940341333936,0.000284076997137186,0.00258815116519282,"FAM115A"
12.4976163727996,0.544529739906239,0.254366922034475,2.14072543533171,0.0322961860978935,0.0922020454845226,"ARHGEF35"
7.35638014898506,0.881327587755646,0.320838504860084,2.74695080049693,0.00601521571568616,0.0264796281606614,"ARHGEF5"
2.42927755362835,0.78455524324491,0.396861023379218,1.97690172888365,0.0480527393714939,0.123515443686254,"TPK1"
5.34099924152948,0.702861635705267,0.295602916312237,2.37772226496864,0.0174199410213444,0.057924237443907,"CNTNAP2"
1.47408883186547,0.173526111690614,0.493896600405215,0.351340972074408,0.725332560426329,0.831269692510546,"RP5-1136G13.2"
9.09537345505746,0.201233540708397,0.193934524608013,1.03763649672557,0.299439319758082,0.462444683244137,"CUL1"
17.717946931998,0.937209958456319,0.167943949949893,5.58049253179969,2.39838450876676e-08,1.95838013272233e-06,"EZH2"
53.241736581737,0.135337936042671,0.164112505310175,0.824665590150369,0.409561472425779,0.574057060655685,"PDIA4"
2.4170747646257,0.260566822791593,0.392644757839472,0.663619767204743,0.50693370241311,0.65991795749359,"ZNF398"
4.63518366460645,0.0559374613320815,0.300702865924486,0.186022375144668,0.852427214744387,0.914849249147548,"ZNF282"
2.34166155297367,-0.49584654229696,0.398297233308732,-1.24491585888726,0.213162680768486,0.363699405050393,"ZNF212"
2.33321995303401,-0.133122444553158,0.427552451244323,-0.311359329517879,0.755527468626395,0.851939394588583,"ZNF783"
1.57788577280851,0.622721308291617,0.507090837397158,1.22802713511445,0.219436781831449,0.371079392619495,"ZNF777"
2.594656233138,0.227482729721432,0.37222138168144,0.611149012165346,0.541100935017652,0.689747827220391,"ZNF746"
2.26475552925038,0.0995711211351466,0.431616826418098,0.230693325747903,0.817553058969033,0.892324243256653,"ATP6V0E2"
2.84099659910265,0.436755129797695,0.318255852074261,1.37233966618714,0.169957722795675,0.30994305460522,"ACTR3C"
4.09945190940579,-0.302591512152646,0.320121147685939,-0.945240620121446,0.344536045953074,0.511230139220614,"LRRC61"
160.087646414325,-0.705167340569555,0.398764144724411,-1.76838201202092,0.0769970616761655,0.174751951891987,"RARRES2"
41.0746412241033,-0.170481852420182,0.120356035705956,-1.41647945963166,0.156635173889622,0.29308373336342,"REPIN1"
9.76614027439319,-0.624701554726007,0.299320330780767,-2.0870668995203,0.0368820876441719,0.101633968996627,"ZNF775"
1.31816075488687,0.300430486242083,0.589201861319745,0.509893987044021,0.610125734757735,0.745160310331646,"GIMAP2"
84.8572596523239,-0.176649140345032,0.193218536201054,-0.914245309058852,0.360587961102639,0.526927530661821,"TMEM176B"
62.8980468484616,-0.206682669106659,0.1513799699884,-1.36532375533234,0.172151315846925,0.313102127057288,"TMEM176A"
34.8869970441137,0.410620530765952,0.17387789519222,2.36154532646036,0.0181989470342605,0.0599819620006279,"AOC1"
6.75969275422099,0.0843392667971229,0.254675416995178,0.331163752639383,0.740520798075379,0.841571354865908,"ABCB8"
5.36669636734673,-0.5647866452403,0.251011721022762,-2.25004092613302,0.0244463474672753,0.0745249844091781,"CDK5"
8.25567617473896,0.0882363230673058,0.251332244701149,0.351074424104336,0.725532514847982,0.831323392197624,"SLC4A2"
24.2096944527928,-0.24625084371522,0.175377704387801,-1.40411715716555,0.160283965341306,0.297858292882714,"FASTK"
27.5424109022504,-0.310110228284357,0.144523481406518,-2.14574285968156,0.0318934996901659,0.0912924108158148,"TMUB1"
3.77341685170133,0.223815159025879,0.302734227592462,0.739312369155617,0.459717340128965,0.619420634466571,"AGAP3"
6.1811445220574,0.0595036872682865,0.259813123896598,0.229024948300795,0.818849525475223,0.89311096180184,"ABCF2"
3.185168816684,0.0864886881588226,0.373382747250083,0.231635470025867,0.816821155562409,0.891973629905255,"CHPF2"
13.6379863605979,1.36939554156442,0.224454119019016,6.10100428341169,1.05404083271927e-09,1.8169656259256e-07,"NUB1"
41.241404666256,-0.314743223469471,0.13893372883809,-2.26541982354958,0.0234869289857253,0.0723802635598685,"RHEB"
9.10244234959843,0.498223633341498,0.206588161397952,2.41167562540898,0.0158794020162693,0.0541971106084396,"PRKAG2"
10.4777137006659,-0.467864567380621,0.244211238321126,-1.91581915147329,0.0553881191503461,0.137269036576279,"PRKAG2-AS1"
5.88113679190954,0.568953013644703,0.25633895602315,2.21953394236856,0.0264504206888336,0.0792418120498574,"GALNT11"
12.4688844718773,1.09828900147461,0.25899551169708,4.24057156156112,2.22951338724943e-05,0.000373830473278347,"KMT2C"
3.34301253055051,0.689308798208178,0.313985004845137,2.19535578951663,0.028138085842157,0.0830379381102785,"LINC01003"
5.1571314177816,1.08118963595608,0.282697357429283,3.82454808134011,0.00013101217748559,0.00144153216564691,"XRCC2"
1.76236956115187,-0.356456307216976,0.419421423610913,-0.849876251308639,0.395393890395529,0.561002767195891,"ACTR3B"
4.49545914890772,0.11569029189863,0.268074498525612,0.431560228723421,0.66606106947221,0.787354219491477,"PAXIP1"
6.0988083449,-0.282930310823906,0.25161723878611,-1.12444724450861,0.260823339064247,0.419822359898878,"PAXIP1-AS1"
13.9124115538267,0.52279266639688,0.363307610828392,1.43898077225754,0.15015597057538,0.284390275627595,"INSIG1"
2.41320958335304,-0.060696354321521,0.394395560465354,-0.153897154039727,0.877690828119444,0.929505346406789,"AC009403.2"
9.58279631112764,0.980366706198235,0.249794047901218,3.92470002562241,8.68378791017041e-05,0.00105724144287501,"RBM33"
2.47628402271959,2.57457202703033,0.67771072485294,3.7989247220324,0.000145325220383293,0.00155490826932272,"AC021218.2"
2.99328329342141,-0.286716148500368,0.323967271876372,-0.885015782118202,0.376148119448397,0.542204483303635,"C7orf13"
1.51514277365524,0.167863543330305,0.476205844694487,0.352502064391921,0.724461770540322,0.830749851981109,"RNF32"
4.31963545361182,0.472788784221913,0.302774682268728,1.5615202059804,0.118401060118803,0.239375452649589,"LMBR1"
7.29311992673512,1.04751391700572,0.239412196446625,4.37535736505075,1.21233695445908e-05,0.000233439349741588,"NOM1"
5.30893105271149,1.0780735185185,0.350635470888746,3.07462766327074,0.00210765496723839,0.0120342444501624,"MNX1"
2.81973093942314,-0.943632587514417,0.371082239229379,-2.542920376556,0.0109930276736593,0.0413836458350093,"MNX1-AS1"
12.1682947349556,0.465703352392486,0.260172043556722,1.78998229796721,0.0734567572251924,0.169156145773026,"UBE3C"
36.1346304715036,0.268850018094906,0.198424758569396,1.35492173473342,0.175442494039886,0.317233680531662,"DNAJB6"
3.98810474595204,0.438005728340659,0.343838556205865,1.27387031045586,0.202709381929748,0.351384499242947,"PTPRN2"
9.14588145548604,0.711412608747691,0.239493936673055,2.97048275472157,0.00297332098795727,0.015521923627344,"NCAPG2"
9.30819946053091,-0.150495256519892,0.22284282664679,-0.675342611581702,0.499458117202477,0.653193057902084,"ESYT2"
4.82617960593172,0.790238428607166,0.281518910806163,2.80705273526466,0.00499970560733486,0.0231247031071791,"WDR60"
4.97894937030818,-0.0625169221240477,0.250615741063225,-0.249453293950422,0.803010165104243,0.883107887901982,"PLCXD1"
22.7970378061712,0.0356211215085098,0.145007539275288,0.245650134376015,0.805953076447647,0.884874772112125,"GTPBP6"
4.5951993527932,-0.831647255928944,0.349411117468178,-2.38013965312562,0.0173060779622595,0.0577578385587396,"LINC00685"
3.68216173449633,0.197750480579443,0.326893403279771,0.604938731082924,0.545219707251196,0.693217177134919,"PPP2R3B"
535.463295719851,-0.847453671026988,0.141354683031116,-5.99522883044801,2.03199104627419e-09,2.98208415709969e-07,"SLC25A6"
9.21931658568439,-0.433816146548951,0.247401279856395,-1.75349192534801,0.079517604334811,0.178791135212432,"ASMTL"
8.02884811638949,0.333831713734234,0.262794310705283,1.27031560477204,0.203972231835586,0.353178960097969,"AKAP17A"
7.94479105542939,-0.304492912028426,0.217742019903236,-1.39841135010938,0.161989576740167,0.299707070708531,"DHRSX"
11.2174977545621,-0.0375148462792132,0.190388801413799,-0.197043344990007,0.843793618250679,0.909629045597727,"ZBED1"
123.544432692747,-0.823223976471864,0.150678488930613,-5.46344725325032,4.66976070142951e-08,3.25087187291824e-06,"CD99"
2.6337593921793,-1.26886423993578,0.474934889003834,-2.67165935650084,0.00754772251796992,0.0312736614060104,"GYG2"
17.819777699105,0.0892057330019866,0.235912708214253,0.378130257065131,0.70533383220857,0.817044092360965,"ARSD"
17.5051440149819,-0.719363188278879,0.240904628484736,-2.98609118805062,0.00282568369562531,0.0149255471471259,"ARSE"
7.13924887815686,0.223936870942318,0.2602423361776,0.860493623871768,0.389516996770127,0.554701624039284,"PRKX"
1.92855586717622,0.00555810792959678,0.433247621663302,0.0128289404296286,0.98976426726958,0.993974472216353,"RP11-706O15.1"
6.62392887572399,-0.35809783824309,0.288183638903928,-1.24260294444567,0.214014184358298,0.364873856849153,"HDHD1"
1.57143598839343,1.48229681046857,0.491493549829988,3.01590287600174,0.00256215314615395,0.0139264180016175,"STS"
13.754772222459,-0.455220581454179,0.255073318419964,-1.78466561800354,0.0743155709843083,0.17037515323825,"PNPLA4"
2.80678556826555,0.121560627096561,0.362487769553782,0.33535097541691,0.737360344811678,0.838857463299269,"TBL1X"
1.12399325552135,1.54800996327589,0.559288548172382,2.7678198817666,0.00564326346611918,0.0252516857198411,"WWC3"
5.83214220810788,1.02673704176147,0.280759138877308,3.65700310190135,0.00025518129367117,0.0023869671397665,"MID1"
14.3657661107939,-0.229126818900246,0.173609590734679,-1.31978203468271,0.186907801426823,0.332148769247802,"HCCS"
6.35199690391388,0.680215614375476,0.285563278890643,2.38201360139153,0.0172182614776932,0.0575573910384769,"MSL3"
25.3265097142021,-0.00889931953523207,0.189670112033782,-0.0469199888153545,0.962576996866901,0.978525338011283,"PRPS2"
1618.56630259969,-0.755974872949715,0.203951875886478,-3.70663358531941,0.000210032474046318,0.00206048118170101,"TMSB4X"
8.68262157905023,0.000413328339752382,0.257982030286197,0.00160215941898685,0.998721662282543,0.998997628478255,"RAB9A"
4.22165455207663,0.272205921408562,0.328199872997849,0.82939069696211,0.406883363971736,0.571620889389277,"TRAPPC2"
14.9692278476079,0.53608411986008,0.179990131937376,2.97840839433687,0.00289749627618694,0.0152296585671479,"OFD1"
0.92960886942745,1.0759001248081,0.655061312704233,1.64244186603931,0.10049846457869,0.212683751949214,"GPM6B"
6.52197653650622,-0.71379795970244,0.322078782081144,-2.21622161848155,0.0266763280066813,0.0796768212740811,"GEMIN8"
2.55477605662715,0.838070126375854,0.407274006563142,2.05775500736731,0.0396136570641915,0.106618169942285,"FANCB"
2.79476250150539,1.28832764054597,0.423755303575242,3.04026316526612,0.00236371512151997,0.0131708292558784,"MOSPD2"
1.85745217154843,-0.196502552763514,0.430967851600818,-0.455956406106885,0.648421326754377,0.773915332295036,"ASB9"
1.97266220757968,0.837358592835687,0.47124539529021,1.77690562327938,0.0755837690359666,0.172300531429597,"PIGA"
2.70691022407738,-0.0248522219273513,0.351246049741756,-0.0707544524575385,0.943593182595877,0.96710286551446,"PIR"
1.62386370132682,1.25340535519601,0.514582694069615,2.43577051782166,0.0148601085826322,0.0516756941753223,"ACE2"
4.93856402682753,0.261766818339705,0.368342103088892,0.710662224449895,0.477293573733426,0.634533434139075,"ZRSR2"
2.66822370981948,0.7683745779497,0.376933453087705,2.03848868190247,0.041501085505973,0.110466124655605,"AP1S2"
3.55454629089615,0.517127138211523,0.319694370013876,1.61756723519741,0.105755894963076,0.220274073513427,"CTPS2"
33.1914641509366,0.375029250187596,0.131242423666444,2.85753066508999,0.00426951377829104,0.0205261391866117,"SYAP1"
8.75498594988873,0.423083571405619,0.257442672797373,1.64340886772341,0.100298366614012,0.212368933793756,"TXLNG"
46.9658266067993,-0.128303168177449,0.118678526179212,-1.08109842873936,0.279653332290174,0.440980860849613,"RBBP7"
4.05064872313842,0.809740374650474,0.327596282566472,2.47176301362996,0.0134448610797967,0.0480458016869338,"REPS2"
1.29452462909118,1.23328852831737,0.549409281105745,2.24475372137006,0.0247839472047835,0.0752035950388233,"NHS"
15.0214385027123,0.368748285888594,0.208971387922464,1.76458743732617,0.0776331283506445,0.175914216425787,"SCML1"
4.65654518248015,-0.22249804886035,0.297888315148748,-0.746917678691919,0.455113253874487,0.615278219479264,"PHKA2"
75.369059230013,-0.311760193179593,0.144760775379388,-2.15362339945012,0.031269717709275,0.0899812226610299,"PDHA1"
15.8786068774201,0.639873849617258,0.219846570819542,2.91054732958509,0.00360796317221708,0.0180092220739792,"SH3KBP1"
2.03558924265278,0.742847654776702,0.369179303581597,2.01215953215676,0.0442031228249843,0.11614950735043,"CXorf23"
0.837071638535545,1.26960095672396,0.603444575696529,2.10392305748795,0.0353851592994863,0.098787359895224,"MAP7D2"
95.8143707484561,0.318204779401599,0.166917153953013,1.90636355740389,0.0566030534206045,0.139646562563703,"EIF1AX"
24.9705485310335,1.26026673284373,0.226101804414443,5.57389064677107,2.49112139186382e-08,1.98923369967949e-06,"RPS6KA3"
1.66931833949588,0.751265634373979,0.480510515971369,1.56347386665466,0.117941177839177,0.238829235751159,"MBTPS2"
49.917541372477,-0.170455566498443,0.164426478443357,-1.03666737931849,0.299890899668857,0.462896298072307,"SMS"
74.8530965603692,-0.267850733710528,0.165211455534648,-1.6212600563546,0.104961877640885,0.219133985446387,"PRDX4"
4.63483046871452,-0.0576820373963869,0.287306178769529,-0.200768523821614,0.840879576119631,0.907929230131159,"ACOT9"
153.542595976274,0.0566386447333864,0.127980096453433,0.44255822821633,0.658085304402115,0.78174997660305,"SAT1"
14.7989440173011,-0.411310539493612,0.17741538004943,-2.31834770682799,0.0204304316125667,0.0654496987644923,"APOO"
1.66202565348272,1.08877480391067,0.646761590628248,1.68342526780704,0.092292795186855,0.199918187020532,"KLHL15"
29.2114761260373,0.405541554554107,0.291608314991846,1.39070641578052,0.164314471308185,0.302655216826134,"EIF2S3"
4.52356808846347,1.40929075531822,0.401197978237543,3.51270652337087,0.000443567127847307,0.0036800145213306,"ZFX"
3.21764788677717,0.1775008386806,0.342768583498812,0.517844537760024,0.604566741081825,0.741037788730093,"PDK3"
4.5865242515809,1.13576719701564,0.374569777961879,3.03219123335473,0.00242785339548446,0.0133908013585379,"POLA1"
2.76977823898125,0.971162050660273,0.384740282637258,2.52420163545991,0.0115961394653489,0.0429662485819478,"GK"
2.56566400984645,0.791741503539661,0.391408151094505,2.0228027988832,0.0430934830096986,0.113867451456284,"TAB3"
2.284853584793,1.52515983229608,0.541332616636942,2.81741721341533,0.00484115933803207,0.022545021617079,"PRRG1"
6.77615153042064,0.774687953668546,0.315639770530288,2.45434202530003,0.0141142664710432,0.049870405506329,"XK"
8.38702401262372,0.438716272041201,0.260844840891406,1.68190511471088,0.0925872407322399,0.20033820170395,"DYNLT3"
3.83008661981134,1.4284271022316,0.37603389573471,3.79866580761472,0.000145477092496357,0.00155500120522681,"RPGR"
5.05651794798065,0.0705457835927729,0.436765552436947,0.161518652739806,0.871684921473243,0.926271844148671,"OTC"
16.0928111273649,-0.41689587330882,0.21606212417175,-1.92951853503682,0.0536665213209969,0.134104560871152,"TSPAN7"
8.55838949703037,-0.211762116631994,0.213627136879501,-0.991269740938578,0.321553884234031,0.487788124428213,"MID1IP1"
4.46740370763653,0.740518437107914,0.34009367010662,2.17739553010722,0.029451068907596,0.085857240174854,"BCOR"
27.302779064002,0.102605296721887,0.15572997249213,0.658866723469512,0.509981356071008,0.662682778772985,"ATP6AP2"
2.75607614597786,0.527861286946742,0.407854565229991,1.29423900563447,0.195582877497325,0.343099795836661,"CXorf38"
7.47634479236337,0.690692452885297,0.343377255119278,2.01146826875698,0.0442760187005269,0.116237510237101,"MED14"
14.9765566025648,0.887039269325088,0.264700863131723,3.35110078157799,0.000804910030479809,0.00576224319776581,"USP9X"
32.5046053185558,0.744798843973036,0.35980612014356,2.07000048713976,0.0384522988367231,0.104319751528057,"DDX3X"
16.9405786002626,0.601800982153588,0.245964817259953,2.44669538049241,0.0144172632357198,0.0506502489327272,"CASK"
1.0984222440976,1.18558963261252,0.55809197744202,2.12436243582393,0.0336398485588013,0.0950386980615459,"GPR82"
57.884610362604,0.488716967456364,0.125546842640337,3.89270615794318,9.91321958054165e-05,0.00116765254495317,"MAOA"
3.85040655302859,0.846377969736837,0.512539128645086,1.65134313154639,0.0986685298346393,0.209859035253463,"EFHC2"
7.41700972247883,-0.460894385709553,0.215507004362313,-2.13865153512455,0.032463900434239,0.0926078168415643,"FUNDC1"
2.34631199536851,0.751450038212512,0.387719372718162,1.93812868556029,0.0526075245337853,0.132046933572039,"KDM6A"
2.35050895967038,0.576074021195819,0.715761819681939,0.804840388736866,0.420911791456716,0.58412072992465,"RP6-99M1.2"
1.72033834590314,0.115608631238299,0.427044079237353,0.270718262725387,0.786607729526001,0.871312294793843,"KRBOX4"
2.86655554800997,0.555384231754507,0.360602079581291,1.54015814994574,0.123521808266093,0.246998128847314,"RP2"
274.026256295433,-0.5530409720636,0.126271327169041,-4.37978268275615,1.18797722468964e-05,0.000230557030350329,"NDUFB11"
12.935017389802,-0.051235158883283,0.206343926559948,-0.248299815446217,0.803902441787737,0.883641752815266,"RBM10"
27.0862205663862,0.0352430570389492,0.211929415770018,0.166296202492222,0.867923854410469,0.923540374181628,"UBA1"
15.8254684798518,0.0539018033368923,0.187221050922419,0.287904608329691,0.7734197592708,0.863774021563234,"CDK16"
3.62619736303654,0.227162321086957,0.333028151857941,0.68211146661216,0.495168470526848,0.649068146037606,"USP11"
1.8666992410216,0.088541374517056,0.437040032470571,0.202593281939265,0.83945294135285,0.907020091840806,"CXorf24"
12.5371173741955,-0.347889506052023,0.2072117484847,-1.67890821150863,0.093169933942412,0.201398384278383,"ARAF"
6.97183964565363,1.23600862942116,0.428591538710004,2.8838848128952,0.00392802402595828,0.0192327957267389,"TIMP1"
4.20210834495055,0.556484687179082,0.295563008203763,1.88279545048965,0.0597280938551373,0.145078751793064,"ELK1"
137.377728074784,-0.209818310187466,0.100921866252088,-2.07901734261801,0.0376157564794921,0.102872605229737,"UXT"
11.409803988202,-0.110781457643232,0.26969373345463,-0.410767637142255,0.681242925750493,0.798831090184353,"SLC38A5"
4.52496151928835,-0.344927147273019,0.296212734867281,-1.16445752215064,0.244238648108155,0.400804771976057,"FTSJ1"
82.3505880913836,-0.453597262194821,0.161231909570066,-2.81332190013976,0.00490325394322579,0.0227464065883947,"EBP"
1.05990127877933,0.23774750107576,0.527220944143789,0.450944720077204,0.652029391332992,0.776770424514732,"TBC1D25"
157.807264548752,-0.387256410546172,0.0991766101946599,-3.9047151317844,9.43364410740296e-05,0.00112458150391214,"RBM3"
19.2930607366578,-0.227696477205438,0.156950600882744,-1.45075250381199,0.146848789615573,0.279932921752699,"WDR13"
3.27730195466878,-0.402018622066536,0.352529377615664,-1.14038332006709,0.254126638904923,0.41246679098901,"SUV39H1"
2.91996193695441,0.0592078393233478,0.354981231786818,0.166791463946761,0.867534135386801,0.923397109703093,"GLOD5"
6.12993307657089,-0.279451142965528,0.268322010323622,-1.04147677869767,0.297654324980393,0.460146045450117,"HDAC6"
0.503440708459177,1.22328714661805,0.964792460610448,1.26792776328709,0.204823748406251,0.353981505120553,"PCSK1N"
40.165573489787,-0.440753031096668,0.180087447214012,-2.44743894099897,0.0143875500752547,0.0505987026610318,"TIMM17B"
27.9789965409483,-0.600006755949067,0.171602123507732,-3.49649959851476,0.000471405203243285,0.0038346355300381,"PQBP1"
5.97421342498147,0.0125912786756019,0.243937223979196,0.0516168810573812,0.958833968131653,0.97590874190008,"SLC35A2"
4.56204586620461,0.735215350849456,0.544762730979277,1.34960655169603,0.177142221490983,0.319721543192966,"PIM2"
9.4379036654658,0.321595319319009,0.28662647292513,1.12200145379807,0.261861821771916,0.421181780871299,"OTUD5"
4.86990261113474,0.599414958840762,0.260100623366376,2.30455025859907,0.0211917745046879,0.0672145651638173,"GRIPAP1"
1.94145869274755,0.100919855006316,0.471670673929514,0.213962539085898,0.83057627014909,0.901077358631685,"TFE3"
1.46482512398186,0.428508404890515,0.529650216044813,0.809040366471331,0.418491927727339,0.582374677541657,"CCDC120"
8.74437240023833,-0.511113613205036,0.254947852646215,-2.00477708637263,0.0449868832019959,0.117554752544195,"WDR45"
6.62926050676693,-0.388497989519612,0.249272977324739,-1.55852428806793,0.11910901504148,0.240514424847327,"GPKOW"
4.54009373823371,0.0872570362320669,0.365132041354444,0.238973922716807,0.811125803622663,0.88879287936052,"MAGIX"
147.341082350249,-0.342507408565105,0.159470489644708,-2.1477792494912,0.0317312962134764,0.0909719843923847,"PLP2"
2.20421687973711,0.331820722518347,0.39018161617113,0.850426336777521,0.395088098834544,0.560664085281961,"PRICKLE3"
5.7012875702835,0.103178743259947,0.249892206127347,0.412893002382659,0.679685008161965,0.79764201303641,"CCDC22"
2.42464662276053,1.50490425150754,0.390229128553869,3.85646314278098,0.000115039434156432,0.00129732944438095,"CLCN5"
4.17159212970989,0.503375973702005,0.370130607411126,1.35999553569174,0.173831336626935,0.315317908095626,"GSPT2"
13.3652034940536,-0.288940095447115,0.1654597743359,-1.74628604811547,0.0807612589946807,0.180764071039207,"MAGED1"
2.27002122864729,0.849901032055615,0.461165784432581,1.84294034975152,0.0653377201846487,0.154927432577573,"TSPYL2"
1.66187205927252,0.102216320585133,0.464541315257133,0.220037092994742,0.82584226651829,0.898068662903141,"RP11-258C19.7"
5.08335978367438,0.198633249839828,0.314645842612551,0.631291512357343,0.527849935573558,0.678346492600275,"KDM5C"
3.3890835829374,-0.434355425550604,0.301278349784145,-1.44170806120587,0.149384748554805,0.28337438765156,"IQSEC2"
30.0475411742873,0.934801182382011,0.175665238901941,5.32149210751838,1.02919577046764e-07,6.574744745458e-06,"SMC1A"
61.6368752028379,-0.62460176120767,0.127775651311176,-4.88826904655377,1.01726445023027e-06,3.52955013722067e-05,"HSD17B10"
15.7937314186898,0.667099108046405,0.232805499632035,2.86547830313631,0.0041637980511906,0.0201869851946116,"HUWE1"
2.76038012077709,0.573522357714086,0.397492537184721,1.4428506300423,0.149062553145602,0.283010371881334,"PHF8"
1.14916314011518,-0.794652413442575,0.505038951200376,-1.57344777378823,0.115615172328709,0.234819669251875,"FAM120C"
16.4830872668849,-0.181513719964024,0.192525492511114,-0.942803561214344,0.345781389848395,0.512373569894061,"TSR2"
1.26867316682137,-0.301868924274255,0.495480279287183,-0.609245083797352,0.542362001336266,0.690429179992012,"FGD1"
2.85097937366695,1.77526910132364,0.342787542338802,5.17891954069035,2.23174691733521e-07,1.14656350541035e-05,"GNL3L"
12.2648664575142,-0.273242848725051,0.195276727958796,-1.39925966386894,0.161735130683591,0.299614914951225,"MAGED2"
8.82365412790597,-0.109862764693764,0.205480921589673,-0.534661631083931,0.592883857821927,0.733005316023011,"APEX2"
12.7229515200579,-0.26374514789885,0.186039467097884,-1.41768384963219,0.156283087350744,0.292625366475897,"FAM104B"
149.374562626694,-7.45449138483207,0.835263489630806,-8.9247183402294,4.46834774096331e-19,2.42631282334308e-15,"MTRNR2L10"
1.90812255980071,-0.0837406550459924,0.509237573507179,-0.164443197836445,0.869382259448977,0.924214910408012,"MAGEH1"
1.82667477675462,0.640368824940229,0.401841160390163,1.59358693947248,0.11102858166119,0.227977008289,"RRAGB"
3.32275249631437,0.406137798473436,0.457042379781846,0.888621748091046,0.37420639890308,0.540199169861479,"RP13-188A5.1"
7.83813786068132,0.326535105260681,0.225216999234927,1.44986882149188,0.147095103285772,0.280243771415104,"UBQLN2"
4.31388359553711,-0.83863345396507,0.286696078776713,-2.92516541399306,0.00344273170160251,0.0173817137514659,"SPIN2B"
2.72204803474254,0.351969421549381,0.461917103773289,0.761975295294821,0.446074748949804,0.607368577431655,"FAAH2"
1.59352886949441,0.840911408109958,0.632800411795998,1.32887304185423,0.183889859158748,0.328083435265978,"ZXDB"
4.29250582184241,0.7359873779888,0.370319486662884,1.98743896687996,0.0468737731004955,0.121200042010931,"SPIN4"
9.25920740724462,0.0293792017974138,0.203767559092174,0.14417997608797,0.885358352491621,0.933680927931781,"ARHGEF9"
0.989315470082411,-0.705556616795202,0.600371650455106,-1.17519975545208,0.239914808062317,0.395908648466306,"ZC4H2"
11.0350470879492,-0.267717127277651,0.199537305978705,-1.34168959515882,0.179696662080546,0.322936579545711,"LAS1L"
16.6405156392101,0.276184884500492,0.216475974995411,1.27582233781992,0.20201832931976,0.35063433856682,"HEPH"
1.42268539242374,0.930716875100846,0.479215827289468,1.94216639372107,0.052116960013439,0.131129666864667,"OPHN1"
13.9058336483633,0.488439763920864,0.204404031131805,2.38957989828442,0.0168676545195895,0.0567120694418631,"YIPF6"
10.506505179724,-0.0308674300780007,0.207374447632747,-0.148848763337834,0.881672971623021,0.931704763429341,"EFNB1"
1.28688166838444,0.464759321425386,0.479289019893877,0.969684891859804,0.332203583455222,0.498167759779579,"PJA1"
36.9912377617447,-0.288672830412684,0.166733719599181,-1.73134043375652,0.0833910638375737,0.185427304110576,"IGBP1"
25.7777970232108,-0.406877394345432,0.151151811325782,-2.6918459711242,0.00710577544935537,0.029806381375048,"PDZD11"
5.97090859982293,0.855712490184481,0.325891431053059,2.62575940527004,0.00864559035618563,0.0344428141115833,"KIF4A"
11.0089150367391,0.476989325580318,0.238875262327181,1.99681340350345,0.0458454569852372,0.119181394182999,"DLG3"
7.14909745083422,0.191579792634551,0.251655888395228,0.761276812778857,0.446491747048905,0.607619830660887,"SNX12"
1.99275005295765,-0.417766930159089,0.472861804620116,-0.883486308425167,0.376973576829701,0.543106002171737,"FOXO4"
4.38816659182089,0.666489149066021,0.504993080330102,1.31979857749804,0.186902276680622,0.332148769247802,"IL2RG"
2.9060334240312,0.446345214876999,0.353740863344881,1.2617858470081,0.207025856250017,0.356590134635239,"MED12"
31.522291068952,-0.678079075763667,0.162838322753589,-4.16412466240981,3.12549320267729e-05,0.000480776999731946,"GJB1"
2.85418064384616,-0.337301905363452,0.369746080614326,-0.912252821728446,0.361635643480288,0.528013321887056,"ZMYM3"
40.0984465268048,0.251669222624788,0.198480768489333,1.26797787282002,0.204805852575961,0.353981505120553,"NONO"
5.21658573744438,0.890116225144436,0.281105259489657,3.16648726800926,0.00154292100221597,0.00953135499662424,"TAF1"
8.06286215674525,0.13028973551122,0.271936398259082,0.479118412780803,0.631854391469074,0.760831432681466,"OGT"
55.1791778981533,-0.430806619234384,0.15646556282898,-2.75336381658158,0.00589863052563962,0.026050885526005,"PIN4"
1.86859662489844,0.98278811976977,0.42328074363181,2.32183517572121,0.0202418124013817,0.0650180664534178,"ERCC6L"
2491.51665936536,-0.593568206148719,0.191981695251427,-3.09179583694872,0.00198949630198254,0.0115249351031552,"RPS4X"
4.25578348087912,0.133144093174344,0.272632061359213,0.488365500779885,0.625290973698422,0.755609210455642,"HDAC8"
1.42286258680941,1.08862523960869,0.482543612181141,2.25601419670236,0.0240697420497912,0.0736953478039843,"CHIC1"
26.3091274165727,0.253720595600307,1.90468567604361,0.133208643710353,0.894028375078934,0.938510850038906,"XIST"
12.1176493348635,0.106875171183087,0.253443091317227,0.421692975048647,0.6732491327001,0.792991395966076,"JPX"
2.12814457752343,0.000356770892551263,0.492050013042759,0.000725070385315201,0.999421477584752,0.999513513819911,"FTX"
5.61166037034858,1.00854112823684,0.353840605094484,2.85026962342985,0.00436821821559143,0.0208598426098333,"RLIM"
7.33436933455661,0.0670775354054719,0.211122260046273,0.317718915053155,0.750698161974663,0.849050410231706,"ABCB7"
3.34538904167134,0.254814982964631,0.339385851680834,0.750812037987561,0.452765783637262,0.612958752280417,"UPRT"
29.0902943023183,-0.177647239699601,0.152054827910079,-1.16831041895399,0.242681574186419,0.399200529485687,"PBDC1"
22.5346448066764,1.18969295711981,0.265633816878829,4.47869541272488,7.51006021459297e-06,0.000161927857639134,"ATRX"
11.6624435025428,1.05311400875364,0.284095887226831,3.70689635472547,0.000209814758896527,0.00206020640290804,"MAGT1"
348.184338250375,0.340028475398532,0.207873447822474,1.6357475135012,0.101892440949991,0.214364957132294,"COX7B"
93.4220951381214,-0.161642540051303,0.114962046776367,-1.40605134115038,0.159708879839316,0.297247375330758,"PGK1"
2.38864752522303,0.163171755632327,0.41192957366299,0.396115661668472,0.692019704969145,0.807319153073897,"TAF9B"
3.07736646344477,1.85866945929336,0.557284090886168,3.3352279199964,0.000852295121810112,0.00601815671187114,"ITM2A"
3.21382184345159,1.64286274798509,0.360387476069996,4.55860110873,5.14954718377245e-06,0.000121574092208193,"BRWD3"
29.1843785636533,-0.104019593306357,0.178252181903729,-0.583552987657321,0.559521097528128,0.704040249546107,"HMGN5"
32.3776627700386,0.359711329989855,0.189201555960208,1.90120703904522,0.057274899467979,0.140864751996438,"SH3BGRL"
1.60806792050582,1.68914622844454,0.507908294865816,3.3256913610572,0.00088199533375866,0.00618764168257045,"APOOL"
18.7070357485601,0.739579814580193,0.204362574607902,3.61895917586269,0.000295790291174188,0.00266800877255123,"POF1B"
3.48076770202903,1.33921719768704,0.448750124378118,2.9843271899767,0.00284202687859589,0.0149972846946314,"CHM"
12.0368142689405,0.995937725740349,0.25409942783303,3.91948039487434,8.87400790925705e-05,0.00107318180283443,"DIAPH2"
30.0667078794446,0.371131905108945,0.162093021917365,2.28962296290674,0.0220431826710471,0.0692876885115981,"TSPAN6"
6.34732426266761,0.861768049031573,0.301338445577229,2.85980120253429,0.00423906650115238,0.020451471436035,"SYTL4"
5.85507100418617,-0.496942327496881,0.271383166722613,-1.8311464690248,0.0670786841811482,0.157883508930921,"CSTF2"
25.9341990156245,0.0428900786604383,0.196804285986139,0.217932645346245,0.827481591102564,0.899157286961724,"NOX1"
2.39384234079643,0.117047166135355,0.389286881955416,0.300670717562889,0.763665600116364,0.85764306279873,"TRMT2B"
0.841975286051165,1.03881873333149,0.621149575495679,1.67241317439928,0.0944428760096749,0.203380851371221,"CENPI"
15.3318328458209,-0.0312022956541818,0.170411901496,-0.183099275228228,0.854720124445241,0.915982003906097,"TIMM8A"
520.778352456411,-1.25110078896898,0.228265397401155,-5.48090425974766,4.23157437440523e-08,3.08422132255308e-06,"RPL36A"
8.80083059201202,-0.158007773076089,0.228724435351454,-0.690821568029218,0.489677679826381,0.644203464919988,"GLA"
16.1402498352706,0.224312857793661,0.205510889600279,1.0914889144315,0.275057807138642,0.435822554059768,"HNRNPH2"
1.4626500301523,0.654921295734582,0.513501887214505,1.27540192556488,0.202167017488576,0.350803817570323,"ARMCX4"
6.18544150076402,-0.472603692034068,0.256765571757602,-1.84060381926992,0.0656796376551958,0.155534423230577,"ARMCX6"
9.63182731062106,0.820321655633768,0.27498422021497,2.98315901542452,0.0028528972975522,0.0150473359161811,"ARMCX3"
2.7891512782105,0.569112763394378,0.51300259054757,1.10937600292996,0.26726801013459,0.427196573180003,"BEX5"
2.32102878944027,0.542704706140245,0.349833818135563,1.55132145037488,0.12082466882005,0.243036840782691,"ARMCX5"
11.3072724234655,-0.730001674301733,0.25236528645701,-2.89263901763322,0.00382020080409734,0.0188066095795545,"BEX4"
33.631764039658,-0.0681953485711702,0.129623908814991,-0.526101621179344,0.598817602332057,0.736549582315755,"TCEAL8"
9.16475592270531,-0.578589775458782,0.26511334992266,-2.18242414283389,0.0290782441173054,0.0850955890902551,"BEX2"
81.3848945459189,-0.310289313253673,0.155218334305626,-1.99905065752549,0.0456028730969019,0.118731934433837,"WBP5"
90.3258279567486,-0.801445297806006,0.13201684250292,-6.07078068685275,1.27289924141491e-09,2.09449784269181e-07,"NGFRAP1"
16.4631835017028,-0.173112218845787,0.178007577799519,-0.972499154169466,0.330802285468795,0.496535449152102,"TCEAL4"
3.13583219488097,0.462622770780458,0.464932103121407,0.995032968630378,0.319720229953461,0.485666656564483,"TCEAL3"
6.41953683688522,-0.756272206284767,0.268772262368772,-2.81380303019184,0.00489592171502483,0.0227332753340775,"TCEAL1"
48.1902359236573,0.110714611528803,0.159401699426538,0.694563558149687,0.487328856623361,0.642592445717545,"MORF4L2"
3.31203168593696,-0.763804826930109,0.448551251442852,-1.7028262087625,0.0886005965881447,0.193797075316667,"TMSB15B"
1.63685605481949,0.233997944516637,0.435705635276199,0.537055125229911,0.591229536809052,0.731876526814807,"SLC25A53"
5.56371673330419,0.712558733374636,0.360765789006214,1.97512833835351,0.048253585657332,0.123855811921207,"FAM199X"
6.88557785850699,0.432019651451895,0.2944651431143,1.46713341648115,0.142339765357064,0.273819457558476,"RNF128"
3.63121098727353,1.55547747117315,0.38094417105934,4.08321635909965,4.44166339076684e-05,0.00062971885670663,"TBC1D8B"
6.86796163651065,1.0950820336043,0.263635106259809,4.1537792486753,3.27028682095909e-05,0.00049888538941314,"MORC4"
2.12338754948211,2.32913359460565,1.17460272308142,1.9829117954839,0.0473772828721125,0.122068159428503,"CLDN2"
4.4688250598829,1.19712307408957,0.381625478738385,3.13690552854892,0.00170741133088599,0.0102688625289881,"RBM41"
2.20481883446686,-0.568029902993953,0.406802291987448,-1.39632916082852,0.162615396347297,0.300493994271166,"NUP62CL"
5.31807441548867,0.0513088363662001,0.270454379581634,0.189713460900762,0.849533672099693,0.913278130964429,"PRPS1"
6.15721639439744,-0.169113607926449,0.491051844160237,-0.344390536228726,0.730552605078118,0.833820419458577,"TSC22D3"
10.2775317011578,0.495548025913282,0.313728260094823,1.57954538670984,0.114211014679668,0.232751289063838,"PSMD10"
2.79910461256597,0.610424938263328,0.350627639543111,1.7409492847134,0.0816924686344218,0.182172527591339,"ATG4A"
2.87703089174655,0.592902068058401,0.363479287260779,1.6311852940138,0.10285122739191,0.215921965875922,"NXT2"
1.65405866658384,2.04448802928684,0.589639617152747,3.467351870214,0.000525613350990863,0.00414111413901654,"ACSL4"
7.16784985496507,0.378133854045463,0.296533475428538,1.27518100106236,0.202245184328526,0.350803817570323,"TMEM164"
4.50889237170052,0.730583369040405,0.324736636018755,2.24977193210258,0.0244634266165257,0.0745249844091781,"AMMECR1"
15.7468837773671,0.0351209218185684,0.205844023426963,0.170619099033642,0.864523279277638,0.921825480430543,"ALG13"
3.23783969562367,0.748361192530043,0.391575526270829,1.91115415117248,0.0559847739111436,0.138558487847543,"AMOT"
2.88522126117108,1.12512784130253,0.4133301477799,2.72210446623813,0.00648676332661895,0.0279326921994773,"PLS3"
0.993120398153804,-0.195115278295656,0.608375844802908,-0.320715031608243,0.748426354993279,0.847098511227411,"RP1-241P17.4"
2.27861308978519,1.16244410209366,0.527768739136667,2.20256338788692,0.0276255368039729,0.0819260867534532,"WDR44"
12.4778388435776,0.526471451383147,0.221412221193868,2.37778858160756,0.0174168086540225,0.057924237443907,"IL13RA1"
1.64069439227853,1.28836383366034,0.573282494183841,2.24734550022242,0.0246179551230403,0.0748672620095822,"LONRF3"
46.5019239355557,0.207923754540257,0.139693481252724,1.48842846978733,0.136637933145916,0.265454016809417,"PGRMC1"
3.47017654155582,0.0280894069824289,0.306174550386449,0.0917431149877574,0.926902141010353,0.957404297462972,"SLC25A43"
488.026748742631,-0.73272114539934,0.106247365686344,-6.8963700009507,5.33481384781828e-12,3.86240522582044e-09,"SLC25A5"
2.32258645090808,1.15708049638822,0.366939863493672,3.15332459485742,0.00161422205352648,0.00983751487165972,"CXorf56"
24.2968584386248,0.0165761825559579,0.147010292594797,0.112755251781225,0.910224595921917,0.947194129294002,"UBE2A"
3.12058001462772,0.981932591073613,0.351108859170129,2.79666139269308,0.00516336154091265,0.0236599604786124,"NKRF"
2.47609192498508,0.487730307711291,0.435758862445217,1.11926652500982,0.263026452256758,0.422679383176738,"SEPT6"
1850.17877107461,0.644466577293966,0.419795983792853,1.53518995458512,0.124737175125079,0.248695744787656,"RPL39"
15.8099034192994,0.0943580410654533,0.185915799003686,0.507531052073646,0.611782254298362,0.746008902052572,"UPF3B"
7.72771298957793,-0.440005571184016,0.236084165496868,-1.86376570515845,0.0623546137705277,0.149783478333982,"RNF113A"
315.572520650848,-0.3615537615738,0.13690783132365,-2.64085522411854,0.00826970493224208,0.0333366724440048,"NDUFA1"
12.0065796048457,-0.196083288132239,0.183774587455905,-1.06697716396337,0.285982148022787,0.447725987376718,"NKAP"
2.40029210572222,1.19097527302556,0.543615295987161,2.19084209332787,0.0284632213520116,0.0837017557224061,"ZBTB33"
13.649288074301,-0.129291820183062,0.207814828455463,-0.622149156265671,0.533843794748305,0.683833877207665,"LAMP2"
4.06635824465489,1.15825596991617,0.385682212625876,3.00313556601511,0.00267213371183657,0.0143234808048101,"CUL4B"
36.7513649874716,0.577831367837767,0.161162529442132,3.58539525184883,0.000336568074926365,0.00295006399814393,"MCTS1"
14.1696201138171,0.0938456597658356,0.185568688553365,0.505719259522859,0.613053745945026,0.746937328166597,"C1GALT1C1"
21.4825429683386,0.788237697302603,0.232708560194173,3.3872312073303,0.000706018615382809,0.00521589262793014,"THOC2"
14.6251754345009,0.852574730725071,0.244044662826647,3.49351926344188,0.000476698590480659,0.00385763538943365,"XIAP"
16.5515517124909,0.726344311969501,0.260351192731938,2.7898635852126,0.00527302535916406,0.024020576929749,"STAG2"
6.66505208271754,0.40927349835262,0.326997940789414,1.25160879412446,0.210712448559788,0.361019306803894,"OCRL"
9.22180518646074,0.461107019816839,0.205451205155475,2.2443626917053,0.0248090749174623,0.0752588138557655,"ZDHHC9"
6.78933143781995,0.769435961461266,0.289227003800275,2.66031854339783,0.0078066779870291,0.0319885252079525,"UTP14A"
3.31898190056089,0.600778426913676,0.336816509660773,1.7836964925465,0.0744729963988962,0.170664009472887,"ELF4"
17.7273996864863,0.0874940673617073,0.186094078747327,0.470160404622568,0.638240420698467,0.765727921109832,"AIFM1"
3.68735588312598,-0.287672787201702,0.36360383491311,-0.791170938201042,0.428844247913912,0.591171430863809,"SLC25A14"
13.4385742170367,-0.0735433177442474,0.184324320473373,-0.398988682314829,0.689901543545574,0.806060329521779,"RBMX2"
3.2451147910465,0.61199780377528,0.32139520282703,1.90419084787848,0.0568853332416269,0.140182648596581,"ENOX2"
4.53684635672492,0.892877010753967,0.347182547560909,2.57177965029283,0.0101177265177765,0.0388675309455441,"MST4"
3.09867370949613,0.777368222240762,0.355433149799625,2.1871010700015,0.0287351465538828,0.0843871529408241,"RAP2C"
3.78472050005306,1.87014203830536,0.399833389953039,4.67730331007376,2.90672158281677e-06,7.78743674405738e-05,"MBNL3"
5.61698900180924,0.443452997742811,0.274612402521236,1.61483237345232,0.106347000402115,0.221081245093218,"GPC4"
2.98661360162757,-0.546412240696553,0.627432992865095,-0.870869474366384,0.383825425880042,0.549333701246343,"GPC3"
11.5576867105149,1.33714459529822,0.292024524492422,4.57887774193745,4.6747732293719e-06,0.000113321511765578,"PHF6"
34.7709634515524,-0.239950922242406,0.198866007098228,-1.20659596752442,0.22758778048216,0.380820986938841,"HPRT1"
7.44175769197572,-0.166841926445928,0.336894579525095,-0.495234819987658,0.620434374387089,0.751898520040879,"FAM122B"
1.98982940032887,0.112162177812571,0.434258747745887,0.2582842104961,0.796187571154979,0.878272932731648,"MOSPD1"
7.72539338599069,0.336222264864357,0.289302433747828,1.16218263534356,0.245161286604097,0.401697581852821,"FAM127A"
14.1782757547321,-0.138280517171559,0.187679882619792,-0.736789235166415,0.461250530552816,0.620870198537876,"FAM127B"
3.49070511913793,0.616975143156319,0.353887771132789,1.74342035380706,0.0812602155067425,0.181432142352636,"DDX26B"
6.79991888083167,0.998922212396485,0.328605740980696,3.03988058582082,0.00236671966767073,0.0131808079953354,"MMGT1"
1.7295563657624,1.00559368121231,0.691785434807838,1.45362077692723,0.146051473339034,0.278868445583169,"SLC9A6"
2.11919366034351,-0.459681432141746,0.624133162826229,-0.736511788702582,0.461419295963638,0.621020393377756,"FHL1"
1.56397137746505,0.866798920783066,0.596317367321827,1.45358657702026,0.14606096059809,0.278868445583169,"MAP7D3"
15.2790164877077,0.110286671724227,0.18471211853671,0.597073286787672,0.550458451981954,0.697465731947733,"HTATSF1"
1.86357914243415,-0.833089748499108,0.443385500943662,-1.87892871265757,0.0602542276990218,0.146193233425241,"RP11-1114A5.4"
70.4291628797737,0.535385932738783,0.167869155976375,3.18930496567297,0.00142615337268868,0.00892167374850174,"RBMX"
3.56748756737002,1.25375586801881,0.470798296266442,2.66304249178775,0.00774376348712515,0.0318059667531905,"ATP11C"
3.38093990155385,-3.94658718523101,0.707111726447039,-5.58127808891117,2.38757541682961e-08,1.95838013272233e-06,"SLITRK4"
9.29069074125024,1.46618820332081,0.30480959717712,4.81017729395455,1.50796479676909e-06,4.58725425571774e-05,"FMR1"
5.55140982183923,0.259411356951467,0.36279748729372,0.71503074314693,0.474590046826992,0.631778365842257,"IDS"
1.80290075115751,-0.889040060828547,0.496115387846271,-1.79200259175196,0.0731325508505325,0.168588304444233,"CXorf40A"
2.28692411592921,-0.654725164797139,0.388934302580381,-1.68338241305375,0.0923010856096637,0.199918187020532,"TMEM185A"
3.44350902684862,-1.12284281212749,0.396422915736499,-2.83243669211554,0.00461947126249355,0.02170811679389,"CXorf40B"
3.29139709864521,0.90047387688045,0.37278955338141,2.41550190640442,0.0157135402320338,0.053849494136916,"MTM1"
1.89474809197784,0.41929896786269,0.394967011521489,1.06160503442419,0.288415027259866,0.450770813097481,"MTMR1"
2.34037096146642,0.407065773601607,0.450898122775759,0.902788796492837,0.366637998335862,0.532952571533591,"CD99L2"
47.929864875261,-0.118843029076533,0.149759435515622,-0.793559542124048,0.42745189329475,0.589900379351457,"HMGB3"
13.9130415438727,0.779255177740978,0.211065227436817,3.69201117211147,0.000222487688968904,0.00214584041048161,"VMA21"
15.2544071594382,0.188067763033695,0.17926498483928,1.04910483886358,0.294129869292032,0.456843589890084,"CETN2"
6.39605309800907,-0.0976131526850764,0.248391758970253,-0.392980641103984,0.694333779677019,0.808889170488354,"NSDHL"
2.30226205499732,0.30064867299988,0.454417720691282,0.661613003433314,0.508219271740735,0.660989376180166,"ZNF185"
1.92028138645356,0.788700551966286,0.431735525651584,1.82681411444185,0.0677277229715536,0.158963274577712,"ZNF275"
5.12086582380965,-0.732676179328304,0.328994758882931,-2.2270147458155,0.0259462882975507,0.0780328692637497,"HAUS7"
9.94847592122096,-0.0311542276924708,0.209633978932416,-0.148612490451821,0.881859416509227,0.931704763429341,"FAM58A"
1.79749735812956,-0.573194965528764,0.485879090933212,-1.17970700164901,0.238116768188132,0.393899177840536,"RP11-66N11.8"
2.34255546517744,0.298358071230071,0.480845934618984,0.620485793368485,0.534938004340616,0.684508863808071,"SLC6A8"
83.3287478550828,-0.439185554309146,0.162485610238703,-2.70291968417357,0.00687333523746851,0.0291124885643167,"BCAP31"
45.8648500119225,-0.355972759064815,0.134664285704961,-2.64340880881158,0.00820758711318535,0.0331108454863272,"IDH3G"
246.872974369289,0.362300478711169,0.266139229348136,1.3613193349908,0.173412795348407,0.314611252503124,"SSR4"
6.79820574384421,-0.0304876811998385,0.513778642081059,-0.0593401101228113,0.952681214126893,0.971963746868155,"ARHGAP4"
47.2796633081758,-0.35524473304444,0.14963105012282,-2.37413780597576,0.0175899841665949,0.0583521151449004,"NAA10"
10.3878184776695,0.340950732177512,0.255237251155732,1.33581885337529,0.18160848910667,0.325323995308081,"HCFC1"
5.4551974303624,-0.274078189624502,0.316158339502759,-0.866901660906875,0.385995893416417,0.551858267838638,"TMEM187"
17.3879636676777,0.514752101988218,0.203718405788953,2.52678249662668,0.0115112768668821,0.0427685483319672,"IRAK1"
5.49230918857048,0.281042878052004,0.248739206544526,1.1298696412047,0.258531157955205,0.41737005729055,"MECP2"
1.45167288836657,0.459757111655588,0.476605020490518,0.964650164999121,0.334720064064288,0.500765931359438,"FLNA"
17.9561167050248,-0.536373166622551,0.254723462991252,-2.10570773624011,0.0352297474195642,0.0985307898471458,"EMD"
4252.42909480142,-0.59448592168595,0.153768709783327,-3.86610463548553,0.000110587506845453,0.00125888922886962,"RPL10"
3.02526539521116,-0.231004255756107,0.364385672978455,-0.633955374446803,0.526109945788487,0.676952626416177,"DNASE1L1"
5.9694774561199,-0.117438738573799,0.226395959854099,-0.518731600376094,0.603947922012396,0.740634674194331,"TAZ"
18.6461984562981,-0.0136891972594128,0.192084044690522,-0.0712667066203668,0.943185492099624,0.966776257121465,"ATP6AP1"
6.51378220399972,0.316995551907981,0.277863332712175,1.14083261297503,0.253939586201336,0.412301565704186,"GDI1"
25.54466069257,-0.0927924292631189,0.148004817235449,-0.626955466696078,0.53068842717922,0.681157820490051,"FAM50A"
48.9669414795985,-0.795390094834242,0.158140943013532,-5.02962787294232,4.91432670011562e-07,2.07663766393991e-05,"LAGE3"
8.5013703679269,-0.114818151534454,0.211577053621559,-0.542677712772319,0.58735172195283,0.728987394332312,"UBL4A"
5.65168656601822,-0.162782111483643,0.235487080071047,-0.691257080577545,0.48940399844753,0.644109158442842,"SLC10A3"
8.73592739072191,-0.141438133297312,0.214104113447861,-0.660604464900927,0.508866004917384,0.661592818556541,"FAM3A"
5.22496148891043,0.54266575348147,0.289433667311623,1.87492270170906,0.0608033584242969,0.147190948032507,"G6PD"
5.14931502715227,-0.353010220741148,0.24153982819639,-1.46149901396023,0.143878545955664,0.276161366044276,"IKBKG"
30.2543309704895,0.440339699775263,0.142837468480281,3.08280246394912,0.00205061223659158,0.0117891206402247,"DKC1"
3.18327450764231,-0.424146971048127,0.417487168181487,-1.01595211391921,0.309652190409943,0.474238159336058,"MPP1"
5.39619948289669,-0.749585773229407,0.355689409707973,-2.10741661902397,0.035081482294795,0.0982933172656022,"F8A1"
29.1870730246841,-0.328800095002468,0.154325499606994,-2.13056232339952,0.033125216269478,0.0941306925935728,"FUNDC2"
13.8136262962182,0.646664178034952,0.194903627382604,3.31786630510229,0.00090707890515455,0.00631871514430944,"BRCC3"
24.25347108591,-0.0237467281338607,0.171491421848989,-0.138471813212742,0.889867544790656,0.935976904254385,"VBP1"
4.06984818258764,-0.150000675405705,0.284743652661772,-0.526791989930257,0.598338045989612,0.736395192593743,"TMLHE"
5.70034279414752,0.0969395032539805,0.286137103756819,0.338786903135662,0.73477026822899,0.837226430906183,"VAMP7"
14.0177745274981,0.03371357535136,0.236932142262942,0.142292113806769,0.886849275415796,0.934082105324316,"FBXO25"
1.39848968833722,0.409812788265902,0.525966437667742,0.779161480498846,0.435884597567933,0.59799225992771,"RP11-91J19.4"
11.3056430148805,0.358050503749633,0.222185920784591,1.61149051427414,0.107072853058981,0.221952888761316,"ERICH1"
4.74433213279292,0.16060278439781,0.308992411380024,0.519762875989492,0.603228857166699,0.740149744529472,"CLN8"
6.99590913836022,-0.468796948486345,0.268509174889248,-1.74592525070963,0.0808239415251031,0.180792585986122,"CTD-2336O2.1"
1.08296776765911,0.169049069225351,0.510962305235478,0.330844501626092,0.740761944530464,0.841669252730785,"KBTBD11-OT1"
10.0011481213529,0.251744819435762,0.286455563010369,0.878826777843547,0.379495204837727,0.545075773646041,"KBTBD11"
0.831623360592919,-1.05850523288562,0.685617280297621,-1.54387187036204,0.122619375893391,0.245691221808529,"MYOM2"
3.11348209942807,-0.236323054995718,0.333626418484183,-0.708346347598735,0.478730201812048,0.63565350185583,"RP11-115C21.2"
2.89498626671186,1.81302494746135,0.4012417564443,4.51853506855294,6.22689609950995e-06,0.000141116174827768,"MCPH1"
12.8511709915449,0.731350040157491,0.181592018814508,4.02743493316491,5.63886652831192e-05,0.00076356721318538,"AGPAT5"
3.52453116770054,-1.34301762084864,0.511760601899654,-2.62430835016091,0.00868251406894478,0.0345772287454126,"DEFB1"
5.16774031610213,3.688667910911,1.12088368666541,3.29085698613801,0.000998826786870818,0.00681086856002797,"DEFA6"
5.67176125207341,5.94688999796444,1.73792225654849,3.42183890882147,0.000621991535608053,0.00469847166896922,"DEFA5"
3.01983375527039,-0.618197289643112,0.36388063566836,-1.69890131281,0.0893377796262115,0.194938373867924,"SGK223"
5.62412928532958,0.165910183650741,0.505572689677358,0.328162867651375,0.742788521893312,0.842649467017796,"CLDN23"
15.5872904449891,1.20844925573268,0.285302133096943,4.23568251178152,2.27858538597008e-05,0.000379531246804219,"MFHAS1"
3.2309183746669,0.592855827039633,0.323590587478583,1.83211703300508,0.0669339862075147,0.157748066452606,"ERI1"
1.53646627559928,0.706235913520763,0.507897417683705,1.39050896683348,0.16437437833625,0.302662893986381,"PPP1R3B"
4.42796127023968,1.14012334277411,0.350842638152867,3.24967155866996,0.0011553836428591,0.00763415023799429,"TNKS"
8.67570486341731,0.119952013487037,0.218319485694525,0.549433382482749,0.582708070110748,0.724848021709688,"MSRA"
7.12018826977413,0.563314617810595,0.264400988169985,2.13053143904453,0.0331277630840364,0.0941306925935728,"PINX1"
4.16160424961891,0.373268021527037,0.375877376269495,0.9930579627634,0.320681708353041,0.486737016451996,"MTMR9"
4.33501905137575,-0.0871272588167514,0.307522193102383,-0.283320231095465,0.776931370197476,0.866459476870064,"NEIL2"
40.2365950038653,0.120582156721415,0.180637154565854,0.667537954809042,0.504428574285465,0.658029347356174,"FDFT1"
1.61831168206337,0.863632268559193,0.559320086492704,1.54407518953006,0.1225701185471,0.245637845990313,"RP11-297N6.4"
36.2425818376839,-0.156430226016618,0.143971566427796,-1.08653555627646,0.277242118854632,0.438196683271912,"CTSB"
1.72638423623681,-0.547394041991032,0.408711089395792,-1.33931781200324,0.180467232528491,0.323839085469169,"FAM86B1"
3.27536984425225,1.09166224980294,0.450560971033359,2.4228957233007,0.0153973457027712,0.0530336740666333,"LONRF1"
2.36953305448811,0.737267300904726,0.413876586102104,1.78136991958961,0.0748520389432276,0.171207485872673,"KIAA1456"
2.17067137089101,-0.688515656575212,0.749067195306392,-0.919164076186232,0.358009758076135,0.524482122313075,"TUSC3"
10.056047069693,1.52969270808515,0.387857260840721,3.94395790030946,8.01477343648948e-05,0.000994747880231723,"ZDHHC2"
24.6439500641878,0.410261581174283,0.163242232698925,2.51320736301706,0.0119638989363,0.0440135306396402,"CNOT7"
6.21919176306143,0.398695456694475,0.267622593303196,1.48976755577128,0.136285364673577,0.26518499619347,"VPS37A"
14.4239590330701,1.21687281759273,0.280716896368684,4.33487557512224,1.45842590217458e-05,0.000270281660368874,"MTUS1"
18.3142236477978,1.41732705576088,0.224506307068509,6.31308346864563,2.7352986958313e-10,6.92443124527075e-08,"PCM1"
33.4936534735611,0.00483800550860885,0.142089927514572,0.0340488984211262,0.972838157983808,0.983891078013052,"ASAH1"
3.95118379387835,0.019316881206073,0.30005826327777,0.0643771012837963,0.948669962726095,0.970382951418046,"NAT1"
4.28106624453743,-0.357062160096971,0.285699867042691,-1.24978063095709,0.211379693431149,0.36143708028278,"NAT2"
5.0674919533302,0.631215825177803,0.319156632169794,1.9777618935457,0.047955574229113,0.123294871242464,"PSD3"
13.9322313869567,0.695953042256967,0.22981196612576,3.02835859241603,0.0024588612336419,0.0135343299530416,"SH2D4A"
14.7991565852563,-0.200270199700915,0.165390349994547,-1.2108941042057,0.225935992510773,0.378768891427446,"INTS10"
6.93136251473431,0.217308713172303,0.274171695508787,0.792600829086452,0.42801042553424,0.590396700279671,"ATP6V1B2"
5.17297091833642,0.941638013959187,0.30076700083443,3.13078898731164,0.00174337377368143,0.0104314265466559,"XPO7"
5.71360288610281,0.337556328277798,0.260626548098272,1.29517246320785,0.195260741852033,0.342795288799399,"DMTN"
2.58723367500031,0.233360614107757,0.354865704043478,0.657602612618675,0.510793515319546,0.662908410178091,"FAM160B2"
2.00328772775928,0.549405224155564,0.436393821980195,1.25896654921136,0.208042414449866,0.357700602587348,"NUDT18"
8.78329170453071,-0.368792082546852,0.251883682939884,-1.46413645474157,0.143156668467352,0.274970183861946,"HR"
13.6053529677432,-0.28643508905083,0.209353882132319,-1.36818618376416,0.171253805170646,0.31189272583485,"REEP4"
5.62686402849204,0.204133126552367,0.347934606424267,0.586699692365322,0.557405414426231,0.702253225135599,"BMP1"
4.24292222092393,0.60015136556575,0.315418153733345,1.90271662699896,0.0570775311726086,0.140590153897602,"POLR3D"
1.43063896492274,-0.434725165061827,0.533848031409536,-0.81432381405249,0.415459470738543,0.579115627290537,"PIWIL2"
9.13472658956347,0.633947623872904,0.258167596161775,2.45556620310961,0.014066284092415,0.0497589072454811,"SLC39A14"
2.62960202732682,-1.04114931559433,0.395240595641913,-2.63421654322575,0.00843316853930686,0.0338198708777225,"PPP3CC"
13.9783556231998,-0.218810593159419,0.255389420084017,-0.856772348233672,0.391570710472434,0.556968947705387,"SORBS3"
1.84782428191245,-0.160357684180114,0.450316965661435,-0.35609958408868,0.721765988690194,0.829107112034642,"PDLIM2"
6.81064314142963,-0.641889286681916,0.230077163965415,-2.78988699103751,0.00527264418866313,0.024020576929749,"CCAR2"
7.20773419624644,-0.0398644945050682,0.237741702449833,-0.167679856307415,0.866835144136034,0.923028727563718,"BIN3"
2.85128893489341,0.852811291832909,0.68755934687456,1.24034571809624,0.214847549227229,0.365712285988669,"EGR3"
6.43187800276471,0.295595713404281,0.319980372480872,0.923793266169636,0.355593961820779,0.52221101086865,"TNFRSF10B"
2.44842173199622,0.149129553041393,0.394713620413508,0.377817094036842,0.705566474142258,0.817153877485861,"TNFRSF10D"
3.36169273124996,1.22227424341913,0.349203067450992,3.50018186363917,0.000464940840571885,0.00380501697709923,"TNFRSF10A"
4.3688449477639,-0.0916602469744229,0.266306252662526,-0.344191118526153,0.730702561119213,0.833903931668206,"CHMP7"
8.08958746361919,-0.334369157568507,0.212176296984854,-1.57590250334313,0.115048273987046,0.234018403352561,"R3HCC1"
4.77589615297059,0.787149010282348,0.31759003309488,2.47850665403969,0.0131933650215781,0.047333975597733,"ENTPD4"
20.7058633383041,0.300622631082858,0.224334661769348,1.34006322835633,0.180224789621805,0.323617925808995,"SLC25A37"
6.17679582891176,0.424720053588425,1.0946366236425,0.388000953389566,0.698015328065545,0.811697875874486,"ADAMDEC1"
8.27537546810849,0.561597776256182,0.319936700125066,1.75534027836334,0.0792011207822811,0.17822713876825,"DOCK5"
6.33877477605444,0.670646440737675,0.327260331401881,2.04927507670984,0.0404352243363381,0.10821255206817,"KCTD9"
3.6916715768087,1.3716623522798,0.383619250936856,3.57558268759973,0.000349448701234754,0.00304331427057692,"CDCA2"
15.2738051775386,0.447829035958182,0.265454856556083,1.68702521313098,0.091598503950161,0.1986738072496,"PPP2R2A"
10.7004994198084,0.0375897805282221,0.192182282655747,0.195594411767686,0.844927634562097,0.91021627287465,"BNIP3L"
3.25629627167377,1.28808218728804,0.451525379589093,2.85273485282322,0.00433447706803057,0.0207458884789828,"DPYSL2"
1.34353132053196,-0.0472529946050074,0.51567581827101,-0.0916331403001215,0.926989520057381,0.957404297462972,"TRIM35"
6.89625944681405,-0.0440765884299696,0.317890164493818,-0.138653514178879,0.889723953481625,0.935976904254385,"PTK2B"
29.7311584236863,-0.335516068427345,0.205439251000194,-1.63316438700913,0.102434427804938,0.215207134154923,"EPHX2"
2.94609903227693,0.353685314902647,0.546484761470476,0.647200690374155,0.517502064571395,0.669074351322195,"CLU"
30.3547873341932,0.330921465378412,0.152718504245657,2.16687209590598,0.0302446081797337,0.0877012630482938,"CCDC25"
10.8326855061334,1.1252841035278,0.280540792079705,4.01112471090511,6.04301769484338e-05,0.000807222289864687,"ESCO2"
16.907169119589,0.0168322951984464,0.228571846486962,0.073641156849151,0.941295921597615,0.966024731482716,"PBK"
4.169181559194,0.620565021278697,0.298853348771307,2.07648675790337,0.0378489546032427,0.103302248552706,"ELP3"
12.4676199023569,-0.08309407897464,0.285475924330347,-0.291072107637648,0.770996171664372,0.862131221609873,"ZNF395"
4.47549904306767,0.559152699483681,0.425877851520666,1.31294148659559,0.189202665907138,0.334921100529995,"FZD3"
1.52664495756957,0.637422455093871,0.448666142108202,1.42070549852221,0.155402393359455,0.291411193371734,"EXTL3"
2.12597670634742,-0.220777034150792,0.413358389283241,-0.534105608775998,0.593268469473176,0.733209503579488,"INTS9"
5.0700071177756,0.33920920725425,0.328333476323564,1.03312403917037,0.301545854882054,0.464512581073741,"HMBOX1"
9.92628574810456,0.826945160262117,0.207523344423531,3.98482957451967,6.75285735719473e-05,0.000874088568523656,"KIF13B"
58.3973680180943,-0.241316892768695,0.161647264320507,-1.49286097592238,0.135473582034516,0.26418443183603,"TMEM66"
22.7057830231981,0.480880183993401,0.23188742969885,2.07376563972405,0.0381010817389384,0.103686187931007,"LEPROTL1"
3.06016543713217,-0.25435742324676,0.488111994227879,-0.521104636342968,0.602293881342199,0.739420252246923,"RP11-51J9.5"
14.3424223612195,-0.456198744463261,0.177600560996331,-2.56867851038311,0.0102087117460576,0.0391478141109412,"DCTN6"
9.75720068247828,-0.0189654741671466,0.188516428983424,-0.100603826782727,0.919864958788663,0.953127893564057,"GTF2E2"
13.768278426206,1.31231049926472,0.240482912044375,5.45698024075226,4.84300223615467e-08,3.35000027290699e-06,"GSR"
9.51731675692334,0.9105816370269,0.317445184150696,2.86846889633277,0.00412463751275842,0.0200328995476549,"PPP2CB"
3.43101414221689,1.3432844684657,0.358151565590882,3.75060336885457,0.000176409560923019,0.00180736587889056,"WRN"
1.47664207138016,0.766597305801398,0.44981104378938,1.70426519398743,0.0883315543806808,0.193481379704355,"FUT10"
3.15637690023206,-0.450680964350017,0.320281228457708,-1.40714136298352,0.159385474954238,0.297052730050287,"TTI2"
4.07160349774058,0.909206561475564,0.317558910448458,2.86311147809262,0.00419502940158589,0.0202944885640867,"MAK16"
2.28390926852633,0.0814277913928186,0.41052981814423,0.19834805608252,0.842772755181865,0.909095770468368,"RP11-150O12.3"
33.632371888259,-0.153501128793612,0.185547358514995,-0.827288138306787,0.408073765304288,0.572790628306135,"ZNF703"
8.99089075372262,0.599761886854229,0.288447580286766,2.07927515376612,0.0375920674647264,0.10283371603701,"ERLIN2"
14.1004258401661,0.291427057165184,0.177574122217331,1.64115724479555,0.10076477831559,0.213107203993634,"PROSC"
3.05186348004894,-0.347983396338389,0.361536309514056,-0.962512995737873,0.3357919783274,0.502023800197627,"BRF2"
64.5447669166678,0.683236440541912,0.285736451049001,2.39114204027384,0.0167960534814148,0.0565246795191091,"RAB11FIP1"
69.754341447378,-0.53154889797917,0.155372017216491,-3.42113662100766,0.000623599972633509,0.00470554661802157,"EIF4EBP1"
6.64316134347956,0.160184014307383,0.253476148608707,0.631949061821436,0.527420162843258,0.678084878474936,"ASH2L"
20.5636066166375,-0.576832285625618,0.163306298742021,-3.53221088267302,0.000412100577895675,0.00349368639808511,"LSM1"
3.70936077332258,0.678900105890733,0.307107578957491,2.21062634857574,0.0270617226005068,0.0805399581916974,"BAG4"
3.26470781372381,-0.321591369165673,0.428335097188492,-0.750793879083305,0.45277671370106,0.612958752280417,"DDHD2"
22.9625287514526,-0.0204134189514284,0.139969184793036,-0.14584223650093,0.884045932447544,0.932925743502121,"PPAPDC1B"
30.1392656697583,0.578779660682174,0.135752586257382,4.2634890180643,2.01259396391952e-05,0.000346932864256604,"WHSC1L1"
15.7989504782694,0.313971529945462,0.193893894109245,1.6192956017922,0.105383676556161,0.219786134808909,"TACC1"
4.11472113191773,0.84428690180313,0.435339036442007,1.93937788970964,0.052455340791962,0.131836380699076,"PLEKHA2"
10.5889948354263,-0.0519424702432986,0.18490125331325,-0.280920054961988,0.778771718157561,0.866987274135429,"TM2D2"
10.1518207441693,0.994486462023746,0.240909030062438,4.12805805480184,3.65839761280714e-05,0.000545744479053373,"ADAM9"
23.8379845439726,0.458938279258606,0.353209423624567,1.29933758434039,0.193828101414824,0.340886345160323,"C8orf4"
10.4819451667614,0.228198050293244,0.194370199309612,1.17403825845621,0.240379701739737,0.396254335290459,"GOLGA7"
6.87276801120744,0.769761731531127,0.260757790593143,2.95201815362893,0.00315704369721674,0.0162439532054707,"GINS4"
8.06016761415653,-0.0283879890471356,0.241674490964536,-0.117463737831153,0.906492578089666,0.944770575628961,"AGPAT6"
8.44537116834261,0.975807761198809,0.276626125047386,3.52753291480208,0.000419451607347476,0.00354218075878195,"KAT6A"
3.77920105354464,0.853238440899591,0.292725399469309,2.91480835775253,0.00355907018564209,0.0178528878596181,"AP3M2"
5.59579669946181,0.499824797106834,0.272731938028728,1.83265957305735,0.0668532128529024,0.157694566691496,"IKBKB"
2.08596401489575,0.931757967484731,0.378324011751552,2.46285707103524,0.013783484988813,0.0489658642389627,"POLB"
66.9810483247954,-0.138750811693286,0.119242840043852,-1.16359868351223,0.244586685179977,0.401119208857527,"VDAC3"
4.30317213736635,0.396775395296264,0.348606580095088,1.13817528971495,0.25504729466088,0.413837385330517,"SLC20A2"
33.7299931240486,-0.162408536550128,0.148265486924996,-1.09539003255887,0.273345798982749,0.433996400139276,"SMIM19"
4.33869654124334,-0.259080087867392,0.301628344042863,-0.858938136896628,0.390374647435308,0.555631542745405,"THAP1"
6.9014470513177,0.267376106595283,0.232739354435665,1.1488220685479,0.250629357528917,0.408499898358703,"RNF170"
3.36767374210747,0.846067571180108,0.346895429284062,2.43897007500577,0.0147291879249504,0.0514337559051323,"HOOK3"
15.0712991721925,-0.120001417553075,0.17457520941279,-0.687390941455651,0.491836404446542,0.645947920218823,"FNTA"
8.30998056585308,-0.158030714528006,0.254351350299167,-0.621308730392552,0.534396510548093,0.684138406760849,"HGSNAT"
6.92286024120633,0.128504922144456,0.231660835428336,0.554711468198126,0.579092030715981,0.72220250959756,"SPIDR"
30.1399312307251,0.601407635214959,0.244140360580625,2.46336834182052,0.0137638434635178,0.04894411919247,"CEBPD"
45.3154628843974,1.58045190666313,0.238027096999419,6.63979826913147,3.14112756535432e-11,1.31202482152877e-08,"PRKDC"
32.133040215018,0.802043930060377,0.175907121283929,4.55947390990392,5.12819271926643e-06,0.000121333710089833,"MCM4"
26.7807201763845,0.252335900989287,0.163409722855581,1.54419147514434,0.122541953432787,0.245626728364722,"UBE2V2"
8.47887861399798,1.41592829433787,0.313653377221786,4.51430909776769,6.35235126267963e-06,0.000141947602289508,"PCMTD1"
0.960031441242785,1.26577651208627,0.708116008017206,1.78752704042177,0.0738523457165827,0.169686752764505,"AC090186.1"
1.67511344794616,-0.10746407977655,0.418815796404783,-0.256590321327533,0.797495047377057,0.879090155756683,"RP11-110G21.1"
9.2675890389192,1.63308825304764,0.261395665753155,6.24757204118993,4.16882021722502e-10,9.23946684878852e-08,"RB1CC1"
8.6192419771947,-0.280030474027276,0.220474555969139,-1.27012603697668,0.204039738403873,0.353183225863254,"ATP6V1H"
33.9656794786417,0.706414841446425,0.206406919812136,3.42243778498016,0.000620622990508072,0.00469356941289531,"TCEA1"
32.5619805754148,0.145392596778173,0.166642164271984,0.872483848330672,0.382944475728552,0.54857894821423,"LYPLA1"
46.895772698511,-0.39253163792731,0.146034277749366,-2.68794178994743,0.00718939283140748,0.0300179954437083,"MRPL15"
6.77674340926627,0.11205587504646,0.228090647444074,0.491277815649742,0.62322996813107,0.753873630419182,"TMEM68"
10.3330297909908,0.726028118956849,0.212483428481272,3.41686937257246,0.000633456663651192,0.004764085434385,"TGS1"
4.24246536911556,1.29213765094448,0.349875733140017,3.69313309999517,0.000221508011006111,0.00214209884196471,"LYN"
832.389781015877,-0.171575773424251,0.203690396399704,-0.842336096629544,0.399599851551274,0.564985599250987,"RPS20"
27.4924041324812,0.0443914619171693,0.155691047780004,0.285125333473866,0.775548121948272,0.865444703453235,"CHCHD7"
1.90139913104365,0.523449294497486,0.540936524763217,0.967672306333195,0.333208053164583,0.499191537780021,"SDR16C5"
9.08632156716171,0.838019538140002,0.334968715591985,2.501784492498,0.0123569117792864,0.0450927627429606,"IMPAD1"
5.09376368939994,0.442643953941884,0.271954495444946,1.62763977560905,0.103601289919856,0.217118874668011,"UBXN2B"
33.6303614559476,0.173366391270608,0.193853647472084,0.894315859058437,0.371152917041992,0.537357776173314,"SDCBP"
4.09049061066009,-0.0192596224492363,0.32837991314313,-0.0586504279902212,0.953230544053798,0.972026639288662,"NSMAF"
3.46309170404299,0.261569725675634,0.52213111580831,0.500965596104531,0.616395335843653,0.749121343141342,"TOX"
2.02483840036414,-0.715563149131612,0.501710354920388,-1.42624751933844,0.153796907418799,0.289400705350649,"RP11-25K19.1"
1.99518451133953,0.621088835880179,0.447506588313775,1.3878875799806,0.165171280393564,0.30361545448106,"CA8"
63.5118315905465,0.370837764652173,0.133326548605371,2.78142476896934,0.00541208727709451,0.0244970406353172,"RAB2A"
9.3082878063536,0.929665946979673,0.221761289180429,4.19219220097191,2.76271777679333e-05,0.000436742372565102,"CHD7"
0.503497149095864,2.09762403053548,0.870081411538554,2.410836506467,0.0159159813468855,0.0542692487997415,"AC022182.3"
18.9672788144826,0.860360370377916,0.199431687257219,4.3140605297505,1.60283030683286e-05,0.000290112285536748,"ASPH"
80.0146849272382,-0.830200264779979,0.161092959212627,-5.15354779524656,2.55603888642918e-07,1.27332946360646e-05,"GGH"
3.51928718944886,0.412342846781632,0.325485053149707,1.2668564740267,0.205206614538338,0.354355833023749,"TTPA"
2.68272032159326,-0.326516791355748,0.357712814770292,-0.912790310756476,0.361352835207216,0.527685245625828,"YTHDF3-AS1"
11.3965189091589,0.989333290008863,0.369891960961936,2.67465474901378,0.00748062431993978,0.0310311612355027,"YTHDF3"
9.18809974609698,0.918352993597044,0.248590321281905,3.69424275595838,0.000220543033661878,0.00213466786592513,"ARMC1"
5.22132705209054,-0.000268679451874869,0.272555725812482,-0.000985778049879312,0.99921346304101,0.999397514148588,"MTFR1"
3.12127888300028,0.741794120875456,0.331938619325718,2.23473280205327,0.0254348957711199,0.0768353179622704,"PDE7A"
9.38560392415242,0.104820075933457,0.246923687442864,0.424503930825636,0.671198339210621,0.791359674717983,"RRS1"
4.02019594564234,1.574089688715,0.362682262251221,4.3401341960988,1.42395728917101e-05,0.000265251735169762,"VCPIP1"
1.51676050762524,-0.186524559410369,0.472956152258662,-0.394380236983064,0.693300332517124,0.807945231369886,"C8orf44"
5.09544805972858,0.234648967631927,0.273129366297614,0.85911292078437,0.390278219446385,0.555567107509206,"SGK3"
30.1577250052524,-0.374211102939015,0.147800771353633,-2.53186163720124,0.0113458752202436,0.0423860353945116,"COPS5"
5.32509088090774,0.958316240428944,0.289274061183705,3.31283156363045,0.00092356582582014,0.00640889767949312,"CSPP1"
11.8154040306141,1.12970973891321,0.309858134226318,3.64589344002207,0.000266464385218284,0.00245653923893936,"ARFGEF1"
2.41063377195385,-0.538432192110927,0.553972362273326,-0.971947751872265,0.331076542048382,0.496752037392294,"CPA6"
5.94082494727082,1.17614093960963,0.428234853894139,2.74648578674631,0.0060237496030866,0.0264957151435887,"NCOA2"
0.48423073893263,0.610161186445774,1.22058490361728,0.499892456999528,0.617150803810975,0.749357975110374,"RP11-333A23.4"
17.88350940683,0.900430538701454,0.259368360790851,3.47162828941785,0.000517312088135234,0.00409475894835907,"TRAM1"
14.8805850547654,0.0307659543733674,0.182030607209261,0.169015281798182,0.865784621190136,0.922620055551455,"LACTB2"
13.1787524716812,0.0869641045484845,0.163987897433565,0.530308064860186,0.595898355943047,0.735142127177268,"TERF1"
1687.49526654755,-0.87689216722098,0.180555957015755,-4.85662274296751,1.19404776465366e-06,3.91086972331767e-05,"RPL7"
7.93720377573999,0.842492525255658,0.317980776842609,2.6495077269173,0.00806091289196225,0.0326647440323545,"RDH10"
6.10980448870512,0.533159783631962,0.266290483529153,2.00217362846012,0.0452660609172798,0.1181137485732,"STAU2"
4.66454424725732,1.40411348708493,0.337802474027029,4.15661102284462,3.23003240669147e-05,0.000494755316455139,"UBE2W"
48.1478742597289,-0.056562917413651,0.128805145142379,-0.439135543468604,0.6605633260589,0.783499095784148,"TCEB1"
19.5108982479996,-0.357861473479443,0.159792692141481,-2.2395359179667,0.0251210669883234,0.0760353365365642,"TMEM70"
2.68619520928554,1.20132591682979,0.471854883975017,2.54596478203116,0.0108976182211398,0.0411629813247318,"JPH1"
0.982874591288134,-0.0123199055728872,0.630341619245927,-0.0195448074452475,0.98440649268722,0.990150459440883,"CASC9"
9.48047787284939,0.834649402554512,0.336132486814325,2.48309650300347,0.0130245797486323,0.0469072010976739,"HNF4G"
15.561368529551,0.0578785649783928,0.204960186575093,0.282389306652916,0.777645013542437,0.866579159043062,"PEX2"
0.606309193264422,1.01832321940163,0.741908219159538,1.37257303949971,0.169885118085335,0.30994305460522,"PKIA"
2.78072631291647,1.02227824638799,0.344618362226939,2.96640678048025,0.00301301685034953,0.0156861759323087,"ZC2HC1A"
1.49091181321511,0.782537752062244,0.496181547964742,1.57711981687366,0.114767958220434,0.233579465193762,"IL7"
33.5007462506135,-0.609434462241136,0.155738951269574,-3.91317944080826,9.10887948498949e-05,0.00109427468149321,"MRPS28"
68.6615088481855,0.37590391106631,0.164737230744272,2.28183944435633,0.0224988210719715,0.0702522130079386,"TPD52"
10.0530180977577,1.23839148014474,0.432152117550179,2.86563788502307,0.00416169990487765,0.0201858244604606,"ZBTB10"
12.7843750774555,1.35689489933359,0.274933700117628,4.93535313696743,8.00058652493754e-07,2.92546699194686e-05,"ZNF704"
4.73372223624931,1.10225671985742,0.423037547807676,2.60557656304905,0.0091719772170183,0.0359984360595659,"PAG1"
390.108512215125,-0.085935537609498,0.143697970976696,-0.598028886736573,0.549820658628018,0.697206228133227,"FABP5"
9.80943116609407,1.15679784510692,0.308705746544481,3.7472507656745,0.000178783332505032,0.00182308637653018,"IMPA1"
13.7010893689653,0.0258283200739449,0.181186752963949,0.142550819259309,0.886644941218958,0.934082105324316,"ZFAND1"
8.54345247502862,0.0345333834141553,0.239979800138963,0.143901209160764,0.885578480854615,0.933726437095254,"CHMP4C"
2.51049153512501,0.360390603478052,0.421454714144137,0.855111098258589,0.392489646119403,0.558056763139135,"SNX16"
17.1102501200908,0.701158105420097,0.219695432162385,3.19150060845073,0.00141535812898732,0.00886946871367704,"LRRCC1"
43.2946638972979,1.24445569504302,0.260875312367561,4.7703084042297,1.83944073465487e-06,5.42834955933475e-05,"C8orf59"
1.74520952995281,0.276872795883382,0.414205331730521,0.668443341196568,0.503850637395582,0.657713305568824,"CA13"
15.9300523842468,-0.637360072767826,0.389062220492656,-1.63819574144403,0.101380867708141,0.213744170706738,"CA1"
1.43083146318726,-0.950701892503898,0.471063941426298,-2.01820137118825,0.0435702934116488,0.114847909332647,"RP11-317J10.2"
124.097920217263,-0.676787498399688,0.269430052514929,-2.51192282405909,0.0120075344993158,0.0441591008000573,"CA2"
7.60740803238191,1.22789548388616,0.299809085038253,4.09559131181596,4.21092211621362e-05,0.000607312273334395,"WWP1"
14.0532476338464,0.328132690387928,0.167555458122447,1.95835273923535,0.0501886363053884,0.127735783987935,"RMDN1"
26.4586165569557,0.650565074024781,0.203587246840206,3.19550995517614,0.00139583967431398,0.00878172352527066,"CPNE3"
3.91828239506571,0.852444839964717,0.339006173041354,2.51454075988383,0.0119187524414505,0.0438920486653621,"RIPK2"
2.92575333805664,0.833593374695589,0.362479996123264,2.2996948345037,0.0214655149809267,0.0678450211562466,"OSGIN2"
9.51551644950756,0.886386118564858,0.237015038580104,3.73978851247149,0.00018417514653878,0.00186414289262644,"NBN"
68.3612250237133,-0.320317224239293,0.131807457978426,-2.43019043954038,0.0150908911750639,0.0522284432111566,"DECR1"
4.09000709233857,0.659599796776904,0.404603078885284,1.63023919292497,0.103050953490589,0.216257653122279,"TMEM64"
17.8619738699517,0.665199315082993,0.19647201932578,3.38572035532445,0.000709916872449304,0.00522701368976424,"GS1-251I9.4"
3.05001393262264,1.11093807003386,0.429108548168528,2.58894416057531,0.00962707040588579,0.0373793294987199,"OTUD6B"
1.66710507202332,-1.4753768727842,0.572911702330231,-2.57522558325014,0.0100174728620311,0.0386190114595876,"LRRC69"
7.71558941576301,0.865779383092382,0.24399447384329,3.54835652404343,0.000387643125389178,0.00331480656828856,"TRIQK"
2.81306880768909,-0.143838339913144,0.372006284986513,-0.386655671471676,0.699011137438754,0.812420906740676,"FAM92A1"
3.65683588800864,1.48319797286917,0.376520597513403,3.93922134051743,8.17464878224775e-05,0.00100637195834319,"RBM12B"
2.14816219581763,1.04861358541684,0.45305061306876,2.31456167405668,0.0206369323691315,0.0658393318239623,"PDP1"
63.9495169142521,0.258430285553146,0.172647979284124,1.49686249804205,0.134429040064255,0.262599864767286,"CDH17"
3.22017788138965,0.548871134087206,0.45293666883152,1.21180547272354,0.225586852910111,0.37824196736202,"RAD54B"
6.3957347500187,0.392296360406745,0.265998976816413,1.47480402030832,0.140265240063661,0.270757288853778,"KIAA1429"
2.89231719523468,-0.297367628382842,0.33901591838133,-0.877149455997989,0.38040546523973,0.546094296431391,"RP11-22C11.2"
25.3195790390742,0.931220082933102,0.265414016786296,3.508556534461,0.000450545466330732,0.00372652228815823,"ESRP1"
7.85563544388545,0.519721320040863,0.384118061515982,1.35302494756352,0.176047660547067,0.31811607213663,"DPY19L4"
5.95158141608858,0.544914047559718,0.255941786754037,2.12905463570662,0.0332497403766924,0.0943292007551931,"INTS8"
5.45980459035974,0.848887712312776,0.312721718142956,2.71451473646842,0.00663729472722244,0.0284231154328217,"CCNE2"
13.6417040402016,-0.385469387648493,0.184372002331903,-2.09071541651198,0.036553582190918,0.101010662237499,"NDUFAF6"
1.69525907218511,1.57620046004643,0.760079109095256,2.07373211707217,0.0381041966880893,0.103686187931007,"TP53INP1"
6.2143264582995,0.568948584980284,0.253408389008083,2.24518449135532,0.0247562912849176,0.0751616783209967,"PLEKHF2"
277.89359721353,0.630044695651206,0.268645248538475,2.34526647718086,0.0190134850036225,0.06208251567629,"UQCRB"
5.36932253937158,-0.328816975410841,0.251194531771008,-1.30901326988517,0.190529855775395,0.336557292407415,"MTERFD1"
13.0299070709332,-0.413932880133881,0.183844846832967,-2.25153376482704,0.0243517508291334,0.0743073936511348,"PTDSS1"
4.12159519269279,0.878899932108487,0.43529705864855,2.01908079700141,0.0434788224061095,0.114703564780178,"CPQ"
77.3032163944201,0.556435542310237,0.111926842053379,4.97142179750649,6.64636730427032e-07,2.54153341283013e-05,"MTDH"
27.8813664804814,0.0639017711004786,0.160578946364692,0.397946135201004,0.690669891439226,0.806437482101924,"LAPTM4B"
4.56956283911452,0.0249162002073688,0.371094504541869,0.0671424661438434,0.946468287056573,0.968952262201582,"MATN2"
1385.96999324545,0.480509216474582,0.111455300679886,4.31122803081989,1.6235037303591e-05,0.000292392214124375,"RPL30"
0.927878542500576,0.0459053298443354,0.616754889090869,0.0744304271539743,0.940667898574924,0.965836567885381,"C8orf47"
12.6565226422788,-0.212007156540015,0.225827253808461,-0.938802349869747,0.34783223221966,0.514257457106525,"HRSP12"
3.11001461735574,0.419125570746121,0.327345026804907,1.28037861102412,0.200412012620566,0.348514724909423,"POP1"
6.32785956591177,0.797343019828465,0.280674277862374,2.84081258140596,0.00449987493732646,0.0213213969543479,"NIPAL2"
3.51688361730977,0.857704352972466,0.387420925960438,2.21388235766091,0.0268368726656603,0.0800902547812781,"STK3"
2.64083600877214,0.142422071827829,0.370284113273764,0.384629171823343,0.700512177822058,0.81355601017512,"VPS13B"
615.442864205465,-0.447202793034009,0.156665005615551,-2.85451617785931,0.00431024363840206,0.0206572135538598,"COX6C"
37.0105833876848,0.286189991461377,0.262884226345557,1.08865410237731,0.276306448942709,0.437178508668082,"POLR2K"
8.88569417316232,1.08730234574248,0.277645543792574,3.91615269919403,8.9973272875395e-05,0.00108327022552859,"SPAG1"
8.49193529364896,1.634941453496,0.387886225270138,4.21500261412318,2.4977529600637e-05,0.000403654719438866,"RNF19A"
2.89642152595086,0.157627530824633,0.322551354768685,0.488689718688902,0.625061383751178,0.755609210455642,"ANKRD46"
382.08947837985,-0.0205121546239407,0.139884764934476,-0.146636087450615,0.883419267892063,0.932626144022374,"PABPC1"
119.311355706974,0.731625538053835,0.308632729520345,2.37053775596281,0.0177622296847026,0.0588103092609359,"YWHAZ"
67.5214517296344,-0.303275420714399,0.127743117730728,-2.37410379597653,0.0175916045105344,0.0583521151449004,"ZNF706"
4.44295818981378,0.899111721402322,0.377003032481726,2.38489254445428,0.017084110682818,0.0572793494379602,"GRHL2"
5.39665370304512,0.309041498294035,0.366784217215759,0.842570328243547,0.399468791533611,0.564873838027997,"RRM2B"
3.14035022818855,-0.0976463742817193,0.328223027894059,-0.297500071546585,0.766084753378083,0.859471117942767,"KB-431C1.4"
5.95561880678735,0.867438222422559,0.335928425862873,2.58221143445792,0.00981694209464746,0.0379695595320979,"UBR5"
14.2128142303738,0.597090796323739,0.265916856041083,2.2454040906361,0.0247422030525735,0.075139911954963,"KLF10"
1.88655213489748,0.283772267483316,0.427354069458521,0.664021446766307,0.506676584597927,0.659773106562768,"KB-1732A1.1"
18.6858124638742,0.698687883118641,0.261661720929003,2.67019524536498,0.00758071522295256,0.0313625018366723,"AZIN1"
6.17648000466407,0.117771833903188,0.243585310262119,0.483493170324826,0.628745607938579,0.758096736117794,"ATP6V1C1"
3.21276505655024,0.404153228595265,0.430521536776675,0.938752638535044,0.347857760580528,0.514257457106525,"FZD6"
2.95318478343436,1.10193284755407,0.343607242794243,3.20695465727982,0.00134148138160724,0.00852955960436455,"SLC25A32"
20.4292670671172,-0.0606565569816898,0.157624425818642,-0.384816989287431,0.70037301101322,0.813481379636746,"DCAF13"
2.33139272531047,0.406730699455175,0.489290950191033,0.831265526771701,0.405823644628771,0.57081269015263,"LRP12"
0.996436348914129,-0.118160610371247,0.619141817786527,-0.190845791669636,0.848646411407393,0.912593593730441,"RP11-395G23.3"
8.65399287101322,0.966965774553406,0.331917408934835,2.91327224340694,0.00357662635295289,0.0179061038472051,"OXR1"
136.556202641536,0.0982202396314618,0.221951336024917,0.442530517682647,0.65810535178277,0.78174997660305,"EIF3E"
12.3124588811705,0.201034195683113,0.200133686396908,1.00449953879538,0.3151378934246,0.48060630846667,"EMC2"
8.70433318964497,0.394484871791248,0.376528121028224,1.04769033110724,0.294781303744742,0.457266813122111,"NUDCD1"
80.0679483442411,0.0283448771364586,0.11234922321928,0.252292595571719,0.800814910946285,0.881129917929973,"ENY2"
18.0180455983947,-0.022012424519706,0.166229159081316,-0.132422161318509,0.894650386833589,0.938643918559828,"EBAG9"
5.75639797759971,-0.262830688262177,0.345714416947848,-0.760253768363458,0.447102910780937,0.60827678653081,"SYBU"
117.280614653935,-0.517397650931331,0.122692783896664,-4.21701777805531,2.4755446507581e-05,0.000401859714607368,"EIF3H"
7.11735541108451,0.485397307670143,0.255385383489688,1.90064639188618,0.0573483446459843,0.141001363562461,"UTP23"
39.7684406019207,0.80695932250509,0.229171922540015,3.52119628600746,0.000429604483266025,0.00360270632298767,"RAD21"
17.0766786037738,-0.854292908209859,0.199851776672749,-4.2746325423403,1.91452785741176e-05,0.000334811151875872,"MED30"
9.06046668594172,1.25182016457436,0.298761205395216,4.19003586131067,2.78910371154663e-05,0.000439617798365696,"EXT1"
4.67583115323398,1.41966647482087,0.399587196599665,3.55283274064256,0.000381106698459579,0.00326920911948739,"SAMD12"
0.909349510609228,0.706179585801431,0.672828358450668,1.04956870044473,0.293916453783145,0.45670806811918,"AC023590.1"
37.0174624740738,0.775046004073781,0.258217779930335,3.00152067097348,0.0026863480004129,0.0143925699479448,"MAL2"
2.46938460040966,0.582293280388975,0.532189249862635,1.09414701732377,0.2738905043003,0.434607083094865,"NOV"
5.84937535589819,0.762167518297825,0.316278938292438,2.40979536105913,0.0159614705113574,0.0544072723645139,"TAF2"
7.69246765737042,0.292007801798768,0.248656045469479,1.17434426839468,0.240257158534043,0.396232762593729,"DSCC1"
5.61121577558096,-0.0626129619318738,0.265130161861935,-0.236159332050946,0.813309035352463,0.890466390153014,"DEPTOR"
53.4366918271201,0.228651930361911,0.173047817330569,1.3213222442738,0.186393940052869,0.331679205140776,"MRPL13"
1.9130661334388,0.734639775500729,0.441227098742015,1.66499242135233,0.0959142678294519,0.205619359663018,"SNTB1"
2.24226510911243,0.425724493477316,0.512386377703737,0.830866143212479,0.406049251886682,0.570915199753628,"HAS2"
2.2036321255654,-0.236722845764313,0.499358336917721,-0.474054057504035,0.63546135914857,0.763904179804458,"HAS2-AS1"
14.486067970464,0.478933673356468,0.175057585354694,2.73586358675103,0.00622168117389527,0.0270486219169346,"DERL1"
1.82395478333768,0.242093458793034,0.439637089316389,0.550666594507473,0.58186224843262,0.724160442124485,"TBC1D31"
5.93479696278014,0.109268078714576,0.232590662698583,0.469787038941363,0.638507175345564,0.765870104291233,"C8orf76"
8.67470477468893,1.08920108456704,0.234476685989426,4.64524257484668,3.39677092817494e-06,8.88889934457345e-05,"ZHX1"
19.1042765643303,1.543757964627,0.270135242952066,5.71475956915748,1.09859239269045e-08,1.0748390436593e-06,"ATAD2"
4.6722254274956,0.144571151548194,0.288936991073487,0.50035528857371,0.616824930100921,0.749240954812296,"WDYHV1"
3.8535662588111,0.593195837889418,0.35668226080867,1.66309318704139,0.096293783457199,0.206262423736722,"FBXO32"
7.52664476389267,-0.253830411954455,0.358957003890159,-0.707133192007941,0.479483710837472,0.636109589505857,"ANXA13"
6.39673573668186,1.27112868089243,0.364684870432861,3.48555364905507,0.000491119730859064,0.00393620684658999,"FAM91A1"
1.66743102521771,0.985486025023554,0.574958916675926,1.71401120400229,0.0865266682017818,0.190604384720355,"TMEM65"
2.18190307903345,0.441204814638888,0.360844317167659,1.2227012970635,0.221442536912141,0.373700002984765,"TRMT12"
5.25211552951383,0.40325486155748,0.427911480589356,0.942379159825494,0.345998553036382,0.51255548847021,"RNF139"
18.9488031213029,-0.00889146166852762,0.238234565352199,-0.0373222989509635,0.970228025885497,0.982257514786659,"TATDN1"
227.115907608787,-0.605911171712539,0.115374062317208,-5.25171047584902,1.50693203451046e-07,8.65887930940932e-06,"NDUFB9"
6.49737941708152,0.388931543541623,0.267854353380923,1.45202621735445,0.146494315563993,0.279371677606767,"MTSS1"
11.4249783028388,0.828025152479684,0.347210909116528,2.38479013976427,0.0170888666831483,0.0572793494379602,"SQLE"
5.40625009706806,0.411648383449813,0.239776169630363,1.71680273350103,0.0860152213487103,0.189785717969727,"KIAA0196"
10.5612029272115,-0.422502119149022,0.192489193590164,-2.19493942111155,0.0281679435381219,0.0830583401639979,"NSMCE2"
21.3878880547588,0.401768244620359,0.47910833553772,0.838574941864536,0.401707877126289,0.566638205687947,"TRIB1"
7.15741725938061,0.144245673794222,0.379135608318767,0.380459314897545,0.703604491904699,0.815751551412942,"FAM84B"
1.57388659085344,0.209878526212736,0.763445487155062,0.274909642854576,0.783385658561264,0.86947115945245,"CASC8"
30.5386593314689,-0.305228676398448,0.196286446780043,-1.55501656586858,0.119942124016339,0.241754169787944,"MYC"
11.2053178852109,0.171244828821803,0.201639826928288,0.8492609393218,0.395736110694506,0.561259660535282,"FAM49B"
1.82991865297824,0.92891275390745,0.425407844880181,2.18358162663663,0.0289930048805833,0.0849376943628635,"ASAP1"
6.79238042898551,1.04609497396386,0.382104348417828,2.73772067314964,0.00618665981656356,0.026928707658469,"EFR3A"
9.15112422499082,0.994390089084799,0.258555064419726,3.84595092467635,0.000120085798309505,0.00134446574189816,"PHF20L1"
26.8784593415006,-0.0610582832866316,0.21415040412899,-0.285118692794314,0.775553209392899,0.865444703453235,"NDRG1"
5.27012621674668,0.917195525227977,0.3127046894486,2.93310447900635,0.00335590939503639,0.0170779703772379,"KHDRBS3"
4.03976148553482,0.340079321679067,0.293957363328767,1.15690016343873,0.247313151955841,0.404321297278221,"TRAPPC9"
10.8309236043116,0.889605651380564,0.205831646309598,4.32200619938918,1.54616843437134e-05,0.000283389859779603,"CHRAC1"
10.0213173888708,0.577196769116866,0.337657354804711,1.70941565733315,0.0873739826790607,0.191848251495067,"CASC7"
3.43179828497175,1.68478769293161,0.341040980700166,4.94013267693723,7.80694312035041e-07,2.87401363684764e-05,"AGO2"
8.63549508600573,1.14503245104146,0.22011283239135,5.20202497329029,1.97128728285234e-07,1.07578793426012e-05,"PTK2"
1.48652939513949,0.602448238134306,0.456767759690875,1.31893774320242,0.187189926699556,0.332488510833051,"DENND3"
1.7829503292806,0.595577778345617,0.43058845173741,1.38317174077122,0.16661221245209,0.305385422317249,"SLC45A4"
13.4148056128362,0.107914502154426,0.20197091246193,0.5343071476927,0.593129047806184,0.733141527336121,"THEM6"
3.97717686846228,0.495284249200904,0.544500672876948,0.909611822119518,0.363027261670386,0.529404600743977,"LY6E"
5.4150877580839,-0.357427766999994,0.268461085432287,-1.33139507509794,0.183059049064141,0.327192441217342,"GLI4"
5.92633441392088,-0.0974759442566103,0.259007394698006,-0.376344252141002,0.706660984881273,0.817810986339581,"RP13-582O9.5"
8.30648760218914,-0.227306638645682,0.258069623465099,-0.880795792986551,0.378428357215891,0.544191202246368,"TOP1MT"
2.38751744790101,-0.40958434299717,0.351047186798415,-1.16675010767817,0.243311300840253,0.39990049151084,"RHPN1"
2.32234244981954,-0.0682597573629129,0.370878407946957,-0.184048884756525,0.853975105411363,0.9155152660185,"ZC3H3"
44.016736029125,0.214530900163989,0.177229665039776,1.21046834973051,0.226099228504009,0.378984044073706,"GSDMD"
1.99168962293439,0.331141191515937,0.419877131331187,0.788662127099136,0.430309509027051,0.592364211944958,"MROH6"
50.9383425943575,-0.18148633674949,0.169799817937341,-1.06882527292498,0.28514840904797,0.446791476303701,"NAPRT1"
408.930804276518,-0.503583284155174,0.228064091629834,-2.20807791597693,0.0272388421733845,0.0809652359899324,"EEF1D"
2.53813091893074,0.823469019863394,0.419058568484083,1.96504517934626,0.0494090086927523,0.126284263215648,"TIGD5"
3.20909217245317,0.293818096756826,0.340610439002091,0.86262211345502,0.388345268010607,0.553670636678938,"PYCRL"
39.9417544603671,0.306822589972194,0.173351434493567,1.76994549176101,0.076736221493568,0.174196355648024,"TSTA3"
8.74108019691873,-0.0174521879507361,0.258793195232887,-0.0674368116017539,0.946233964456091,0.968803700763,"FAM83H"
1.01188337196519,-0.150236411608055,0.588817238408263,-0.255149479003341,0.798607649752328,0.879783615083857,"FAM83H-AS1"
7.6415579989856,0.275559498765885,0.234241243251077,1.17639188958078,0.239438311205225,0.395362636413067,"SCRIB"
41.8601619627081,-0.145360922996628,0.137675935820773,-1.05581939305543,0.291050736381674,0.453422894434799,"PUF60"
4.55152414206296,0.318203610620097,0.352794449274558,0.901951862548889,0.367082439500643,0.533384238632761,"NRBP2"
14.4889829085275,0.674642580512987,0.518061006809229,1.30224543373406,0.192832498335769,0.339740579481903,"EPPK1"
12.2148196693392,0.743516333484382,0.253503064136628,2.93296783617439,0.00335738671344453,0.0170779703772379,"PLEC"
5.52575246519699,0.137937779048453,0.316351345530753,0.436027160930925,0.662817023351014,0.785314518174996,"PARP10"
7.73283756382044,0.465156620588305,0.252825525825462,1.83983250532,0.065792831609045,0.155700621328008,"GRINA"
7.34005058478883,0.0842036127039627,0.333011281264976,0.2528551356702,0.800380159589556,0.880845625966446,"OPLAH"
21.2891594461909,-0.457193457384547,0.191088274166398,-2.39257724933152,0.0167305057517331,0.0563564802927488,"EXOSC4"
39.2492661223114,-0.0302709140986119,0.171628827790804,-0.17637429846872,0.859999894978784,0.919077375842074,"GPAA1"
269.749259975313,-0.759273023915132,0.130058643600585,-5.8379282060398,5.28539217310186e-09,6.13732328281281e-07,"CYC1"
18.4465580230164,-0.425397730585968,0.19788942844808,-2.14967385535494,0.0315810218973354,0.0906129188388539,"SHARPIN"
29.4229726521421,-0.195592507510599,0.159100625443335,-1.22936353622482,0.218935535272985,0.370579786948975,"MAF1"
10.6802215245091,0.0240522029613329,0.243979661626151,0.0985828195720182,0.921469511559266,0.953971296047057,"MROH1"
13.8283567538202,-0.149473292251203,0.224488002552399,-0.665840893730229,0.505512803316897,0.659047904444357,"HSF1"
1.23778260976809,-0.276238430549634,0.507241689861535,-0.544589366510944,0.586035969740647,0.727936707238182,"GS1-393G12.12"
25.1460097824666,0.616471402743413,0.191690862503083,3.21596655517942,0.00130005982142591,0.00833942685214728,"DGAT1"
17.7724248245501,-0.179771576946561,0.169656733364419,-1.05961946444186,0.289317754811051,0.451630130407937,"SLC52A2"
8.55157827073369,0.339885855585801,0.228958793236592,1.48448483144556,0.137680344332441,0.267123618622147,"FBXL6"
8.45869696358191,-0.427986281562859,0.208735332086831,-2.0503777548538,0.0403275822381578,0.10805762228137,"ADCK5"
11.8528459813133,-0.104711652256602,0.251858104930532,-0.415756531978527,0.677588169426735,0.79586929699052,"CPSF1"
51.6650806558219,-0.4017527472033,0.144565873860738,-2.77902894005478,0.00545216674286738,0.0246402541937327,"SLC39A4"
71.908618756397,0.035095440217522,0.145642094237071,0.240970444714939,0.809578023334842,0.88790318455023,"VPS28"
6.34413496507718,-0.298879587046855,0.243372005389229,-1.22807710183779,0.219418025902833,0.371079392619495,"TONSL"
19.7668962959461,-0.411376681736361,0.175120012079016,-2.34911291321031,0.0188181992309877,0.0616479670102629,"CYHR1"
5.70326573486646,0.634725933694825,0.308217131897486,2.05934670077307,0.0394610377095588,0.106286425973663,"KIFC2"
30.1158297053892,-0.380673174913131,0.166356246759688,-2.28830105468199,0.0221199951423447,0.0694651666876704,"PPP1R16A"
20.4117070735242,-0.133510086697836,0.252705574597982,-0.528322681089372,0.597275391963396,0.735837862362165,"GPT"
10.6723561067907,-0.125041855383345,0.235384348095476,-0.531224171849463,0.595263444553957,0.734525736604474,"MFSD3"
6.70371947619888,-0.0202969679027417,0.246372801966479,-0.0823831516333662,0.934342033552052,0.962836390015256,"RECQL4"
7.56924690348678,0.129893613206794,0.301684999458082,0.430560397235934,0.666788042131319,0.787870540479396,"LRRC14"
17.2459953925484,-0.0876079231845905,0.144427361401946,-0.606588130768207,0.544124279088412,0.692294484589737,"C8orf82"
1.26322208420562,0.655035316192591,0.516574630431035,1.26803617058396,0.204785033878858,0.353981505120553,"ARHGAP39"
2525.01489600772,-0.520556431220291,0.131435852789729,-3.9605360346623,7.47817066615461e-05,0.000949858870578235,"RPL8"
3.91446551519252,-0.610107119228895,0.356481224018777,-1.71147055755385,0.0869942818139647,0.191323997671052,"ZNF7"
11.0911417476787,-0.429932728428273,0.225247005405511,-1.90871673367763,0.0562986433060921,0.139228064180755,"COMMD5"
1.70384999598049,-1.10036201249212,0.408023352461842,-2.69681136104832,0.00700069158861402,0.0294879154233899,"ZNF250"
1.48082031005947,-0.490599776592671,0.474193335318141,-1.03459863319994,0.30085639258162,0.463973363169041,"ZNF16"
16.5695860529637,0.794691743994996,0.186905004671302,4.25184839428226,2.12013370220495e-05,0.00036032319258131,"C8orf33"
10.1116148709148,-1.21815349303252,0.290030845150119,-4.20008255467453,2.6681767667275e-05,0.000424251825573363,"CBWD1"
9.38951787852641,-0.0658822046592512,0.282001912801505,-0.233623254554391,0.815277472750443,0.891379660882633,"KANK1"
2.87923170131962,0.200753459158959,0.372655448250492,0.538710651089196,0.590086523231497,0.731044905577693,"DMRT2"
13.1005336895523,0.704152432304351,0.280808108550553,2.50759294643938,0.0121556607599685,0.0444929140051425,"SMARCA2"
17.5224744409619,0.813161149139161,0.207824502955754,3.91272991189246,9.12585839497691e-05,0.00109510300739723,"KIAA0020"
1.72386575310164,0.83980827012226,0.503381354415563,1.66833408261078,0.0952494256942189,0.204671302540407,"RFX3"
2.26664327167129,0.334471696286545,0.45289056568066,0.738526526344966,0.460194553851668,0.619756058386547,"GLIS3"
1.06269031949776,0.995450399623266,0.591557562232076,1.68276168403158,0.0924212351992059,0.200098607309285,"SLC1A1"
2.16408870913252,0.974092142615386,0.403137763899041,2.41627609677205,0.0156801665798967,0.0537690587488723,"PPAPDC2"
4.80797991821991,0.224952338508691,0.29921262981694,0.751814315613341,0.452162731775534,0.612662166822495,"CDC37L1"
35.1858170592858,0.12144739270185,0.175589679047852,0.691654505893553,0.4891543234358,0.643904963940944,"AK3"
4.51697192326129,-0.0491083488722241,0.281568272077153,-0.174410094255108,0.861543181833465,0.919905511229125,"RCL1"
37.1797933716155,-0.26347166307667,0.189133699936094,-1.39304451383172,0.163606330266474,0.301948545041437,"PLGRKT"
1.03380768881814,0.797005553219769,0.603491682260383,1.32065706396247,0.186615736482316,0.331856377631889,"KIAA1432"
6.73802897833103,0.312940406541558,0.263551863719199,1.18739591564786,0.235071490298314,0.390228735041224,"ERMP1"
7.24957390939135,1.24712242455724,0.320752240064087,3.88811758355316,0.000101024685858742,0.00118225009528657,"KIAA2026"
1.64275642204297,1.30151745867551,0.483013171186401,2.69457964361233,0.00704774811395537,0.0296201797668558,"RANBP6"
6.19504389278845,0.942337682604186,0.337954109505913,2.78835988703283,0.00529756573989275,0.0240919446964972,"UHRF2"
4.0359590196299,0.511093062349176,0.416220252139601,1.22793895713117,0.219469883866945,0.371079392619495,"RP11-390F4.3"
4.66242174822144,0.581109926927233,0.318471582494876,1.82468376730782,0.0680487642506534,0.159441117532275,"KDM4C"
114.203442381058,-0.683652039517454,0.140231013987187,-4.87518431250823,1.08706909804276e-06,3.67774778963998e-05,"TMEM261"
5.08346135862492,0.909007643226298,0.372783539333149,2.43843289017635,0.0147510973841481,0.0514606224194823,"PTPRD"
1.59023650126019,-0.433813153057761,0.548237776546246,-0.791286503076585,0.428776822684719,0.591153522198305,"RP11-75C9.1"
9.43016872749781,-0.435554676728273,0.275895474992334,-1.57869452820991,0.114406140505682,0.233017758044205,"LURAP1L"
25.8656856163299,1.15482793982125,0.315406435598816,3.66139624776123,0.00025084444346064,0.00236063315076477,"NFIB"
4.72562903413756,1.21166532685616,0.295124288561534,4.10561032696408,4.03248762823954e-05,0.000585679369263901,"ZDHHC21"
4.63192428239053,1.52882472809404,0.301744923255315,5.06661292458749,4.04956558137383e-07,1.7950319270906e-05,"TTC39B"
5.66629833217873,0.563810979939356,0.285313454916269,1.97611073093211,0.0481422373163707,0.123599219209406,"SNAPC3"
32.8894291128993,0.472169986292319,0.174645260805357,2.70359461295978,0.0068593916971023,0.0290660176429508,"PSIP1"
1.99137959077037,1.59309196281138,0.464375061419092,3.43061480938064,0.000602215071789638,0.00457776609527094,"CCDC171"
5.83131445930418,0.686076276349783,0.304153026025715,2.25569439605634,0.0240897767780769,0.0737151242067949,"CNTLN"
17.7822846976438,-0.132647593753602,0.148806274947794,-0.891411291628255,0.372708562224466,0.538774235780415,"RRAGA"
5.59371983734708,1.2031175724253,0.346493930153927,3.4722616118869,0.0005160931407539,0.00409107409385938,"HAUS6"
11.2684230607086,-0.344229806001041,0.210275227824074,-1.63704402826299,0.1016212703356,0.213918781904364,"PLIN2"
11.3767721993314,0.547346585926121,0.259231852297299,2.1114171776175,0.0347364698800923,0.0975783918514749,"DENND4C"
3867.86132324798,-0.880592928828648,0.173549246280643,-5.07402335475811,3.89491220923773e-07,1.76144926483298e-05,"RPS6"
9.04506047415766,0.406986609381317,0.236084307984247,1.72390368871308,0.0847252313171415,0.187663881726322,"MLLT3"
4.64416016073975,0.667695133369981,0.320627950853793,2.08246078232416,0.0373004014964501,0.102300878192173,"FOCAD"
6.25437616698364,0.759692166136791,0.333378876210589,2.27876515384529,0.022681029353928,0.0705978729675144,"KLHL9"
12.7649735796768,0.111041055236941,0.221533718620584,0.501237716444958,0.616203833201326,0.749121343141342,"MTAP"
2.12959545465476,1.61150388523933,0.649153083931722,2.48247127700441,0.0130474586235498,0.0469259181872132,"CDKN2B-AS1"
2.12551011062477,1.02579198777416,0.534150379426684,1.92041797082531,0.0548051253875098,0.136166474881802,"CDKN2B"
10.6737476018282,0.563077353663859,0.261992729941077,2.14920984177881,0.0316177694768648,0.0906943942204837,"TUSC1"
13.4407947017493,0.777809462102636,0.217879097785392,3.56991317665896,0.000357099565746218,0.003092584755984,"CAAP1"
5.34972895059326,0.329311830274836,0.274208193505412,1.20095547133363,0.229768474733568,0.383772014088979,"PLAA"
9.95683369076883,0.816375646634862,0.212348724273897,3.84450459698483,0.000120796220805573,0.00135102673321167,"IFT74"
6.21295207969901,0.729819844683374,0.322936156153858,2.25995086265801,0.0238243006597633,0.0730881088036805,"LRRC19"
11.5718943004375,0.509700419519186,0.261125247166741,1.9519384856483,0.0509455083571969,0.129144666212227,"MOB3B"
2.12877678051355,0.410367412122342,0.405892650082101,1.01102449635227,0.312004705534545,0.477395214775663,"C9orf72"
14.2796191664229,0.319968862358562,0.247511881690384,1.29274142385946,0.19610050567387,0.343713926988094,"ACO1"
9.38514806538978,0.840976765255149,0.277075762751904,3.03518704379844,0.00240386555889557,0.0133261766052098,"TOPORS"
7.99873744088348,-0.0796556435688644,0.215844341771661,-0.369042074093984,0.71209636416502,0.821649650959638,"TOPORS-AS1"
89.8231201711746,-0.606477485971134,0.112974684755281,-5.36826004237009,7.94998727041301e-08,5.26444279004179e-06,"NDUFB6"
9.96554413776578,0.114971385180824,0.202898820169643,0.566643931614272,0.570956121160519,0.71427064575547,"APTX"
84.3209562416679,0.68302335813671,0.25122446499181,2.71877724233178,0.00655237187200705,0.0281296225098893,"DNAJA1"
9.96498765533792,0.363056049264465,0.222607624427163,1.63092369454424,0.102906421370419,0.215996083510389,"SMU1"
10.947027427124,0.60863488016141,0.3875205111069,1.57058752431691,0.116278489677953,0.235946262687327,"B4GALT1"
1.07717111791899,0.106169280357003,0.52161996463309,0.203537608902072,0.83871485318267,0.906493163372193,"RP11-326F20.5"
72.2730205033572,0.460421025872524,0.496506016815178,0.927322147727192,0.353759298441665,0.52043158779145,"SPINK4"
59.866524199263,-0.0632287238928236,0.131359273638949,-0.481341911699455,0.630273514037803,0.759348830979648,"BAG1"
32.0885414120532,-0.433610672299768,0.132966013767551,-3.2610639366673,0.00110995009486415,0.00738154196584489,"CHMP5"
7.1684114176279,-0.107623709435199,0.234314937727546,-0.459312199550593,0.646009988375736,0.771927523735651,"NFX1"
0.850609480999768,1.27030371780849,0.916126222969109,1.38660338058168,0.165562736920479,0.303872118126821,"AQP3"
2.19854341495188,0.404598529402862,0.402309185685407,1.00569050819348,0.314564470507569,0.480203844491454,"NOL6"
61.9935688589351,-0.342592200983455,0.169326969764165,-2.02325832358903,0.0430465213131491,0.113833342411708,"PRSS3"
17.4266967601765,0.780281597281291,0.1874787108746,4.16197441107435,3.15507713157718e-05,0.000484641268018786,"UBE2R2"
14.4266542118418,0.982438270412685,0.202805188594156,4.84424623069528,1.2709324052408e-06,4.04099815739954e-05,"UBAP2"
10.3864091345971,-0.0465728172307968,0.241181655855874,-0.193102651466278,0.846878576169493,0.91161562246685,"DCAF12"
5.32863587401178,0.242725885336201,0.24374334333973,0.995825699321314,0.319334841257955,0.485371081324197,"UBAP1"
1.11571621747489,1.07836276156098,0.51941125490128,2.07612513472765,0.0378823790707759,0.10334414947439,"KIF24"
16.6622931876536,-0.0738944868731233,0.242393308969952,-0.304853657830479,0.760477612340342,0.855453579905972,"NUDT2"
7.02397840982206,0.440871334821716,0.330334633573094,1.33462038192299,0.182000623732705,0.325944388808901,"KIAA1161"
6.33649455041248,-0.735071114554865,0.333374434126726,-2.2049414691333,0.0274582020341605,0.0814743371833286,"C9orf24"
22.0399985642522,-0.665586251335207,0.17563824683933,-3.78952912200307,0.00015093311708345,0.00159759615158505,"RPP25L"
34.3010847355014,-0.19669482654036,0.151225025632752,-1.30067643048731,0.193369233212997,0.340354922640704,"DCTN3"
25.9883884488655,-0.0387726551799519,0.173893023438562,-0.22296843434694,0.82356007382732,0.896390978893457,"SIGMAR1"
7.83069077871447,-0.537452994430576,0.210055012051095,-2.55862970934416,0.0105085608920652,0.0400291025211603,"GALT"
1.63446210635793,-0.12564347195536,0.408540838205035,-0.307542013443226,0.758430849326606,0.853971904996054,"IL11RA"
1.92096825503043,0.58258849966729,0.415659870027445,1.40159909983329,0.161034995960423,0.298793790557012,"RP11-195F19.5"
35.0336839422861,0.186593520296095,0.149538236678952,1.24779805112118,0.212105022581894,0.362236286403424,"VCP"
5.96340628021668,-0.323624138820746,0.299281338225837,-1.08133751586121,0.279547005156538,0.440877211153064,"FANCG"
4.08048566444551,0.0933546787106037,0.299572124599867,0.311626720394282,0.755324224827789,0.851798658528535,"PIGO"
97.9689210433779,-0.465712459599029,0.108724721093881,-4.28340909880927,1.84051312163478e-05,0.000323429975743587,"STOML2"
1.37864925579987,0.751520564913244,0.553672196119103,1.35733845799181,0.174673692924404,0.316367131979307,"FAM214B"
6.70026097473969,0.100162941462582,0.271830879085242,0.36847521444086,0.712518923094301,0.82196255627832,"UNC13B"
4.1017025811167,0.653849910296467,0.295586587560619,2.21204187812607,0.0269637714713439,0.0803365043014527,"TESK1"
0.50155062664521,1.64245138929049,1.02368598940741,1.60444844052352,0.108615240800368,0.224293880032705,"RMRP"
13.9636191014648,-0.116655298593669,0.191113148677821,-0.610399124292208,0.541597448105982,0.689904657023353,"CCDC107"
6.85495919727409,0.120909158892252,0.299054639682096,0.404304574644895,0.685988761899555,0.802870778556867,"ARHGEF39"
14.3554842433308,0.943479416575175,0.212096044937854,4.44835931217682,8.65286956603563e-06,0.000180019470281891,"TLN1"
12.004667193089,0.0006816090425307,0.221360116084644,0.00307918632582423,0.997543168653152,0.998278548799598,"CREB3"
12.1971785842708,-0.087206760406828,0.233033508797509,-0.374224122774572,0.708237578346035,0.818739949415367,"GBA2"
8.72847327308445,0.374938688536014,0.234609934234968,1.59813645470146,0.110012612101864,0.226404579766201,"RGP1"
69.4848871377671,-0.726925658475884,0.124898419918051,-5.82013494608532,5.88001342011481e-09,6.65176518150488e-07,"HINT2"
5.04083724067973,-0.242061544766607,0.333881919574664,-0.724991473257886,0.468457261446992,0.627073321744649,"TMEM8B"
4.80233381090109,-0.168689723058109,0.333059991707329,-0.506484499063886,0.612516568765452,0.746569016475062,"HRCT1"
28.5703237067947,-0.294696068377097,0.156134200636065,-1.88745365958614,0.059099333619019,0.143810551557787,"GLIPR2"
154.556942831643,-0.197176051833703,0.104802968102507,-1.88139759210681,0.0599178541774691,0.14544208680539,"CLTA"
4.87902407378451,0.702211455478611,0.470251560827066,1.49326767622755,0.135367133174924,0.264024257593332,"GNE"
6.96822607273535,0.879654028551234,0.333748422134037,2.63567996195037,0.00839688864904795,0.0337241903582325,"RNF38"
11.9178637591293,-0.0604766617657832,0.227900326256862,-0.26536452474237,0.790728661931883,0.874059548090028,"MELK"
12.7419496048373,0.411835129890188,0.351989482843457,1.17002112268606,0.241992468606083,0.398247948031833,"RP11-220I1.1"
6.45851921217137,1.0485958060823,0.255902151590438,4.09764357026796,4.1737729798552e-05,0.00060355758403765,"ZCCHC7"
45.4987151150233,-0.437087427801955,0.142806835558815,-3.06068981986468,0.00220827733864404,0.0125035932730314,"GRHPR"
2.54445146504368,0.00566425774579076,0.451174739198432,0.0125544656065054,0.989983248855179,0.994025177020953,"ZBTB5"
7.52997043281329,0.552901557262507,0.208194714693989,2.65569449289421,0.00791452795305412,0.0323005537655647,"POLR1E"
26.2359725083453,0.140696000811316,0.236397363359103,0.595167386015171,0.551731588513122,0.698426978814839,"TOMM5"
4.16644989603598,0.204267471820822,0.275132635897483,0.742432722146907,0.45782519999673,0.617560759155942,"TRMT10B"
14.3042013831262,-0.453052497070739,0.199164505844684,-2.27476525071212,0.0229200158303374,0.0710363504330664,"EXOSC3"
8.52664169924822,0.516593117768919,0.237075120858164,2.1790271197541,0.0293296536153204,0.0856236661995643,"DCAF10"
1.84884027117306,0.326147127193714,0.426452976364194,0.764790364401588,0.444396386395777,0.605632005871296,"SLC25A51"
2.61357489985133,0.399031965141703,0.392555370883715,1.01649854960183,0.309392037832201,0.473973413860587,"SHB"
25.3846630201157,-0.44985171616644,0.201960732166356,-2.22742169401473,0.0259191038758442,0.0779754616066714,"ALDH1B1"
1.87211688555503,1.45059425223334,0.458763637388339,3.16196431890573,0.00156708764801858,0.00961501234885978,"ANKRD18A"
1.47605418443088,0.257323304984404,0.478611255215763,0.537645745226781,0.590821642245149,0.731621782757391,"FAM201A"
0.858148350001494,-0.976107607981662,0.703893853161126,-1.38672557459914,0.165525459061781,0.303872118126821,"FAM27A"
2.13397896730464,-0.190492650078426,0.415195717083906,-0.458802059463273,0.646376315707848,0.772153425210343,"RP11-262H14.4"
3.12981697066628,0.519858128184132,0.416528170734232,1.24807435537374,0.212003828640404,0.36212041192746,"CBWD6"
4.9171359694874,0.207623516983024,0.329640815183038,0.629847723400811,0.528794218404504,0.679208185910457,"CBWD5"
1.82034517919524,0.0530693092943595,0.427022647415598,0.124277505222598,0.901095557442164,0.942255476332769,"AL591479.1"
9.5358816632449,0.437814307306276,0.262782713135441,1.66606966676923,0.0956995393323784,0.205354079658097,"PIP5K1B"
4.64246957450977,-0.29395056573773,0.270596903715223,-1.08630424702525,0.277344408669993,0.438294568998272,"FAM122A"
14.1485087559231,-0.768359660424193,0.184723156876663,-4.15951997256746,3.18917134346881e-05,0.000489186451837165,"FXN"
13.6843087104155,0.494570498085092,0.246102841787821,2.00960904999012,0.0444725826647013,0.116547357079792,"TJP2"
6.74420519710868,1.09450047355124,0.299053205941122,3.65988543779976,0.000252328034194807,0.00236800330757464,"PTAR1"
21.7133064617175,1.15485788911017,0.21331282296212,5.41391686197529,6.16608042520425e-08,4.15923188929926e-06,"SMC5"
7.81397336599826,1.12156219016129,0.426301874800558,2.63091076173664,0.00851563930179716,0.0340751078914949,"KLF9"
11.6209210598556,0.862818629458673,0.294840374831823,2.92639239097028,0.00342918115739344,0.0173294124566276,"TMEM2"
4.3991022079027,0.573125599207129,0.333818055510151,1.71688016794436,0.086001069177563,0.189785717969727,"ABHD17B"
5.73109281686275,0.421187721922052,0.250073896694814,1.68425304475526,0.0921327757513885,0.199712963006004,"C9orf85"
1.3522958476898,1.25031528956938,0.582124906112892,2.1478470967997,0.031725904206584,0.0909719843923847,"GDA"
1.67745918172256,0.0504495896491899,0.46980714097719,0.10738361606053,0.91448465183414,0.94954616300973,"RP11-63P12.6"
22.8383671295908,0.459871707490016,0.265761455051438,1.73039279680722,0.0835601199297319,0.185765179618606,"ZFAND5"
24.6180464602306,0.111481671762773,0.256623488726483,0.434417255863876,0.663985469264941,0.785851116178642,"ALDH1A1"
0.869892178776468,0.78737717742262,0.679636803248208,1.15852639771638,0.246649285487892,0.403386440195649,"ANXA1"
9.12768967403755,0.738418864220477,0.260594360563739,2.83359495049343,0.00460276318180899,0.021672952004816,"C9orf40"
7.03121202815418,0.308725850982497,0.340236861250548,0.907385078288602,0.364203197459801,0.530620703570357,"C9orf41"
7.45749348930297,0.215929167372634,0.247103700607961,0.873840281798183,0.382205240100764,0.547592204154921,"NMRK1"
12.0355283018392,-0.176277014142774,0.225678576146349,-0.781097688371009,0.434745041403632,0.596655017015474,"OSTF1"
6.32927349156358,1.04750826904946,0.294770196476038,3.5536437590108,0.000379933482526746,0.00326200497360284,"PCSK5"
11.0670774696571,0.569967034309637,0.272569141767791,2.09109156896127,0.0365198563454681,0.100943150906537,"RFK"
13.8833773166307,0.730895292975989,0.295322929692578,2.47490194458259,0.0133272760732352,0.0476726673765924,"GCNT1"
3.96244807994217,0.832356572229431,0.453144216994811,1.83684694852668,0.0662324928810818,0.156468321228747,"PRUNE2"
11.9882975707341,1.31009309489549,0.275299930308189,4.75878469503747,1.94762045770396e-06,5.65538988520454e-05,"VPS13A"
0.676994389055472,1.87380429766316,0.713013789131566,2.62800569389466,0.00858870780956244,0.0343042908465789,"GNA14"
21.4956354356169,1.13540315148058,0.342466225634995,3.31537263090787,0.000915210372336975,0.00635904327804194,"GNAQ"
10.2875320997074,1.03039518748513,0.228577949438581,4.50785034171461,6.54877405835328e-06,0.000145142216885136,"CEP78"
1.95175643050111,0.324573778592335,0.50257584184581,0.645820494276591,0.51839561385938,0.669653427680845,"PSAT1"
8.70937218016668,0.931881473789896,0.442917606022962,2.10396123594505,0.0353818285619045,0.098787359895224,"TLE4"
13.1920486691267,-0.0943282975086946,0.195838832921606,-0.481662886269621,0.630045445026738,0.759242513647401,"TLE1"
10.7403696346287,0.822934680517703,0.310763658122656,2.64810462551866,0.00809444697787569,0.0327517489492287,"RASEF"
4.8242354564851,-0.00184948871642648,0.284698478963125,-0.00649630698120462,0.99481673341486,0.996924369957833,"IDNK"
13.94612946378,0.776199299228039,0.232836707458141,3.33366378395289,0.000857101933483711,0.00604031602701694,"UBQLN1"
4.87573618390087,0.619871340343439,0.291909744175652,2.12350342087396,0.0337116891417862,0.0951673886352477,"GKAP1"
4.93381703181956,0.379875854724308,0.305885948949411,1.24188723290174,0.214278171248335,0.365143721913842,"C9orf64"
139.257933944139,0.0201561662487997,0.133898758258368,0.150532884030984,0.880344208609747,0.930999990228251,"HNRNPK"
5.96956880876404,0.762095193093002,0.311760596335062,2.44448850192071,0.0145057704505158,0.0508333872515657,"RMI1"
2.08371454148403,0.619273262496378,0.713179159909732,0.868327760130792,0.385214929330538,0.551090895288153,"NTRK2"
2.06746184084535,0.846235656549011,0.455442765766864,1.85805049537704,0.0631618439073178,0.151254162036047,"AGTPBP1"
5.74622517852194,0.562036643575532,0.288409845664554,1.9487429157645,0.0513261339265196,0.129658482075367,"NAA35"
66.9290672914201,0.423960520175697,0.151116254098296,2.80552560480969,0.00502345900539051,0.0232049190976355,"GOLM1"
16.2480732728262,0.162992208485751,0.162920643757578,1.00043926126562,0.317097977817884,0.482849697013772,"ISCA1"
5.46274010602907,1.38448967068731,0.348680989028496,3.97064857061696,7.16772417960915e-05,0.000917281920831744,"ZCCHC6"
1.34104341354711,-0.182264091448893,0.513947439594686,-0.354635663897133,0.722862554598901,0.829577020283638,"DAPK1"
7.14803638839878,-0.736060279885024,0.284138063292423,-2.5905022064133,0.00958360072134474,0.0372434792142921,"CTSL"
8.95814914612539,0.819927312322803,0.347500364766241,2.35950058030689,0.0182995522464705,0.0602586832615737,"SPIN1"
63.4824091275588,-0.135063889842226,0.172452470936223,-0.783194865860615,0.433512689371188,0.595339884493058,"CKS2"
18.1253173393074,0.459210660017163,0.174509067518437,2.63144297627198,0.00850231340154051,0.0340343249320788,"SECISBP2"
4.12344663174214,0.723740299848277,0.426035873656046,1.6987778367992,0.0893610510832705,0.194946767506608,"SEMA4D"
5.85354360745524,0.106610613846775,0.367432002088704,0.290150594506566,0.771701030932328,0.862564679053465,"GADD45G"
11.6819990389596,-0.0934430218966408,0.199695739549952,-0.467926967832316,0.639836817444847,0.766825832592642,"SYK"
8.45877842876949,-0.938304621042821,0.272488263819137,-3.44346801543577,0.00057430452045427,0.00444227000864201,"AUH"
2.93915108522448,1.63133660358534,0.436212144350603,3.73977805229138,0.000184182810661894,0.00186414289262644,"NFIL3"
3.03662576974786,0.683942092990355,0.361588414670061,1.89149338098798,0.0585585137242798,0.143134246915525,"SPTLC1"
17.1274715145932,0.498057619263244,0.177812109147388,2.80103318976102,0.00509392797276829,0.0234208542693749,"IARS"
9.56528559192174,0.652829600701929,0.200718301405838,3.252466746328,0.00114407982005867,0.00757142403768263,"NOL8"
4.67335891950311,-0.156878559991152,0.269321883944361,-0.582494662868027,0.560233535446086,0.704671785376939,"CENPP"
1.82286492115506,1.64494593853964,0.444676904835482,3.6991935507607,0.000216285617512831,0.00210849354236028,"BICD2"
15.48272963527,-0.397118508221409,0.195002928713663,-2.03647458446395,0.0417027226831771,0.110862655018107,"C9orf89"
9.15406192833053,-0.450489278714118,0.243164148004804,-1.85261389234575,0.0639377198054391,0.152540342066579,"NINJ1"
19.3000723283233,0.145686412764615,0.193975438648528,0.751055977909602,0.452618967699528,0.612958752280417,"WNK2"
13.5056021963705,0.352021957709874,0.183011152704672,1.92350002995685,0.0544172827376407,0.135606170383382,"FAM120AOS"
56.0900343419033,0.834955045636908,0.273173195756192,3.05650429327666,0.0022393427358987,0.0126399491225883,"FAM120A"
2.65200913137671,0.304774529950379,0.388554984931963,0.784379410300823,0.432817516168577,0.594836525637907,"PHF2"
1.29762086808275,0.762189821310159,0.458378980819392,1.66279400496872,0.0963536770945877,0.206309332264831,"PTPDC1"
10.4598245579813,0.495663171464387,0.382561349042792,1.29564362083255,0.195098293461657,0.3425654756659,"HIATL1"
30.6640511547984,-0.119127804270276,0.144730499552527,-0.823100898833293,0.410450617718769,0.574597876248105,"FBP1"
11.2171062285393,-0.239570621792137,0.283661807251221,-0.844564251048307,0.3983541758462,0.563933468861684,"C9orf3"
3.35919294258199,0.225022749387638,0.293763056227954,0.766000845296984,0.443675799221161,0.605012453483401,"FANCC"
1.8459034985938,0.582015173582432,0.453246142177602,1.28410397667405,0.199105576828101,0.347243707138779,"PTCH1"
2.77225225123113,0.832930028008769,0.359353045236095,2.31785994038685,0.020456934209065,0.0654496987644923,"ERCC6L2"
11.0993644531676,0.604416072330419,0.23626830887818,2.55817665602397,0.0105222623890439,0.0400429703697975,"SLC35D2"
7.75227186773842,0.814777769423307,0.268476921220851,3.03481493201818,0.00240683325963192,0.0133358210202055,"ZNF367"
2.9924944228905,0.766792615737539,0.351235759307187,2.18312798574393,0.0290263861676198,0.0849667260863479,"CDC14B"
1.78519299538985,0.596255316309407,0.420577921485225,1.41770474827541,0.156276983228481,0.292625366475897,"AAED1"
4.20155157074888,-1.00147198282061,0.29203818885628,-3.42925008110314,0.000605251560495683,0.00459652583705113,"CTSV"
3.34419043695377,0.0563583230398453,0.356611870625449,0.158038269845029,0.874426642656212,0.927730183108648,"TDRD7"
3.10343261775785,1.0463953491743,0.387634680939982,2.69943686833408,0.00694569324932697,0.0293388676342633,"TSTD2"
6.4446503540101,0.708085358244552,0.270292857127665,2.61969689384026,0.00880079516585544,0.0349585352967045,"NCBP1"
14.1219354832002,0.195876241874167,0.187358374989088,1.04546296308118,0.29580904964628,0.458369994452078,"XPA"
2.77913900790137,0.145167355921646,0.337023637318173,0.430733455602102,0.666662189809185,0.787870540479396,"C9orf156"
134.779168417828,0.315521096600774,0.0890392873188641,3.54361660006152,0.00039467874322498,0.00336437296030085,"ANP32B"
148.009289365947,-0.640407959204283,0.174961345217567,-3.66028255217132,0.000251937279137647,0.00236681561542806,"NANS"
8.86764018593443,0.820151066413434,0.223960509770908,3.66203429011827,0.000250220356665853,0.00235680231863934,"TRIM14"
8.22053012328417,0.855982319411071,0.271700801332611,3.15045931117146,0.00163013961355145,0.00992355646927858,"CORO2A"
3.14387199977215,-0.00511190882577072,0.392486442689695,-0.0130244214060975,0.989608309047555,0.993909760127296,"TBC1D2"
3.59541952734344,0.578271775859371,0.334914912688095,1.72662295392595,0.0842354007877729,0.186807978506817,"ANKS6"
22.448075316992,0.809705925195321,0.271310048082141,2.98443028895921,0.00284106931204686,0.0149972846946314,"GALNT12"
2.9752560750671,0.995658889129306,0.41721331963032,2.38645038948308,0.01701190247645,0.0570762185807971,"TGFBR1"
9.36755838273577,0.0808729457360888,0.231451602290183,0.349416227564906,0.726776852326442,0.832265942716516,"ALG2"
141.646623802022,-0.160868120414627,0.119731972373448,-1.34356861601573,0.179087923809334,0.322215847012818,"SEC61B"
0.811512400338522,1.68347859961719,0.90688191137599,1.85633716859881,0.0634055143642209,0.151578739048066,"NR4A3"
5.87199479115056,1.08975313866948,0.263902694719823,4.12937480546168,3.63751007567096e-05,0.000544123408013589,"STX17"
25.7544232906385,0.0649197478462204,0.151721146392757,0.427888592920095,0.668732232425167,0.789566432282813,"ERP44"
3.43612676159231,0.68737781511381,0.328834126825445,2.09034816960677,0.036586535163292,0.101050298034932,"TEX10"
2.54033709202081,0.961674536048024,0.377030143049019,2.55065690045634,0.0107520115337577,0.0406853119361006,"MSANTD3"
15.532377203949,0.255238248395443,0.236343470845922,1.07994626414638,0.280166109823527,0.441533007209912,"MRPL50"
1.97276842579132,0.753168252511077,0.624037238200052,1.20692837927987,0.227459727307381,0.380735610135352,"ZNF189"
15.118131713524,5.81270354918649,1.28931492631304,4.50836597836392,6.53288156473074e-06,0.000145086081376229,"ALDOB"
10.5683170281109,0.0535200947123147,0.198893348305692,0.269089414845871,0.787860875847818,0.872188492528777,"TMEM246"
6.78399211552164,0.677446309252371,0.284148580259442,2.38412702479044,0.0171196919824156,0.057347271723946,"RNF20"
32.5611885363108,0.565215493241275,0.193823150898309,2.91614025786745,0.00354391146719556,0.0177932864233675,"SMC2"
22.9529766622046,-0.662994306430391,0.194798816136344,-3.40348221606412,0.000665327443587571,0.00496936453738722,"NIPSNAP3A"
50.7231038124306,0.770482498194163,0.248911948161966,3.09540182335004,0.00196546428307314,0.0114145786716912,"SLC44A1"
3.92256455137198,0.807070669342612,0.299188854826836,2.69752919041629,0.00698561599791794,0.0294616659174325,"FSD1L"
3.60091533829086,0.718621014305969,0.314914673012532,2.28195468769844,0.0224920155968658,0.0702522130079386,"FKTN"
8.527743718889,-0.175105218362834,0.277518005487443,-0.630968855715408,0.528060888438557,0.678346492600275,"TMEM38B"
7.15337954567584,0.814108414773028,0.353436819199937,2.30340578725187,0.0212560224421363,0.0673593241090166,"ZNF462"
30.7117594499159,0.174464132346166,0.184169630958546,0.947301308245737,0.343485264395361,0.510363930952746,"RAD23B"
68.7449734443076,0.177516620071116,0.330455839669921,0.537187117795921,0.591138368741421,0.731876526814807,"KLF4"
3.37030446641414,0.294326879072864,0.31800483612735,0.925542147903049,0.354683970285255,0.521368153397113,"IKBKAP"
2.76896828309091,1.10222899512607,0.362738086789445,3.0386359615054,0.00237651839742816,0.0132285954874781,"FAM206A"
20.4108504688696,0.220907340520372,0.209357611488832,1.0551674665631,0.291348740490062,0.45369190159479,"CTNNAL1"
9.44018462559028,0.791065177992877,0.286188131772741,2.76414389755706,0.00570723643755549,0.0254018802097757,"TMEM245"
15.9574114824257,0.775560292188929,0.332430785811665,2.33299780071607,0.0196482607451841,0.0636195920371793,"EPB41L4B"
7.34180079542655,0.267072158377535,0.227658633946672,1.17312554216633,0.240745465078723,0.396797048225061,"PTPN3"
21.5776421275426,-0.072796673853226,0.209335654974419,-0.347750954619374,0.72802722585198,0.832567209101083,"C9orf152"
828.085633762583,-0.223560755549649,0.153245738200926,-1.4588383218627,0.144609612338697,0.277221604589277,"TXN"
1.67054485515441,0.911805313400501,0.439867551760064,2.07290878754763,0.0381807690657231,0.103780423965884,"LPAR1"
10.4865912243536,0.609288726296556,0.225265933646812,2.70475307310266,0.00683551798711695,0.0290202210086357,"KIAA0368"
32.5281741105608,-0.179855530798344,0.22560076703777,-0.797229252187038,0.425317900076861,0.588251705913744,"PTGR1"
6.39623059567476,-0.0362188373503861,0.288243222294635,-0.125653734585871,0.900006025949456,0.941897026289977,"DNAJC25"
5.34519444899825,1.27116887129508,0.371071528870569,3.42567071950827,0.000613283385093898,0.00465101785064227,"UGCG"
2.50618046604908,0.478458466306841,0.391552932517049,1.22195092048253,0.221726187537748,0.373859757187394,"SUSD1"
32.7530728987098,1.40271438323561,0.303226438524341,4.62596332319159,3.72861281604356e-06,9.52770239581954e-05,"PTBP3"
21.9389757675939,0.261790729535173,0.165214667772057,1.58454895721704,0.113068849950603,0.231030613445634,"HSDL2"
1.9916036337952,1.1571996062367,0.393441026332847,2.94122760156111,0.00326914230933378,0.0167151061578931,"KIAA1958"
9.73680999011995,0.0601038615729185,0.195658850667738,0.307187031753473,0.758701015810964,0.854187542163288,"INIP"
3.81812328215892,0.132075138420152,0.428386269529387,0.30830852390588,0.757847580617467,0.85366919671255,"SNX30"
3.46929770952794,0.122384917001532,0.322835381167277,0.379093879236607,0.704618151346224,0.816578073164016,"FKBP15"
9.5815438540981,0.509877302419394,0.210028864919911,2.42765346855453,0.0151968557834312,0.0524732966719791,"SLC31A1"
22.6057428958426,-0.409204285188919,0.163266997393085,-2.50635028341771,0.0121984705836832,0.0446195320103738,"CDC26"
8.72202540656374,0.601651169549522,0.224553968052126,2.67931657929937,0.00737726085906604,0.0306492168819652,"PRPF4"
14.2928131599159,0.0133924535367918,0.185268114331402,0.072286877777769,0.942373607392451,0.96640012996053,"BSPRY"
34.4183418580628,-0.252718487757278,0.14349487017514,-1.76116740235262,0.0782100735760779,0.176545707552735,"HDHD3"
7.31669833351455,-0.448875430032541,0.250663823391019,-1.79074676177872,0.0733339420217912,0.168980821208711,"ALAD"
35.9692120824661,0.620772495792407,0.211092396494682,2.94076198906599,0.00327405999120992,0.0167323724727246,"POLE3"
4.15460478131311,0.0823860874365962,0.362558849459027,0.227235075242335,0.8202409548834,0.894448917565391,"RGS3"
3.01557262352077,0.55823376163632,0.462499693230869,1.20699271763119,0.227434948526888,0.380735610135352,"ZNF618"
6.79781190289388,-0.79230701205159,0.284866501780907,-2.78132741862699,0.00541371063763915,0.0244970406353172,"KIF12"
5.46281558023286,-0.106233944806929,0.260960531875925,-0.407088167866851,0.68394323333308,0.800768368672571,"AKNA"
66.6028427441798,-0.0989204603616486,0.116172279119661,-0.851497974484581,0.394492788009799,0.560082875957021,"ATP6V1G1"
0.946827446084333,0.246376625411053,0.539686544347222,0.456518006594101,0.648017525358396,0.773603421500735,"C9orf91"
0.996856658171928,2.13406771350962,0.773829373096435,2.7578013806458,0.00581915435797753,0.0257522478922722,"TNFSF15"
1.04259574887633,0.483341795868059,0.588981181495323,0.820640473844915,0.411851086392419,0.575711519915261,"ASTN2"
2.41863714393662,-0.33973458631621,0.3577944176111,-0.949524558221251,0.342353887752817,0.509031109117687,"TRIM32"
8.39815427107382,0.557624697060245,0.215631427823217,2.58600846216818,0.00970945467612695,0.0376453687192926,"CDK5RAP2"
3.01250892677265,0.956305172647842,0.4560582170434,2.09689275822616,0.036003069745001,0.0999620877615917,"MEGF9"
10.4481962907668,0.315216291245205,0.227765825186351,1.38394902302531,0.166374064399261,0.305154929805095,"FBXW2"
4.09509457378132,1.24727838765337,0.427853687857757,2.91519840321685,0.00355462487546233,0.0178388290885032,"PSMD5"
5.90994368653077,0.351540478781415,0.32772817857237,1.07265869023767,0.283424281426963,0.444795909869482,"PSMD5-AS1"
11.1928162515831,0.414351720937184,0.200880609232099,2.06267654464568,0.0391433698436604,0.105717101442173,"PHF19"
2.96160998657351,0.798162026336752,0.333400217547192,2.3940057154395,0.016665489095599,0.0562421415718473,"CNTRL"
23.8345143195987,1.14306408404898,0.193358964589822,5.91161669940565,3.38766123271933e-09,4.59875012341649e-07,"RAB14"
16.9802492750728,0.362005243473011,0.313790790832813,1.15365158586151,0.248643040122164,0.405952228336229,"GSN"
8.08452920155182,0.134715748315622,0.261544886880647,0.515076971766983,0.606499233907033,0.742819632370631,"DAB2IP"
73.5564052104291,-0.479204140154129,0.12825561570439,-3.73632092070436,0.000186732324346724,0.00188292761597533,"NDUFA8"
5.79516943185486,0.0859979621218697,0.256047623855643,0.335867057959321,0.736971119396183,0.838857463299269,"RBM18"
13.9833356462374,-0.380768933465274,0.199730735246836,-1.90641131418609,0.0565968619464316,0.139646562563703,"MRRF"
6.61496508713237,0.164207631430689,0.240583280186653,0.682539664864866,0.494897770620669,0.648869949165818,"PDCL"
5.1006078698398,1.1073283443957,0.301785491720959,3.66925639162127,0.000243257018018444,0.00230119443874591,"RC3H2"
1.65542268553892,0.400912167818112,0.49143479199458,0.815799317323333,0.414614923771318,0.578309539192976,"ZBTB6"
1.2071278240563,0.801891604049631,0.596932193335524,1.34335459370827,0.179157182203775,0.322287062900944,"ZBTB26"
7.68705796130159,1.05318943667959,0.335746732054173,3.13685685110305,0.00170769481835659,0.0102688625289881,"RABGAP1"
18.1298193434487,0.593706809150749,0.191249874769031,3.1043513616297,0.00190696718455302,0.0111462129301646,"STRBP"
2.51540918563368,-0.44527090025539,0.433360625815528,-1.02748351772256,0.304192842664196,0.46765773942995,"CRB2"
3.48969299278978,0.188115180644892,0.307946489695953,0.610869702819555,0.541285843749451,0.689747827220391,"DENND1A"
9.32591013146122,0.131505844340901,0.186188055599795,0.706306556117482,0.47999751719771,0.636520782651166,"NEK6"
83.4490219482647,-0.804891610244488,0.134377577196235,-5.98977617425772,2.10130023388833e-09,3.02052031900701e-07,"PSMB7"
4.7841885089717,0.342223020454051,0.296548666247787,1.15401975933387,0.248492068107101,0.405909148416671,"NR6A1"
1705.62359498493,-0.38104037162439,0.125203639208995,-3.0433649854885,0.0023394839494143,0.013082799016807,"RPL35"
45.4518964803165,0.00590095998665237,0.114575026588607,0.0515030208794134,0.958924694734416,0.97590874190008,"ARPC5L"
4.09437712711085,0.652126597384574,0.324005523254594,2.01270210098287,0.0441459782342865,0.116037187107482,"GOLGA1"
4.39417781860308,0.31468535456942,0.384424654844623,0.818587857473942,0.413021597101878,0.576976401405506,"SCAI"
18.3285116246927,0.130665650315686,0.277257244853849,0.471279480485945,0.637441166951301,0.765267640182526,"PPP6C"
9.48712517952728,-0.554573809871495,0.20328123800706,-2.72811113956436,0.00636981427419869,0.0275382894179131,"RABEPK"
80.3812137282033,0.896887672425452,0.237311764752247,3.77936455599578,0.000157229089239445,0.0016529602218203,"HSPA5"
5.51228008924636,0.81102129358071,0.283700338285015,2.85872515515273,0.00425347136339387,0.020493655282368,"GAPVD1"
11.2927147599986,0.651042484546546,0.181989424517875,3.57736437856916,0.000347076194913975,0.00302507823175423,"MAPKAP1"
2.45696010792282,1.37437600656989,0.425779594218711,3.2279048250112,0.00124700456048511,0.00807541414840088,"PBX3"
2.29089247584206,0.378619106092502,0.402753956985469,0.940075446871805,0.347178862135809,0.513673357329004,"MVB12B"
7.20490986189615,-0.0885837103545998,0.373113148993358,-0.237417819751446,0.812332666720673,0.889756203790873,"ZBTB43"
7.23645879057492,-0.571729242650031,0.28422283756689,-2.0115527926762,0.0442670999496308,0.116237510237101,"RALGPS1"
10.3462734641917,-0.527334037141345,0.228618441829534,-2.30661198161146,0.0210764609953813,0.0669857671670591,"SLC2A8"
2335.50995876017,-0.41332949858617,0.140039163237384,-2.95152790855743,0.00316205969380438,0.0162517597135426,"RPL12"
1.88178208678291,0.434025843056014,0.403919695141775,1.07453498375134,0.282582973985216,0.443984740673389,"LRSAM1"
13.0423146216817,0.0946150581712174,0.234197600328127,0.40399670209539,0.686215144314731,0.80304918828211,"FAM129B"
9.04621911010825,-0.23219203749249,0.221967072983995,-1.04606523107701,0.295530916512526,0.458105752813849,"PTRH1"
9.03169897044144,-0.272869336321765,0.242379715363991,-1.12579279133152,0.260253236142357,0.419402009868824,"TOR2A"
4.47611791036736,0.679489086200515,0.32407114237082,2.09672814811448,0.0360176472754243,0.0999620877615917,"CDK9"
8.91600538264876,-0.285751043944572,0.216801925968354,-1.31802816173451,0.187494220776799,0.332717167820518,"FPGS"
14.592828341473,0.240513919453502,0.572753763232389,0.419925515803055,0.674539867141251,0.793576314283824,"AK1"
2.44162263569489,2.31216008810112,0.701101510888055,3.29789631343457,0.000974120984618337,0.00669866796427128,"ST6GALNAC6"
0.968106100837764,0.991987375103839,0.839009985207803,1.18233083347411,0.23707445579823,0.392653437542898,"ST6GALNAC4"
19.2850568440305,-0.225784207649111,0.185730608528234,-1.21565427173404,0.224116650636638,0.376707448678825,"DPM2"
6.48400426789169,0.373813240954109,0.316840420933627,1.17981550413486,0.23807360174455,0.393887768882665,"FAM102A"
1.24780125734035,0.0688411567773829,0.462727775250236,0.148772475869111,0.881733169978526,0.931704763429341,"NAIF1"
4.80977012342333,-0.0877954808163969,0.389367705584754,-0.225482184467623,0.821604183279835,0.89532648434893,"SLC25A25"
5.25550874604599,-0.237661640328755,0.331715812077279,-0.716461596571065,0.473706372433837,0.631221006703248,"RP11-395P17.11"
3.19122644891306,0.751159906830129,0.362599617549958,2.07159597107583,0.0383031359779898,0.103993014180242,"RP11-395P17.3"
40.7699590011783,-0.321988273303375,0.176241798234427,-1.82696883786379,0.0677044549124697,0.158943013478042,"PTGES2"
115.941896632635,1.7320332678753,0.365901920293561,4.73359983048382,2.20572397356408e-06,6.22426916700125e-05,"LCN2"
81.3342345190255,0.117075979497045,0.104808584542176,1.11704570773907,0.263974782401517,0.423513980924874,"C9orf16"
11.2861731742477,-0.129491279336246,0.252614594365378,-0.51260411007351,0.608228277586871,0.743846744886646,"CIZ1"
13.4901654565538,0.838257595991742,0.199683024044005,4.1979412121033,2.69352527526624e-05,0.000427656205985255,"GOLGA2"
16.8831245156686,-0.401367196970078,0.193248042776393,-2.07695349046561,0.0378058520660874,0.103255931768781,"SWI5"
19.142078539138,-0.679492569638076,0.203365820791032,-3.34123289250403,0.000834072278721681,0.0059048402522278,"TRUB2"
40.5424463621421,-0.435839955550017,0.144314927999388,-3.02006148353458,0.00252723377087198,0.013840523828376,"COQ4"
5.87116010009779,0.153034526606872,0.25031577729452,0.611365884567525,0.540957382637908,0.689747827220391,"SLC27A4"
19.6202909178405,-0.258135377812257,0.175489570238915,-1.47094427013997,0.141306188970456,0.272234382157026,"URM1"
2.56123789732143,0.420995095653589,0.417303167736336,1.0088471121302,0.313047962737873,0.478426804859739,"ODF2"
7.08234486147904,-0.280912360273652,0.267341304480925,-1.05076303423849,0.293367437394353,0.456181324470601,"GLE1"
23.036980304105,0.416122511009111,0.230965844631144,1.80166254310747,0.0715985146718202,0.165755674554672,"SPTAN1"
59.4087663317954,-0.542325033176624,0.17511511129198,-3.09696307289195,0.00195514227407571,0.0113727076038898,"WDR34"
147.849909411211,0.984940823364709,0.285751650438813,3.44684211570499,0.0005671799383591,0.00439341949399417,"SET"
2.58983549126561,0.335720577679026,0.41710698721012,0.804878815204084,0.420889614458607,0.58412072992465,"PKN3"
59.3294822512138,-0.233895814078203,0.157036232856999,-1.48943851888751,0.13637193177928,0.26518499619347,"ZDHHC12"
2.7907775226,0.0636406189957788,0.354167495319992,0.179690739090213,0.857395364239305,0.917843410904922,"RP11-545E17.3"
2.61519067595711,0.279649185436874,0.449653926126186,0.62192092448982,0.533993865449395,0.683864785233542,"ZER1"
2.91206550103017,-0.190307518694852,0.397036046142196,-0.479320506397283,0.631710635954847,0.760742682021472,"TBC1D13"
27.4950295964929,0.835347421421171,0.195885966096921,4.26445772540875,2.00388278097775e-05,0.000345980397478829,"ENDOG"
6.81612921415114,-0.292250927268028,0.232049565265025,-1.25943320313592,0.207873902880118,0.357540479138119,"C9orf114"
4.12570641062711,0.387216918882637,0.289771780241868,1.33628236179325,0.181456999413929,0.325238985580998,"LRRC8A"
0.816273173901296,-0.366881976693355,0.756606556919627,-0.484904569406644,0.627744040932045,0.757527508009576,"PHYHD1"
2.27455119108369,0.201870491008893,0.378903409489033,0.532775599145766,0.594188926778559,0.733866910589691,"DOLK"
5.70352752658992,0.239279536065723,0.300291769109066,0.796823491951311,0.425553549583259,0.588352838761833,"NUP188"
18.2510106855562,0.305771611349109,0.198168405555019,1.54298870444418,0.122833516588256,0.245907093257658,"SH3GLB2"
5.16436648611421,-0.151702093978952,0.257293153381916,-0.589607970460725,0.555453506850447,0.700760087926632,"FAM73B"
5.38587702167284,0.0655002627229246,0.342349796929463,0.191325548635918,0.848270545884748,0.912371806309633,"DOLPP1"
8.14896356199369,0.213513061058624,0.211639078784237,1.00885461364296,0.313044364575307,0.478426804859739,"CRAT"
10.9313934196591,0.105227510753558,0.195593643477873,0.53799044223777,0.590583647095221,0.731493887711463,"PPP2R4"
5.39386043516167,1.61124894838063,0.419847458117033,3.83770085355977,0.000124191643798554,0.00137906058451155,"IER5L"
18.022802599265,-0.157857727987792,0.156591518879413,-1.00808606441422,0.313413147080916,0.478881713268319,"NTMT1"
1.68262355066603,0.171988815387356,0.455550801191908,0.377540364186306,0.705772073579184,0.817217690486186,"ASB6"
6.19605348924043,0.438788824380619,0.265883301566331,1.65030606207947,0.0988803530409566,0.210144938165321,"TOR1B"
7.71146717610949,-0.161332478115655,0.223381244812461,-0.722229291233026,0.470153517430004,0.628414424527981,"TOR1A"
28.3852763019955,0.149461490903069,0.162429634928604,0.920161465417104,0.357488388092625,0.523975583009616,"C9orf78"
1.16887744512837,-0.381992250764082,0.539919147588151,-0.707498988451256,0.479256441088897,0.636041176857561,"USP20"
5.62422560780081,0.0689344397679458,0.33205226153901,0.207601175334405,0.835540386575321,0.904232047654009,"FNBP1"
9.43390357196834,0.404956659414435,0.258709227849745,1.56529654075435,0.117513393879009,0.238140596664684,"GPR107"
15.8700618218207,0.708541323361283,0.296317368109826,2.3911569135518,0.016795373046487,0.0565246795191091,"ASS1"
7.701518537062,0.471400255166432,0.25950782833888,1.81651651198302,0.0692911773706043,0.161404029717364,"FUBP3"
8.13673261024615,-0.0121367314903597,0.224529449415334,-0.0540540740734157,0.956892082297205,0.974936486888794,"EXOSC2"
9.04814666935764,0.224629757852456,0.226669194268929,0.991002586729746,0.321684317177626,0.487917833037572,"ABL1"
2.97970928467294,-0.066211144472011,0.487391266360925,-0.135848032252141,0.891941418749451,0.937267990916596,"FIBCD1"
8.85080081015115,0.221093481615419,0.246423246763472,0.897210326214209,0.369606696092755,0.535690473717779,"NUP214"
1.09338830014507,1.02778762306466,0.695023964124478,1.47878012286867,0.139199089990709,0.269225666482475,"RP11-544A12.8"
13.5862265417181,0.36232836629196,0.217901444204387,1.66280846652904,0.0963507813311391,0.206309332264831,"PRRC2B"
3.42315939869137,-0.637464283911994,0.350413588925808,-1.81917683576753,0.0688844556656502,0.160774809483981,"POMT1"
5.21749883361055,-0.376028573639104,0.245091707164159,-1.5342362170877,0.124971550745643,0.249063705691996,"UCK1"
6.0376893241904,0.307224913016659,0.308589522822593,0.995577912712485,0.319455270879842,0.485422073724232,"RAPGEF1"
4.23515687085077,0.0357188079625309,0.278344624337321,0.128325840844132,0.897891116128482,0.940680833605568,"MED27"
8.91666880669009,1.45264724584501,0.310512877943351,4.67821900162874,2.89377386531556e-06,7.77880796468489e-05,"SETX"
9.44482670529956,0.367608493207141,0.201361554361425,1.82561410182263,0.067908410134582,0.159286570986512,"TTF1"
2.18353507133008,0.112561310147004,0.356450187430706,0.315784123886555,0.752166369286627,0.849737519031808,"DDX31"
4.42125588459833,0.604483135358458,0.349551838351552,1.72930898664168,0.0837538091144627,0.185986807668671,"GTF3C4"
2.87150810250331,0.443178242372604,0.359698455183216,1.23208269589834,0.21791819463927,0.369381496109226,"TSC1"
10.2216120549283,-0.297819481849028,0.199778668020771,-1.49074715934167,0.136027889533999,0.265022869008135,"GTF3C5"
5.56472682714795,0.411818116820068,0.316807632137916,1.29989960797659,0.193635379495964,0.340657738753632,"RALGDS"
18.0307860564824,0.712333012932719,0.211733694571405,3.36428745729222,0.000767415676225085,0.00554499949687586,"SURF6"
3.37303950374336,-0.343723780566469,0.319993890707364,-1.07415732158714,0.282752176933336,0.444061987201161,"MED22"
1707.35593365128,0.135562216879114,0.129269852000046,1.04867619775,0.294327172760423,0.4569783550979,"RPL7A"
30.8996052154212,-0.633511799666281,0.174150616385856,-3.63772355684715,0.000275058417744755,0.00252078853730636,"SURF1"
10.7192181733527,-0.336687713685411,0.226052811213585,-1.48942059989377,0.136376647348784,0.26518499619347,"SURF2"
21.7513753821764,0.338887255000715,0.185447511067387,1.82740255207616,0.0676392659150101,0.158824308721516,"SURF4"
9.34711036099424,0.269432139705469,0.194151898975742,1.38773888448618,0.165216570853717,0.303628238218325,"REXO4"
6.28379869775065,0.243231167440828,0.280883070582338,0.865951682088037,0.386516659381651,0.5523351090313,"CACFD1"
4.07907161956878,-0.585885615933983,0.396159089414649,-1.47891499043898,0.139163036382897,0.269225666482475,"VAV2"
12.4485596412891,0.274977173580223,0.208658257206074,1.3178350919928,0.18755885785691,0.33277065778893,"BRD3"
11.5590165820921,-0.0517409457820974,0.195716922951312,-0.264366233649447,0.791497727849349,0.874609821371992,"WDR5"
11.227011056757,-0.0833909635753131,0.242671141898729,-0.34363774333791,0.731118736308384,0.834105308025687,"RXRA"
2.57832544828883,0.0420619676261976,0.535944308690558,0.0784819746084537,0.937444668170853,0.964140683005568,"OLFM1"
4.38441072684387,-0.299130046367101,0.312970408492932,-0.9557774097798,0.339184703703255,0.50563430092208,"PPP1R26"
2.097560617204,-0.577536663437689,0.406530628262176,-1.42064735910926,0.155419303131591,0.291411193371734,"C9orf116"
33.5046321174108,-0.175594547452508,0.135422795342741,-1.29663951337067,0.1947552502047,0.342239808612143,"MRPS2"
2.28134469505558,1.00055768800683,0.410760430737026,2.43586678057458,0.0148561547560474,0.0516756941753223,"CAMSAP1"
28.9769047754729,-0.065871382031815,0.169217408460902,-0.389270717658075,0.697075895320046,0.810943538644357,"UBAC1"
2.30053379191561,0.665289009586926,0.589739101186608,1.12810734144693,0.259274589055157,0.418073056739273,"NACC2"
8.63409426569269,-0.0662245590336595,0.24930972635579,-0.265631670298937,0.790522892209661,0.874059548090028,"C9orf69"
1.81806682891573,-0.20533534534699,0.377197814208587,-0.54437045394288,0.586186573439696,0.727981499712126,"QSOX2"
2.06020558448871,-0.121983759633474,0.392365214012647,-0.310893410723057,0.755881653914524,0.852250286701799,"SNAPC4"
8.90808339693096,0.445816981746851,0.278022140126564,1.60353050136188,0.108817580649837,0.224626292692877,"SDCCAG3"
17.1048704628445,0.113796416888554,0.157832154295048,0.72099641164262,0.470911722512114,0.628991712561198,"PMPCA"
1.74909507769344,-0.058256582367509,0.471557446873277,-0.123540796044654,0.901678871129062,0.942376339184064,"INPP5E"
12.415459181499,0.522564213122004,0.269409460016281,1.93966541891448,0.0524203648318965,0.131778972702407,"SEC16A"
15.64851015847,-0.150547531843851,0.195233573236412,-0.771114974480082,0.440638785487722,0.602194411354647,"NOTCH1"
40.9738475509224,-0.25185510118105,0.179070537377372,-1.40645750478926,0.159588314838562,0.297142544378243,"AGPAT2"
33.2213700083765,-0.502843206815851,0.231168353399453,-2.17522510941171,0.0296132514285258,0.0862198151511501,"SNHG7"
224.863366592483,-0.646960698038392,0.151534083784222,-4.26940713192706,1.95993231732176e-05,0.000339471530560036,"TMEM141"
1.52404128609272,-0.918183087953107,0.447541459852603,-2.05161570562761,0.0402070246259642,0.107814391959993,"CCDC183"
44.854969880172,0.220933959255328,0.1452448340941,1.52111405981014,0.12823121678756,0.253752006981214,"RABL6"
141.329852394688,-0.242592630340399,0.125296737108958,-1.93614483455735,0.0528499646825852,0.132399219481632,"PHPT1"
5.46623665906909,-0.180346235436399,0.382344738964631,-0.471684888158175,0.637151725198956,0.765076190579112,"MAMDC4"
286.287901184263,-0.368946126651297,0.143375313220392,-2.57328907162815,0.0100737029863447,0.0387532463449178,"EDF1"
8.04464418369587,-0.336833644276781,0.279953736183942,-1.20317609926615,0.228908181801406,0.382629344984341,"TRAF2"
34.7469766879079,0.00816936583426893,0.153747353119138,0.053135001471788,0.957624343690542,0.97531654998399,"FBXW5"
49.7618596867532,-0.0528827249115166,0.169067140097634,-0.31279126671793,0.754439250853563,0.851065780021782,"C9orf142"
2.86682405952983,-0.458717566254846,0.348245881071933,-1.31722323561408,0.187763807578757,0.332916726580457,"ABCA2"
21.9203804314079,-0.323178176335702,0.20844460746605,-1.5504271387224,0.121039028955054,0.243254393941318,"NPDC1"
4.78863351549306,-0.220118623165132,0.303964036247143,-0.7241600877617,0.468967458579031,0.627446913905171,"ENTPD2"
5.0862659802159,0.156775884742654,0.343213820266151,0.45678779666005,0.647823577988762,0.773456910395554,"SAPCD2"
8.7887189623757,-0.0912019637757566,0.222145729833343,-0.41055015482034,0.681402419678083,0.798880522261036,"MAN1B1"
13.360139563923,-0.366806626944876,0.240890954317244,-1.52270818132011,0.127831730219283,0.253284544824196,"DPP7"
24.242078182455,-0.502691612164021,0.242327502248219,-2.0744307084431,0.0380393278184875,0.103587537640114,"LRRC26"
3.2911307352051,-1.0355875211089,0.408446507189768,-2.53542998380387,0.0112309377082163,0.042072433084246,"ANAPC2"
48.3530771170788,-0.465490032913112,0.154627558649699,-3.01039502258233,0.00260908120711591,0.0140688291505853,"SSNA1"
12.6394108757774,1.17824076718075,0.237790160941764,4.95496013171589,7.23451214353779e-07,2.71857445947476e-05,"TPRN"
13.2175630628231,0.487906677639378,0.183407366231843,2.66023490584682,0.00780861697295416,0.0319885252079525,"TMEM203"
1.41750196687058,0.370427265205847,0.464864618002778,0.796849772730247,0.425538284437556,0.588352838761833,"RNF208"
253.587460898303,0.252788702843802,0.136208137733073,1.85590014701759,0.0634677920389006,0.151619054452807,"TUBB4B"
14.4872154708159,0.087587533051135,0.185723605166322,0.471601512218639,0.637211247125973,0.765076190579112,"NELFB"
9.46810628283306,0.279744595798421,0.254586868537977,1.09881785107346,0.271847524239864,0.432076265406336,"TOR4A"
66.9988766799831,0.707696790552056,0.220358353271311,3.21157233227606,0.00132010733459113,0.00842819850303331,"NRARP"
13.5165919951925,-0.471528411452313,0.207918214190675,-2.26785523956015,0.0233380312567824,0.0720645491750517,"EXD3"
6.33043850895092,-0.532239229872816,0.344456195389389,-1.54515795330999,0.122308061911844,0.24533903811648,"NOXA1"
2.99856315525916,0.587393562779806,0.462635511635847,1.26966812535169,0.204202871361828,0.353352960960715,"ENTPD8"
5.39099651357526,0.138716324928268,0.311291041238908,0.445616180845395,0.655874520347363,0.780067603873876,"NSMF"
131.8340180629,-0.323798921500484,0.11183671273008,-2.89528289589465,0.00378816968371079,0.0186912870354835,"MRPL41"
7.72115484677003,-0.181743327266395,0.209371302566163,-0.868043160828893,0.385370705144298,0.551182122727128,"DPH7"
9.16081082945613,0.715214267457122,0.338903992662025,2.11037427396253,0.0348261305758934,0.0977796737472086,"ZMYND19"
17.2346911751886,-0.436147216702834,0.180345681506264,-2.41839567801177,0.0155891149253818,0.0535316555186405,"ARRDC1"
3.63112877965425,-0.332038195455234,0.278870036529719,-1.19065568889058,0.23378877996546,0.388740244562051,"C9orf37"
9.10226019625939,0.246054593779637,0.221861811200385,1.10904437518272,0.26741103923705,0.427259656630037,"EHMT1"
9.56110615808619,1.17419953436836,0.311589815225318,3.76841436078154,0.000164287829107575,0.00170570346473066,"ZMYND11"
2.64139436556418,0.504873570899474,0.361047131644866,1.39835917986486,0.162005234713678,0.299707070708531,"DIP2C"
1.8145334209309,0.0612165639453674,0.451042176518412,0.135722482580004,0.892040673650861,0.937267990916596,"PRR26"
12.3491004642952,0.719877787952491,0.215682209828837,3.33767809836416,0.000844815606853002,0.0059770016224258,"LARP4B"
13.843517825179,0.4912937594184,0.193497183252287,2.53902279692536,0.011116257957435,0.0417580634443944,"GTPBP4"
27.7982563467688,0.271470874110643,0.202016134040854,1.34380788643219,0.179010518610018,0.322129947324738,"IDI1"
2.63015521028002,-0.120081512341514,0.379310036546804,-0.316578789833043,0.751563231845236,0.849521398301149,"WDR37"
9.65697123527784,0.134409459227632,0.247148491543371,0.543840904665382,0.586550957844999,0.728206243956742,"PFKP"
6.11451820922629,0.0867682462856149,0.244506092204271,0.354871510576207,0.722685852453549,0.829577020283638,"PITRM1"
126.890457584277,-0.166344701139894,0.434197564420048,-0.383108323884954,0.7016394480593,0.814342674567061,"KLF6"
1.43033434551339,1.19571214556608,0.646459364801315,1.84963233680369,0.0643665588198969,0.153226836647102,"AKR1C1"
1.48638114879402,0.306151544219469,0.51516119977104,0.594283001816784,0.552322845750142,0.698524060189419,"AKR1C2"
82.2828808114758,0.0556185790028896,0.21819257082673,0.254905924579151,0.798795760242941,0.879783615083857,"AKR1C3"
37.871988626341,0.530587893127459,0.219725112491356,2.41478039133252,0.0157446994036366,0.0539052444903827,"NET1"
6.47905456923691,-0.204166063376839,0.277824373629093,-0.734874556576556,0.462415895221275,0.621745279448192,"ASB13"
6.8656519919489,1.18328922789945,0.33298127809155,3.55362089628989,0.000379966509356132,0.00326200497360284,"FAM208B"
68.0984113930667,0.163101655745832,0.169592016793572,0.961729560326888,0.336185469482662,0.502266363816441,"GDI2"
2.98878025794401,0.0547890917753189,0.30685130613783,0.178552578005678,0.858289033244245,0.917982710213471,"ANKRD16"
11.6908542312775,-0.00547877810058801,0.231982372545446,-0.0236172172931575,0.981157938567651,0.98814447889594,"FBXO18"
5.22404739332825,-0.276779143233263,0.365125619004037,-0.758038134897905,0.448428153496641,0.609503097243244,"IL15RA"
47.7429985954771,0.551055271880747,0.113649309303197,4.84873401571341,1.24251891373378e-06,4.01585118328584e-05,"RBM17"
1.69989616305715,0.688072825735434,0.475421597647793,1.44728979318516,0.147815776596352,0.281133236860343,"PFKFB3"
3.99674923275414,0.5909296870791,0.285850862202853,2.06726571515376,0.0387091229735411,0.104859335368585,"PRKCQ-AS1"
6.17717333271634,0.654984497879129,0.276552859158838,2.36838808997068,0.0178657843893843,0.0590631410863664,"KIN"
180.482780615963,-0.420908697440643,0.121927923376087,-3.45211076992058,0.000556219331720712,0.00433013759318059,"ATP5C1"
4.98671787016642,0.944217907063179,0.324713128325637,2.90785257723327,0.00363919851728993,0.0181292183017287,"TAF3"
13.6112275681295,0.486130158863347,0.243417715168245,1.99710262881789,0.0458140354335255,0.11917135923547,"CELF2"
3.72667262070667,0.952389775864504,0.388781845133894,2.44967656742436,0.0142984586490503,0.0503342823107572,"USP6NL"
4.57463891278602,-0.462276026161863,0.898212239438515,-0.514662354691179,0.606788983953446,0.742884843674989,"ECHDC3"
1.94733116224334,0.577350588095623,0.425099988286267,1.35815244414175,0.174415316981661,0.316113208014158,"PROSER2"
21.8556806871984,1.10887929374187,0.213277164165711,5.19924061293453,2.00104356159474e-07,1.07928498298062e-05,"UPF2"
7.51436768654268,0.419546448991884,0.247376299236235,1.69598482266578,0.089888754384227,0.195808953485652,"DHTKD1"
39.9554442123381,-0.449141948990415,0.152042032390065,-2.95406435924335,0.00313618593640025,0.0161853735625786,"NUDT5"
29.1996950412787,-0.256945396004786,0.165893592604624,-1.54885666149365,0.12141618107287,0.243865309127312,"CDC123"
15.9951877378863,0.391253150812899,0.218036070729782,1.79444231178514,0.0727425985648256,0.167867535149597,"CAMK1D"
9.99292633410704,0.741745386496809,0.202098396559901,3.6702190572648,0.000242342695775094,0.0022945437455253,"OPTN"
7.9302954144403,0.787322050563542,0.297341207678604,2.64787399200503,0.00809997104783793,0.0327618940705847,"MCM10"
22.1822030587173,-0.169111295000989,0.176877628736957,-0.956092051937688,0.339025729963701,0.505547853175199,"PHYH"
12.5508593574326,0.368033702937409,0.223569135387631,1.64617402263197,0.0997279359201491,0.211284702320097,"SEPHS1"
4.57518406042768,1.14648575288521,0.341552885347606,3.35668589570956,0.000788826724299065,0.00566952893837713,"BEND7"
7.13894025478442,0.0159535260485636,0.243992967203589,0.0653851880708179,0.947867317049591,0.969835977309079,"PRPF18"
2.99756435835874,0.0616010208216762,0.462786790183105,0.133108857314841,0.894107290359334,0.938510850038906,"FRMD4A"
24.2997991983666,1.12905628954309,0.328166414949287,3.44049920439777,0.000580642144063891,0.00446747422206285,"FAM107B"
15.3130079990075,0.523881546437649,0.202046084764419,2.59288145597319,0.00951755698940048,0.0370202968857053,"HSPA14"
3.77544395972461,0.103902163240599,0.289473296166989,0.358935226897962,0.719643545953857,0.827369141335898,"SUV39H2"
5.26818963184787,0.902886852418436,0.304094687873077,2.96909774627593,0.00298675572572006,0.015564379645547,"DCLRE1C"
11.3081982328419,-0.106436213458823,0.205265235411896,-0.518530150735185,0.604088429261528,0.74070230798015,"RPP38"
4.84591432508809,0.637931348480185,0.310220104665643,2.05638299673631,0.0397456139198409,0.106814493236692,"NMT2"
14.7082392843289,0.221447028853967,0.342273438268426,0.646988647364154,0.517639290958479,0.669074351322195,"FAM171A1"
3.53721947601516,0.828890004851116,0.33622317917206,2.46529702946785,0.0136899712529658,0.048761261989901,"FAM188A"
5.57646898854229,0.913928287266967,0.283468872724402,3.22408692878078,0.00126375031035039,0.00815952935220286,"PTER"
13.4804602151594,-0.357979415623554,0.186489179501665,-1.91957204477033,0.0549119779819689,0.136358574264651,"RSU1"
1.02219676776934,0.730294050136381,0.52586376208897,1.3887514272429,0.164908350054248,0.303286144214925,"TRDMT1"
5.26860628960212,1.67228465296593,0.526566427140654,3.17582847438019,0.00149409264981836,0.00929847918454289,"VIM"
4.06086817273652,-1.00811477410741,0.335612358916573,-3.00380706289189,0.00266624346329179,0.0143021958258853,"PTPLA"
4.58675885210236,0.843820264035208,0.314170453718175,2.68586766848595,0.00723417339519228,0.0301701701504563,"STAM"
1.29460174727526,0.194286141504683,0.563086125282045,0.345038055070823,0.730065761658027,0.833527562195771,"TMEM236-ENSG00000184040"
2.14177812794325,0.733444800383363,0.45232045036433,1.62151589607013,0.1049070436483,0.219095146484251,"CACNB2"
3.75455603681985,0.727766504757545,0.469404733310418,1.55040299577949,0.12104481996859,0.243254393941318,"NSUN6"
8.83117564490903,0.797671316279906,0.394011486485843,2.02448746708953,0.0429200202188445,0.113602588246808,"ARL5B"
5.29078167669019,0.878352757779808,0.363845581694732,2.41408114312832,0.0157749488095414,0.0539839092589759,"PLXDC2"
3.10555962102019,0.629023210889137,0.420423395282405,1.49616605057531,0.13461038910053,0.262878767421642,"NEBL"
8.00335735519837,-0.0435584189676931,0.245807337539762,-0.177205527726149,0.859346953882153,0.918664809362182,"MLLT10"
32.7567463309341,-0.113046752129418,0.192376976627726,-0.587631400134635,0.556779729990589,0.701709164175211,"DNAJC1"
23.5336753220657,-0.337872225298253,0.15894368823524,-2.12573540383809,0.0335252972795061,0.0948137313686033,"COMMD3"
3.26465100642391,0.429441513768461,0.448277924234554,0.957980508412818,0.338072587379485,0.504669181985046,"BMI1"
1.2832153379392,1.30944997859099,0.533663312896677,2.45370057664899,0.014139466057813,0.0499364557358859,"PIP4K2A"
43.1557630186677,-0.222287221812021,0.141075742280405,-1.57565870800239,0.115104478412487,0.234064779744022,"MSRB2"
9.87486302177963,0.719950139120424,0.480223177839396,1.49919906481732,0.133821997591485,0.261828181744064,"OTUD1"
4.4792378457491,1.37289781724903,0.376059835359999,3.65074301522992,0.000261482770099117,0.00242295467856349,"KIAA1217"
12.5705366503244,1.42238663124867,0.278281334826869,5.11132603318004,3.19905334413999e-07,1.51050953553741e-05,"ARHGAP21"
11.0600841930707,0.376729961374268,0.212789565284469,1.7704343766605,0.0766548073062335,0.174120729417631,"PRTFDC1"
0.934041595003456,-0.96667832014497,0.565281984903676,-1.71008159814202,0.0872507851137407,0.191672111158825,"RP11-165A20.3"
2.21469453579294,0.0850031195692753,0.46873371089058,0.181346290216191,0.856095773979739,0.916974070955713,"THNSL1"
14.8812637146374,-0.250063642691277,0.179613720911864,-1.39223017830571,0.163852706989672,0.302117186397186,"PDSS1"
13.5392769646464,0.453118912249834,0.258783018546143,1.7509607654918,0.0799526685037812,0.179575772393324,"ABI1"
7.22568890174695,0.89003406391812,0.256019149237742,3.47643551885889,0.000508126399705569,0.00404463885003126,"ANKRD26"
25.3354052130876,1.01408065862306,0.177405334132327,5.71617907422474,1.08945928943815e-08,1.0748390436593e-06,"YME1L1"
5.37497489743288,0.954662678872602,0.32382896957214,2.94804593960186,0.00319789538271066,0.016397140630896,"MASTL"
13.6193518594629,1.07568289935181,0.225884326131111,4.76209623649337,1.91592269292197e-06,5.60833435178775e-05,"ACBD5"
15.2415035062497,0.137454669312165,0.17864131524587,0.769445014010237,0.441629174888303,0.603086234250238,"RAB18"
6.64050410019878,0.584002080137365,0.267763205038847,2.18103932559606,0.0291805079142659,0.0853029114263601,"MPP7"
7.36928870506196,0.284238579525702,0.21881971349155,1.29896239689885,0.193956834228874,0.341057516147275,"WAC-AS1"
24.2785512409308,1.09555081851793,0.242552152482171,4.51676395078975,6.27918342754463e-06,0.0001411841242715,"WAC"
1.61364621240619,0.152982534835036,0.496100031588825,0.30837033883084,0.757800549150659,0.85366919671255,"BAMBI"
2.66825050585081,0.800587252837238,0.4546237645226,1.7609885696977,0.0782403376489007,0.176577320629065,"PTCHD3P1"
10.8447937797222,0.943898522794167,0.248520292305426,3.7980742499455,0.000145824645040446,0.00155673647722025,"SVIL"
6.44049893686119,0.48950317787707,0.236161974939551,2.07274341266143,0.0381961652478489,0.103780423965884,"MTPAP"
2.50454688447791,1.13448545078094,0.406002559577809,2.79428152364522,0.00520151745097116,0.0237768522830505,"MAP3K8"
0.827230247130351,0.283902994953036,0.600226633789142,0.472992997929462,0.636218174749458,0.764560072787332,"ZNF438"
7.70782884889484,1.01262658738294,0.327233759945807,3.09450524771846,0.00197141447153779,0.0114323491297898,"ARHGAP12"
59.7215178869803,0.198080613338671,0.131745938918894,1.50350450999947,0.132708994817998,0.260007159250128,"KIF5B"
15.7215367970932,0.783620145758329,0.225975903770517,3.467715507199,0.000524902668955616,0.00413975525407261,"EPC1"
52.4971865625439,0.829533559987157,0.24802600602235,3.34454266828941,0.000824183509778695,0.00586542130812361,"ITGB1"
10.5908046865127,0.631907629528875,0.230570296037818,2.74062895519391,0.0061321713296033,0.0267773947082798,"PARD3"
5.055753133039,0.985432582990433,0.253523470957444,3.88694813647391,0.000101512432062331,0.00118667923810217,"CUL2"
6.05974482903437,-0.194194412960035,0.362280705057266,-0.536032999409501,0.591935744042406,0.732373138444442,"CREM"
10.3862059482381,0.840527912959783,0.280208755439691,2.99964899969262,0.00270290886210838,0.0144460047642942,"CCNY"
2.43791424713158,1.35496289198801,0.559791354065365,2.42047841958952,0.015500099285874,0.0533199487629369,"FZD8"
2.84133841193802,0.389062311268248,0.324049857377663,1.20062484957312,0.229896757270241,0.383809190461924,"ZNF248"
10.9363100419142,0.416246862085677,0.199573073968298,2.08568647968913,0.0370070319426093,0.10182324978382,"ZNF33A"
4.7963805463598,0.591813576919795,0.255105526537573,2.31987752265582,0.0203475038376248,0.0652610430232149,"ZNF37A"
7.45394621638878,0.296626525442693,0.285249112526646,1.03988588365892,0.298392921576524,0.461025341915073,"ZNF33B"
10.6375413550723,0.0890212188144237,0.199742111683781,0.445680773393227,0.655827854787794,0.780067603873876,"BMS1"
119.196884594453,-0.0199216218684156,0.128839814725192,-0.154623180038773,0.877118394745143,0.929045719977787,"HNRNPF"
1.71109466223266,0.199859432083669,0.413069397990896,0.483839841575661,0.628499537230469,0.757923971002634,"ZNF487"
1.24639992560685,0.698749525760961,0.508991919470722,1.37281064596774,0.169811220288752,0.30994305460522,"ZNF485"
8.16038047391081,-0.159629351880286,0.231190341790787,-0.690467216942565,0.489900419119423,0.64441842921959,"ZNF32"
2.44272791851506,-0.485290847266955,0.404517692526903,-1.19967768093278,0.230264544389278,0.384127949626353,"RASSF4"
1.37305726159211,1.17018192098837,0.590864266291978,1.98045809798578,0.0476520772541607,0.122659767475749,"C10orf10"
18.1150759028989,-0.0145372871559085,0.159490214121576,-0.0911484584554324,0.927374628584772,0.957619897920569,"ZNF22"
5.49693780253804,0.127005549586733,0.2714890885795,0.467810880544992,0.639919839007651,0.766825832592642,"MARCH8"
2.34022760756286,-0.180286100481383,0.381126324991282,-0.473035024504033,0.636188191476264,0.764560072787332,"GPRIN2"
5.14656749912596,0.254956983447083,0.320301195181099,0.795991358392933,0.426037058229917,0.588629174966316,"MAPK8"
1.14496151562132,0.418955933617682,0.552756061464546,0.757940007944271,0.448486897966382,0.609506658980717,"ERCC6"
3.35640126565506,-0.0690451468028216,0.402647948920602,-0.171477706487552,0.863848158451381,0.921537731047175,"PARG"
23.8019499648605,0.759216287857692,0.239359087387085,3.17187158484569,0.0015145996456052,0.00937773782854757,"NCOA4"
12.8576214937641,0.14407194843945,0.200246384693933,0.719473406022572,0.471849282255317,0.629983182357111,"TIMM23"
1.40627742153247,-0.960431416370994,0.507738787202265,-1.89158567471898,0.0585462060379142,0.143134246915525,"AGAP6"
3.17939800397042,1.21621847895335,0.388187186696956,3.13307218948165,0.00172986890649737,0.0103748797207156,"SGMS1"
0.700604132217862,-0.195691287269661,0.66926999211753,-0.292395131373672,0.769984530270398,0.861845505623018,"RP11-50E11.3"
9.62225151787851,0.65815772869938,0.231675396639158,2.84086155995444,0.00449918391736435,0.0213213969543479,"A1CF"
7.7051160677304,0.164124220345949,0.25051266339359,0.655153388745411,0.512369001094319,0.664317974198221,"CSTF2T"
52.8321633999022,-0.612828832742144,0.156718610339139,-3.91037689407775,9.21522178403203e-05,0.00110338818715091,"ZWINT"
4.38792874138295,1.16008927547963,0.380481648073658,3.04900191994292,0.00229603014287789,0.0128662989430618,"IPMK"
63.845524974465,-0.186913702027792,0.130577963411307,-1.43143373617364,0.152305945428373,0.287210030795646,"CISD1"
13.0368398730296,0.133881970185181,0.210238648828387,0.636809506393212,0.524248933143712,0.675366953017878,"UBE2D1"
37.1272579127383,0.742214761261947,0.148514000693053,4.99760802212814,5.80458239104023e-07,2.30907563247974e-05,"TFAM"
5.00357549101345,0.407259925368778,0.342881872029787,1.18775578002385,0.234929640650349,0.390112522547827,"SLC16A9"
17.5012110552299,0.980610867125263,0.267410210843098,3.66706590609823,0.000245349574527985,0.00231494038173233,"CCDC6"
6.22365668223779,0.6668463894724,0.244093849240307,2.73192623061919,0.00629652374743163,0.0273193159796674,"ANK3"
30.0853713267138,-0.243060955440991,0.174815076600375,-1.39038897655621,0.164410792040466,0.302678623759867,"CDK1"
16.629788599844,0.32605605037944,0.263815997355211,1.23592220960136,0.216487480581837,0.367639411902855,"ARID5B"
5.68089474833701,0.641498178308177,0.306874975596744,2.09042192854185,0.0365799147621546,0.101050298034932,"RTKN2"
3.23514160494213,0.535060870521399,0.41040030302064,1.30375359516849,0.192317609285538,0.339273755172342,"ADO"
4.35047641282542,0.765296062854605,0.621971973974479,1.23043496311299,0.218534267419092,0.370131338766585,"EGR2"
8.86258078310875,0.65182901266431,0.289886668741822,2.24856498401049,0.024540186314142,0.0746609608761312,"NRBF2"
11.9760631087446,1.12701185817785,0.318939409620044,3.53362370464181,0.000409904217378935,0.00347778109432441,"JMJD1C"
10.3219334740111,0.542905696905216,0.203767308222138,2.6643415062114,0.00771392071521606,0.0317319377490067,"REEP3"
1.7395297068504,1.37033672555126,0.504009854793921,2.7188689120207,0.00655055629928805,0.0281296225098893,"RP11-222A11.1"
1.31812749695742,0.437729469573917,0.521035891447651,0.840113851576953,0.400844554403482,0.565934979306009,"DNAJC12"
3.51019317397304,1.15970499875985,0.421528005919393,2.75119323621315,0.00593786050587174,0.0261921872842271,"SIRT1"
6.89883008090866,0.661034757751387,0.32193845746845,2.05329541226422,0.0400439355466512,0.107521901506767,"HERC4"
13.6189479951435,0.423833518643113,0.22652416291195,1.87103006228902,0.0613409142883607,0.148233718106719,"PBLD"
37.0249341920814,0.182911388196951,0.142930807395118,1.2797198275898,0.200643688774836,0.348805900447369,"HNRNPH3"
3.72702718167286,0.718090414728632,0.401620526300227,1.78798235574203,0.0737788545345594,0.169686752764505,"RUFY2"
4.37045006008924,0.867144080997014,0.326882554543193,2.65276953127345,0.00798343604760477,0.0324551816721701,"DNA2"
4.44117589592217,1.00515796699151,0.287687421144595,3.49392393658501,0.000475976609799704,0.00385739159994273,"SLC25A16"
19.6012890549279,0.905683635769888,0.204665620465827,4.42518696451566,9.63587919722829e-06,0.000196702346018607,"CCAR1"
3.11083154854952,-0.0166433116183932,0.320114408826062,-0.0519917603191567,0.95853525884851,0.975786737073005,"STOX1"
9.57083302761115,0.461974034545332,0.234873871508686,1.96690262555768,0.0491944378001698,0.125795054040463,"DDX50"
47.0379494482642,0.452986330726136,0.265910531965362,1.70352910574126,0.0884690959168747,0.193587513647945,"DDX21"
6.3314449040079,0.677187595743741,0.267730985702093,2.52935831826823,0.0114271299744081,0.0425472353766047,"KIAA1279"
3.21811657697886,1.92305091899326,0.713276002315855,2.69608246001481,0.00701602959432673,0.0295211473825604,"SRGN"
19.2611630864611,0.453084601121586,0.200719145650316,2.25730634540926,0.0239889391447365,0.0734686630321034,"VPS26A"
5.75040189778534,0.0458469967192884,0.246043158488924,0.186337214173554,0.852180325786039,0.914674672666178,"SUPV3L1"
2.07562772356043,0.507802660128839,0.543340198199421,0.934594314596361,0.349997410126106,0.516506573443336,"HKDC1"
6.9229387193132,0.567289477979384,0.264842534790642,2.14198779825086,0.0321944639168828,0.0919841826196651,"HK1"
18.7450559162491,-0.206793810831853,0.249494127213504,-0.828852418858299,0.40718792232736,0.571842860012302,"TSPAN15"
2.40962509218156,-0.690171591022755,0.349572116414676,-1.97433250140594,0.0483439475767616,0.124037176548878,"C10orf35"
12.1196256144533,-0.500381936234485,0.209536722838204,-2.38803933485617,0.0169385287505722,0.0568983675320797,"H2AFY2"
4.36657544621533,-0.30644658369039,0.342136021666448,-0.895686406236255,0.370420272640201,0.536602602881259,"AIFM2"
8.71397689970309,-0.386356389954852,0.227456422209457,-1.69859521310446,0.0893954790223673,0.194946767506608,"TYSND1"
20.3554859115295,0.31669324088106,0.181344710863342,1.74636050521327,0.080748328231106,0.180764071039207,"SAR1A"
135.314849428063,-0.0458937026314407,0.129765391039188,-0.353666738595818,0.72358865231211,0.830059444819849,"PPA1"
2.0229761383504,-0.329448307968452,0.379438409475808,-0.868252395490438,0.385256176521884,0.551090895288153,"LRRC20"
25.4240739353389,0.651354409612247,0.264701361427727,2.46071424075426,0.0138660757730352,0.0491962906784741,"EIF4EBP2"
6.73533927400735,0.252579345384213,0.314132796282026,0.804052771228154,0.421366498824899,0.584498681471248,"SGPL1"
108.058547495745,-0.322611503492781,0.10803768320894,-2.98610164444997,0.00282558707500378,0.0149255471471259,"PCBD1"
1.93433855394336,-0.105567400946413,0.525179393437702,-0.201012077521536,0.840689130319507,0.90781385654468,"UNC5B"
5.49773194518939,0.352880506760399,0.315424789251152,1.11874690508051,0.263248128571279,0.42284790360658,"C10orf54"
54.6821262170506,-0.15791273949579,0.167463036682331,-0.942970715354596,0.345695882103818,0.512316768510843,"PSAP"
1.74433456651176,0.728020273694506,0.467145220201297,1.55844530182883,0.119127724793165,0.240514424847327,"ASCC1"
58.6664204657442,-0.527576191591833,0.095298861916103,-5.53601775492648,3.09426213174809e-08,2.41753142091973e-06,"ANAPC16"
11.2788607679019,-0.276166853806103,0.452902400589073,-0.609771229843126,0.542013362207846,0.690190128267633,"DDIT4"
8.18778243690804,0.101054049718626,0.190211717423613,0.531271422640978,0.595230705589515,0.734525736604474,"DNAJB12"
9.00939947518639,0.71352470594216,0.239922809713569,2.9739761167102,0.0029396795495296,0.0154131584049751,"MICU1"
13.6633518799518,0.616689414219252,0.194777974152332,3.16611473603761,0.0015448984372072,0.0095353487804446,"MCU"
2.68361684612551,0.952207092413301,0.415192875194499,2.29340903782907,0.0218244667951292,0.0687793701088517,"P4HA1"
3.90832139509913,-0.0415666047696603,0.299783913883275,-0.13865522079295,0.889722604827079,0.935976904254385,"ECD"
36.5195276759286,-0.4702514105726,0.164251197752298,-2.86300140886504,0.00419648697362016,0.0202944885640867,"DNAJC9"
72.4506370807445,-0.340378021228092,0.101518588218412,-3.35286401437918,0.00079979991911681,0.00572943741530907,"MRPS16"
2.57599505640449,-1.11227149820799,0.357887455960683,-3.10788064706628,0.00188434150503929,0.0110675763897927,"RP11-152N13.5"
26.0817867185397,0.00241373883382839,0.144916894164024,0.0166560210095063,0.986711032439235,0.99210089920286,"ANXA7"
6.35117300377831,0.603476296807798,0.308324919563179,1.95727383197822,0.0503152823776042,0.127968142065757,"PPP3CB"
3.86413521145598,0.696863506478043,0.338851923597263,2.05654286710288,0.0397302187774028,0.10680388244266,"USP54"
5.58129461804461,-0.0984502432334212,0.273725322633357,-0.359668014220558,0.719095414403321,0.826914040705217,"SEC24C"
1.84964223536712,1.11283881205478,0.472307141291378,2.35617612939763,0.0184641607078335,0.0607270700445401,"FUT11"
54.4258052047161,0.293563783313056,0.12734855713295,2.30519913159739,0.0211554234923893,0.0671581114081696,"CHCHD1"
3.45445136016304,0.378963393480075,0.328105072281424,1.15500620226629,0.248087886611065,0.405330893425029,"ZSWIM8"
7.98439700354519,0.0264084164683363,0.238108895962304,0.110908987090163,0.911688518906081,0.948002423910383,"CAMK2G"
11.9820958342089,0.949542705958753,0.340170010494151,2.79137688998331,0.00524843191849314,0.0239386688932531,"VCL"
6.93709581915215,0.506318616758184,0.336511551565272,1.5046099142899,0.132424395843128,0.259730709564091,"AP3M1"
15.7140366672462,-0.335340717301774,0.197340536379298,-1.69929971537745,0.0892627261893413,0.194869594922402,"ADK"
6.89035488364827,1.16519915541308,0.315953989006064,3.68787607043227,0.000226133733422025,0.00216944553441978,"KAT6B"
1.46181864962776,0.0779604415840089,0.491581858372949,0.158590965586168,0.873991147127548,0.927730183108648,"SAMD8"
112.545107781989,-0.44920759980332,0.106411212387162,-4.22143108537228,2.42756175005116e-05,0.000395252182991837,"VDAC2"
72.5170227290731,-0.021527483881369,0.152611108187821,-0.141061054709562,0.887821709789073,0.934798105646013,"COMTD1"
1.86106503903753,0.175390839858087,0.45654079366229,0.384173423914942,0.700849914416496,0.813861213704357,"ZNF503-AS1"
4.09293200501784,-0.0318249891620195,0.308837132316,-0.103047806859754,0.917925028493579,0.95166260710647,"ZNF503"
5.20049798935822,-1.25330966147212,0.369958516038018,-3.38770323466031,0.000704804787938496,0.00521204659291297,"C10orf11"
1.70398081432161,0.520850684181515,0.499766331054158,1.04218842250314,0.297324329625479,0.459761798150867,"KCNMA1"
4.51559804624238,0.575320739311121,0.277115933725569,2.07610126049579,0.0378845866253056,0.10334414947439,"DLG5"
3.42131903724524,0.456416986507478,0.317872584439538,1.43584885532742,0.151045354446592,0.285775705451218,"POLR3A"
1742.58397110536,0.361226986392403,0.128165799073637,2.81843509737619,0.00482583662496784,0.0224929552562879,"RPS24"
4.83230166178913,0.923834702488235,0.333048728153796,2.77387248289273,0.00553933862525743,0.0249278910245927,"ZMIZ1"
44.389427461757,-0.0455262020827487,0.130386853297648,-0.349162518546415,0.726967303361129,0.832352653084013,"PPIF"
5.50099411907177,-0.539304968153112,0.367804759427578,-1.46628055871937,0.142571869641267,0.274137837164335,"EIF5AL1"
0.319734942647245,0.507701318408967,1.00965155235254,0.502848054089549,0.615071105168765,0.748422655701152,"SFTPA2"
2.43080470862982,0.023767789275584,0.356345449424602,0.0666987310037558,0.946821544576451,0.969222544452848,"RP11-119F19.2"
2.56268584879259,0.709742319804388,0.444848248418111,1.59547064044479,0.110607030323609,0.227326334086751,"RP11-773D16.1"
1.91370786767252,0.168940280755826,0.438372009724411,0.38538108503331,0.699955094367227,0.813321728177676,"RP11-182L21.6"
8.36713902030502,0.249297539811787,0.226522415213668,1.10054247645486,0.271095833057628,0.431180542912397,"TMEM254"
58.9491979317045,0.1340347243348,0.112742574477721,1.18885633892711,0.23449620365497,0.389631085020345,"ANXA11"
49.1144194161324,-0.577022660067316,0.12905636412508,-4.47109031762331,7.78218219021986e-06,0.000166040272270703,"FAM213A"
1.36956837081747,0.0215370711484215,0.431377446501628,0.0499262799274329,0.960181135059994,0.977004321816878,"RP11-137H2.6"
11.3395232634964,0.340999467376312,0.236805119869026,1.44000040018103,0.149867285849499,0.284041662185961,"TSPAN14"
109.876258891947,-0.265252114139986,0.112894963248998,-2.34954781423643,0.0187962298308336,0.061632224926837,"GHITM"
162.304189841582,-0.0351066074390271,0.145940658656808,-0.240553987916303,0.809900815333766,0.888167510302403,"C10orf99"
12.1278376431709,-0.603202720518492,0.328357656971058,-1.83702955515869,0.066205532407082,0.156440878198886,"CDHR1"
9.0393935373522,0.827667736098486,0.25339414986479,3.26632535336797,0.00108952990692876,0.00727246145620549,"CCSER2"
11.2948235551932,0.75238658052546,0.30993548754424,2.42755867192544,0.0152008279309435,0.0524732966719791,"WAPAL"
7.26565405819207,1.0991598388972,0.326927669613964,3.36208874640403,0.000773552578674482,0.00558191428864112,"BMPR1A"
123.863075865544,-1.0488474995689,0.237838391892219,-4.40991671371627,1.03410383325976e-05,0.000208355614641947,"ADIRF"
16.7662532684556,0.385403214599497,0.206970236642573,1.86211902180442,0.0625863153520499,0.150112688114907,"GLUD1"
7.40914942262667,1.16444564903771,0.285415688528151,4.07982355504909,4.50698976027962e-05,0.000636067719009985,"FAM35A"
10.1326040806175,-0.118165864559422,0.239336689788175,-0.493722315053345,0.621502303347383,0.752140750145183,"NUTM2A-AS1"
5.92319204996187,-0.0897923537725326,0.293544735253028,-0.305889845699784,0.759688517591562,0.854951323014604,"MINPP1"
25.9057435637944,0.577618221283323,0.233097467204094,2.47801157263359,0.0132116860004424,0.0473684087041282,"PAPSS2"
7.27749246062094,0.601725733398726,0.230191031721626,2.61402770081157,0.00894817813048713,0.0353080648728154,"ATAD1"
17.1234966790169,0.887740293701696,0.293926225802002,3.02028269603852,0.00252538852462878,0.0138373962550295,"PTEN"
3.74517997236002,-0.376544439509072,0.280381824656854,-1.34297021559763,0.179281618357257,0.32235072439732,"RNLS"
7.94113996828484,0.346013750016246,0.257620240387956,1.34311554672559,0.179234562218165,0.32232040714594,"ANKRD22"
5.61233132828188,0.564978608102241,0.292064878151383,1.93442844507103,0.0530604719175462,0.132773438945749,"STAMBPL1"
2.73207042033977,0.19737204046134,0.451479376954393,0.4371673448138,0.661989990140484,0.784626652112408,"ACTA2"
6.58694708295404,0.587502140195828,0.261627761988672,2.24556498029925,0.0247318857013761,0.0751295884522922,"FAS"
3.21723708486044,1.00641429546761,0.43368444007621,2.32061425881628,0.02030767193811,0.0651717840567004,"LIPA"
2.28015157025115,0.49543381034123,0.438701231131384,1.12931939822356,0.258763120688381,0.417496284456369,"IFIT3"
1.49720506453078,0.97572323058515,0.482335222514006,2.02291515328184,0.0430818959656732,0.113867451456284,"IFIT5"
8.74698715091627,0.517924212924253,0.291396106904337,1.7773889240541,0.0755042718492318,0.172191598547387,"PANK1"
15.6486494914223,1.18913111243397,0.269011690032213,4.42036965862552,9.85322029176301e-06,0.000200385716045967,"KIF20B"
16.5765842789799,-0.0771807065250068,0.160333591262357,-0.481375773581436,0.630249451758601,0.759348830979648,"RPP30"
21.6226663180678,0.461397546092414,0.157071979862741,2.93749112028518,0.00330879647396918,0.0168939961012249,"PCGF5"
5.62399803825435,0.49891516681178,0.413514873442475,1.20652290607676,0.227615932432782,0.380820986938841,"TNKS2"
1.69434710186924,-0.356800672454491,0.447713902050613,-0.796939006852986,0.42548645533477,0.588352838761833,"FGFBP3"
3.47427183148577,1.50552449692151,0.380944157161175,3.95208711990964,7.74725236487583e-05,0.000973786581973975,"BTAF1"
10.540293270707,-0.203315589582986,0.246377556219643,-0.82521960483175,0.409246925055481,0.573695831431848,"MARCH5"
4.59490814378529,1.61990411940865,0.401836097510582,4.03125585143828,5.54796089112981e-05,0.000754078288831911,"IDE"
6.99502055681503,1.62845171777945,0.322764218708626,5.04532913931681,4.52741318353882e-07,1.93573650288313e-05,"KIF11"
5.84259937034492,0.715936819799109,0.283569582043468,2.5247306662439,0.0115786990425789,0.0429414885819555,"EXOC6"
2.30429893291121,1.46818646699436,0.470297110691469,3.12182752906076,0.00179732198770726,0.0106660747467218,"MYOF"
5.38374074877519,0.355428006141392,0.565388632130591,0.628643707960681,0.529582338887468,0.679818463394552,"CEP55"
11.5199802830371,-0.0302956547009737,0.224490737811051,-0.134952804718709,0.892649189251272,0.937539714252907,"FRA10AC1"
3.10556164018564,0.180447442155002,0.3560820939478,0.506757978629091,0.612324644084491,0.746569016475062,"SLC35G1"
17.5592525844317,0.980656561033074,0.178397255362938,5.49703838793926,3.8622264809708e-08,2.87286161529746e-06,"PLCE1"
5.48108038816503,2.07548548129972,0.337027850426126,6.15820169957927,7.35756121471818e-10,1.37763991020413e-07,"NOC3L"
4.46415894206271,0.301493218614053,0.272852327484708,1.10496846918394,0.269173251957649,0.429128231981807,"TBC1D12"
45.3210266006503,0.904365619279187,0.258853512539069,3.49373516475923,0.000476313272147624,0.00385739159994273,"HELLS"
1.87204734652418,0.0290221144352398,0.709601015990846,0.0408992007920324,0.967376254591448,0.981108155104887,"CYP2C18"
127.612579437866,-0.232527010477308,0.10988427911817,-2.11610807609019,0.0343356167822069,0.0966273123230802,"PDLIM1"
2.35780239304523,0.721264492732646,0.458218210798375,1.57406335177284,0.115472804076833,0.234706092508778,"SORBS1"
13.3506859140867,-0.227080832831278,0.189177662403546,-1.20035753664658,0.230000512968228,0.383923389307556,"ALDH18A1"
9.1662352193158,-0.127065706157487,0.195310778270418,-0.650582150574188,0.515316255680552,0.667024378628224,"TCTN3"
1.76841684228447,0.0967839964229559,0.430209720117598,0.224969339131854,0.822003126708902,0.895561191418406,"ENTPD1-AS1"
8.4638677516761,-0.39244686372921,0.25376730989476,-1.54648313012406,0.121987931211965,0.244832550907769,"BLNK"
72.8864374063738,1.11002709490214,0.262573900247338,4.22748450572017,2.36318442606738e-05,0.000389441318165277,"TM9SF3"
8.38119230480108,0.929050595226133,0.416215489713176,2.23213844315685,0.0256058143228488,0.0772442065405939,"LCOR"
1.94146815664196,0.254642116140361,0.480858840523618,0.529556898367669,0.596419184923062,0.735336759170172,"RP11-175O19.4"
1.90884414948877,-0.0239236740766873,0.539578255087989,-0.0443377283111346,0.96463519838804,0.979883851322992,"FRAT1"
16.7858801660851,0.558383011795482,0.228923671869979,2.43916676346439,0.0147211730248084,0.0514337559051323,"FRAT2"
3.3412425827998,-0.057937773499267,0.314681891032256,-0.184115372223082,0.853922947337512,0.9155152660185,"RRP12"
59.2993053699899,-0.209906103143724,0.136820234208567,-1.53417441767967,0.124986749438913,0.249063705691996,"PGAM1"
15.5925332752108,-0.330965486097796,0.189095079698178,-1.75025963989154,0.0800735218375438,0.179743374773817,"EXOSC1"
9.77600478283767,-0.352232452921687,0.192610139903297,-1.82873265705809,0.0674396677065,0.158527011102292,"ZDHHC16"
5.5036940937685,-0.0582809408453147,0.261361312075241,-0.222989930615809,0.823543343414862,0.896390978893457,"MMS19"
21.8044161541011,-0.00668233096524462,0.295950286137604,-0.0225792346831441,0.981985907927503,0.988733192940564,"AVPI1"
5.26509575506647,0.095931661347206,0.343706854463705,0.279108956080875,0.780161210191919,0.867530415255229,"MARVELD1"
4.53313759190177,0.30616732436606,0.267206747156874,1.14580686162955,0.251875075420823,0.409976516647203,"ZFYVE27"
3.88454769348906,0.693411619485675,0.32764979929736,2.1163193781064,0.0343176537325546,0.0966017935550914,"R3HCC1L"
2.45760344212012,-0.227948717644944,0.460356536149168,-0.495156905019118,0.620489368011635,0.751898520040879,"PYROXD2"
13.8309163265154,-0.173586813894117,0.166020118566502,-1.04557697821775,0.295756382920885,0.458369994452078,"HPS1"
33.4432012665409,-0.512285736019037,0.193021979985944,-2.65402798197564,0.00795372309079048,0.0323996371965434,"GOT1"
7.9227141394019,0.168351089265492,0.262411705802066,0.6415532750375,0.521163279354447,0.672148283377673,"SLC25A28"
4.49136418168225,-0.0742894874207413,0.269598969448774,-0.275555531879942,0.782889468101548,0.869168790129259,"CUTC"
8.22778428365273,0.349647634360773,0.218926809666666,1.59709829459965,0.11024379828458,0.226708511526329,"COX15"
10.3352647743789,0.78465496021299,0.284209277280696,2.76083514134563,0.00576537709078867,0.0255663516561719,"DNMBP"
12.217726147308,0.344523931473624,0.226958918643573,1.51800129086216,0.129014073246714,0.254744151901693,"ERLIN1"
2.24704256961727,0.731099224238308,0.366567223222897,1.99444788819472,0.0461031295556859,0.119517523613056,"CHUK"
3.91630848338626,-0.157904651037752,0.322166990633801,-0.490132929904163,0.624039837409464,0.754645502179094,"CWF19L1"
8.02956913704369,-0.463070391838304,0.286215217760054,-1.61790975148818,0.105682048437584,0.220162487249599,"BLOC1S2"
9.66531912802141,2.17666154570798,0.447318636271294,4.86602025762203,1.13867851518685e-06,3.80493805382436e-05,"SCD"
1.4419306703345,-0.809971286815412,0.529746058303283,-1.52898029937148,0.126269327866591,0.251013161382239,"SEC31B"
183.325576979502,-0.731989099342098,0.115666832787648,-6.3284269284519,2.47673093136533e-10,6.56031656454329e-08,"NDUFB8-ENSG00000166136"
5.30166205613598,0.242211584946147,0.260564469739461,0.929564898807326,0.352596408537642,0.519087165654133,"HIF1AN"
1.20237426076358,-0.928113292624026,0.504517230533297,-1.83960672986921,0.065825995625337,0.155745166120078,"RP11-179B2.2"
6.41808102067764,0.334009063920265,0.269734229601635,1.23828949856885,0.21560873623676,0.366720575650934,"FAM178A"
35.8528758359278,-0.127778022797858,0.171228215858527,-0.746243965442184,0.455520053910187,0.615628288982571,"MRPL43"
9.31183160371159,0.181500077484818,0.275494925037774,0.658814595078049,0.510014833882711,0.662682778772985,"SEMA4G"
2.72984107048778,-0.785856865388004,0.402931784878458,-1.95034716763547,0.0511347543407773,0.129385701803551,"C10orf2"
4.78026595337623,-0.377421481683353,0.315334269835016,-1.19689332174654,0.231348137495182,0.385580229158636,"LZTS2"
1.47121762067553,-0.366521046642529,0.40002516389527,-0.916244975874786,0.359538420696872,0.52558719191924,"RP11-108L7.15"
2.281180905407,-0.0189810733841736,0.36143113205068,-0.0525164317652417,0.958117202745876,0.975636869726063,"KAZALD1"
1.48340050852161,0.116681024892309,0.452295253092079,0.257975347065061,0.796425933592192,0.878357432599899,"BTRC"
14.2835122340186,-0.745886588632948,0.213161313846142,-3.49916490555751,0.000466717834993889,0.0038138116539004,"DPCD"
6.48782848287678,-0.485783154835338,0.301428664700621,-1.61160238465648,0.107048491448085,0.221952888761316,"POLL"
10.2525255597103,0.332225479046582,0.303799151227636,1.09356947741321,0.274143841971246,0.434691505885199,"FBXW4"
29.5338044506867,-1.36178159262718,0.196752620491726,-6.92128821066677,4.47554873517006e-12,3.47174709028192e-09,"NPM3"
18.2600806856957,0.483673503862033,0.295108509137468,1.63896834176587,0.101219853114835,0.213604305604093,"MGEA5"
3.45225787766846,0.370020579080508,0.317149073740724,1.16670868596957,0.243328033876946,0.39990049151084,"C10orf76"
3.49657041374977,-0.372170498502263,0.304183282642254,-1.22350740405405,0.221138109397723,0.373376845158469,"HPS6"
0.97815826170978,1.04098759894201,0.623911801129182,1.66848518822369,0.0952194498366829,0.204671302540407,"LDB1"
5.5539128213568,0.530693405516796,0.243245392876563,2.18172027531926,0.0291301836033591,0.0852246212102586,"PPRC1"
25.1793457374848,0.527336472986222,0.168734819503008,3.12523801868185,0.00177661242541173,0.010575355653434,"NOLC1"
7.82948566623968,0.0967302058341068,0.265877226335124,0.363815311177436,0.715995928390154,0.824843954849741,"GBF1"
4.95766929463507,0.639339492056414,0.483749431583436,1.32163357787045,0.18629019653166,0.331548924014065,"NFKB2"
22.3731990750556,-0.378170530401669,0.16477293101085,-2.29510107079887,0.0217273327382061,0.0684931301993959,"FBXL15"
24.3864702131448,-0.340503044102355,0.162395198625207,-2.09675561214223,0.0360152147683145,0.0999620877615917,"CUEDC2"
1.13107474299451,-0.0684210457679059,0.467294795399049,-0.146419447512736,0.883590275860608,0.932626144022374,"C10orf95"
3.78548333175741,-0.0692081510744414,0.349770979707688,-0.197867047552888,0.843149086657862,0.909385150571495,"TMEM180"
10.9605442269211,0.160302605033694,0.194063047021495,0.826033639551886,0.408785009544473,0.573196281943573,"ACTR1A"
5.53290698570871,-0.102841701893369,0.30632143051257,-0.335731332023629,0.737073476300812,0.838857463299269,"TRIM8"
20.0791521792289,-0.240674588514687,0.154131832894639,-1.56148528175362,0.118409293888913,0.239375452649589,"ARL3"
5.1123558584922,0.404913681505355,0.277961498339173,1.45672578369567,0.145192089528869,0.277847769565377,"SFXN2"
3.44897175580258,0.0214192132278386,0.353935248781687,0.0605173214636509,0.951743620600471,0.971812789114206,"WBP1L"
20.981170982885,0.17758281896793,0.160241617854503,1.10821908406574,0.267767210856232,0.427514247265316,"C10orf32"
2.41058778716878,0.370505884906189,0.368636547980399,1.00507094843425,0.314862687863561,0.480321504452629,"CNNM2"
7.89444622504693,0.167426110577803,0.222440257043388,0.752679001558362,0.451642831254369,0.612186863133107,"NT5C2"
3.9562704457889,0.347249333921758,0.315761245380679,1.09972119442054,0.27145361732563,0.431559988897137,"PCGF6"
2.92656693079467,0.911690177421576,0.356621128537922,2.55646708639875,0.0105741073985909,0.0401660742737659,"TAF5"
293.147405376239,0.251586488781757,0.221750704719044,1.13454651294351,0.256565374651119,0.415255699550153,"USMG5"
9.45390233241723,0.286198417353816,0.283677672810806,1.00888594621506,0.313029335942655,0.478426804859739,"PDCD11"
5.66307915223448,0.0661992086567704,0.424915078730145,0.155793973832621,0.876195420810331,0.928293588525224,"NEURL1"
8.185036997412,0.688054104958794,0.235026032633917,2.92756550092697,0.00341627093036421,0.0172963647103754,"SH3PXD2A"
5.99750181097371,-0.182856644047937,0.250955017859258,-0.728643107469118,0.466220002359512,0.624815932469411,"OBFC1"
11.8623317675547,1.62029611964621,0.283171681091743,5.72195677688992,1.05304101601486e-08,1.06878742373097e-06,"SLK"
2.29056548529379,0.906414969896934,0.460296981148059,1.96919599089306,0.0489305890999183,0.125267844796113,"COL17A1"
5.40816999427154,0.119447669823078,0.270081139753826,0.442265868442174,0.65829682652255,0.78174997660305,"SFR1"
92.0165890197193,-0.206017553015632,0.127656251607458,-1.61384617221203,0.106560796660944,0.22144092073055,"GSTO1"
23.5309538260923,-0.464211765565645,0.179479216635607,-2.58643743976287,0.00969737724148755,0.0376119703009124,"GSTO2"
12.8620892133258,0.320998525154123,0.165284844829526,1.9420929092755,0.0521258537619492,0.131129666864667,"XPNPEP1"
35.7920465766132,0.665549061310632,0.239722105124298,2.77633579500538,0.00549753968605702,0.0248090571694633,"ADD3"
3.96182955936606,0.0411624768003102,0.331863522942202,0.124034351336285,0.901288076628412,0.942255476332769,"MXI1"
8.82911826016245,0.74901948871326,0.301149463020473,2.48720180737078,0.0128752339691605,0.0465153163356897,"SMNDC1"
1.59687932275902,1.2557504718002,0.702552819056668,1.78741076505297,0.0738711229914751,0.169686752764505,"DUSP5"
37.5853701634727,0.487261897964856,0.171907652267051,2.8344398375467,0.00459061007896435,0.0216356998982113,"SMC3"
1.09963441730244,-0.694311676100191,0.553984085793236,-1.25330617594551,0.210094301693272,0.360243271714528,"PDCD4-AS1"
70.167493202194,0.740180252987577,0.200133701636579,3.69842883499783,0.000216938153524535,0.00211295815899233,"PDCD4"
5.03408100517531,0.55227897528262,0.263031088490069,2.09967186180531,0.0357577164683927,0.0995714873966012,"BBIP1"
9.68960045322386,1.32909430736488,0.386194997329215,3.44151093762585,0.000578475084157925,0.00446181776559309,"SHOC2"
2.62818476099229,1.08236264872276,0.490408201035483,2.20706474002143,0.0273095367185678,0.0810996906654763,"ADRA2A"
2.29947672865333,1.65028681211928,0.470814519417588,3.50517399964797,0.000456308953396877,0.00376558908350311,"GPAM"
42.4213455769328,-0.212402741064759,0.1225308687699,-1.7334631117619,0.0830133885297407,0.184738811359218,"ACSL5"
13.9202527321851,0.177708378983222,0.190197080981627,0.934338098492627,0.350129517673655,0.516561141412293,"ZDHHC6"
4.72779258743069,0.726725893835007,0.276360674964269,2.62962845176495,0.00854782326677888,0.0341787042257801,"VTI1A"
15.3168876980659,0.804376479666071,0.276158301229072,2.91273691968015,0.00358276302480392,0.0179220665358685,"TCF7L2"
19.5449057158618,0.327928190856932,0.213867015178302,1.53332757079691,0.12519516469937,0.249288501766621,"CASP7"
2.78856911777473,1.90723668491688,0.611988869058365,3.11645649348401,0.00183038686831023,0.0108150170782639,"PLEKHS1"
1.81406907919197,0.983023551441155,0.424115581034699,2.31781994201418,0.0204591088344683,0.0654496987644923,"DCLRE1A"
2.53294845472749,1.23915747153033,0.397402946152295,3.11813861353573,0.00181997186003839,0.0107710596185378,"NHLRC2"
13.5874279245556,1.60793511031857,0.276861498329545,5.80772378976533,6.33278756551482e-09,6.94687605671625e-07,"C10orf118"
22.0696170508619,0.571676478127877,0.233661087820077,2.44660539528121,0.0144208627716383,0.0506502489327272,"ABLIM1"
4.38996521940835,0.734966524111549,0.356275200263715,2.06291800149863,0.039120419494398,0.105683521320687,"TRUB1"
11.2759534730247,1.63087387222073,0.257063526177933,6.34424453935127,2.23519546273254e-10,6.06855568131884e-08,"KIAA1598"
15.2246249172792,1.03562449901865,0.277168089825586,3.73644924157879,0.000186637102332538,0.00188292761597533,"PDZD8"
1.89780836207415,0.442113365376518,0.415225691327265,1.06475436036558,0.286987103304683,0.449002071601363,"RAB11FIP2"
17.7285771887811,0.47331863687175,0.172187925962145,2.74884916713503,0.00598048996168929,0.026363288741278,"FAM204A"
11.6051918531929,0.401470622963942,0.238132064932047,1.68591585126726,0.0918120083723698,0.199097126781936,"CACUL1"
76.1270305235436,0.811286401188761,0.181396064822612,4.47245866100857,7.732535191197e-06,0.000165305772000786,"EIF3A"
19.2349542648453,0.201357557956616,0.186016656367837,1.08247058026053,0.27904348105907,0.440402878113865,"FAM45A"
20.8121973191513,-0.245465402619834,0.184353183624311,-1.33149532757764,0.183026081397359,0.327187365263426,"SFXN4"
94.8016738748007,-0.673529902020573,0.127113459365094,-5.2986513417597,1.16661158285931e-07,7.19852374423416e-06,"PRDX3"
10.292209121872,-0.744685329274399,0.298901736527914,-2.49140516185945,0.012723893096574,0.0460912204899244,"RGS10"
14.1950150412068,0.0126985883845628,0.172311051510157,0.0736957280062464,0.941252498104426,0.966024731482716,"TIAL1"
9.11509610528872,0.647024000462929,0.403737169101847,1.60258715317764,0.109025831913403,0.224842486627337,"BAG3"
4.05741050125095,0.3131760886663,0.28509406882371,1.09850089115658,0.271985828737923,0.432089833249538,"INPP5F"
18.2550602040285,0.053375266011349,0.183149204011988,0.291430510437028,0.770722082773837,0.862091030891325,"MCMBP"
7.05574739156139,1.11049706781855,0.390666250294694,2.84257231583445,0.00447510774820963,0.0212225633823391,"SEC23IP"
9.14151416311698,0.469619346608113,0.285557158153078,1.64457213976182,0.100058076166104,0.211901463955517,"WDR11"
4.4251996044787,0.0831343962967023,0.407197554994773,0.204162316980929,0.838226657802528,0.906145879328634,"FGFR2"
6.42345583934033,1.10515737459753,0.32866868415929,3.36252715230367,0.000772325303324707,0.00557676382586857,"ATE1"
27.0280916531642,-0.339971705393538,0.145285324354142,-2.34002785143553,0.0192823018802017,0.0627151238152113,"NSMCE4A"
10.3032006691892,-0.0439775223018076,0.28206244264133,-0.155914136919424,0.876100701936627,0.928293588525224,"TACC2"
8.64469148797652,0.600406565504473,0.240710907070013,2.49430560838625,0.0126203832785424,0.0458232572400435,"PLEKHA1"
49.3249152313426,4.01416713746839,0.843722515667418,4.75768639917476,1.95824405083597e-06,5.67107477122096e-05,"DMBT1"
2.32192725022466,-0.546682402876006,0.394090463668131,-1.38720028337548,0.165380699078036,0.303846116052693,"FAM24B"
1.62942367615614,-0.536136110527105,0.42661607221394,-1.25671803161284,0.20885575637169,0.358661213503567,"PSTK"
2.16336867707268,-0.0124306076933193,0.415798205172469,-0.0298957704450966,0.976150179039224,0.985217833606281,"IKZF5"
8.5122407192481,0.099158160128709,0.230131351991792,0.430876363739633,0.666558270550324,0.787856205722303,"ACADSB"
47.2834730501308,-0.1131407432078,0.122407244368609,-0.924297771683309,0.355331302626135,0.522037059864695,"BUB3"
31.0641413025501,-0.703239798376207,0.182616366356497,-3.85091332396445,0.000117678145006177,0.00132023208137095,"OAT"
10.0307899026642,-0.355630992331341,0.234307562696471,-1.51779561973438,0.129065929691069,0.254800217495911,"LHPP"
4.48248901513864,-0.20363985166118,0.299963311584756,-0.678882529284389,0.497212296267064,0.651118477928411,"FAM53B"
9.54221448554305,-0.351308577689045,0.219117430392169,-1.60328905400308,0.108870852000036,0.224665558833144,"METTL10"
5.08419609347964,0.778081107470077,0.309528759875377,2.51376029737382,0.0119451591752979,0.0439743825910967,"FAM175B"
3.98982405818147,0.579654729792408,0.373825370667076,1.55060296939729,0.120996860111661,0.243248037914224,"ZRANB1"
34.4248242923576,0.801566591119138,0.172613445015932,4.64370890138456,3.42209637247217e-06,8.9336458185211e-05,"CTBP2"
1.78370931873182,-0.513528772342182,0.462717286577673,-1.10981108170892,0.267080442996648,0.427108468700279,"RP11-383C5.4"
3.19627827228471,0.76131332104031,0.328551502573061,2.31718106621964,0.0204938704747878,0.0655369356172542,"EDRF1"
19.7634394754059,-0.141280636909232,0.190912115847002,-0.740029705723104,0.459281969731583,0.619064439777211,"UROS"
17.7616927200495,-0.450891876018401,0.17048089017796,-2.64482356672192,0.00817335214281309,0.0330218021841333,"BCCIP"
8.75160151801851,0.357667559631209,0.218532587208168,1.63667837461012,0.101697689838875,0.214008284951423,"DHX32"
1.0930488229907,0.158934706864203,0.568617698227034,0.279510657793041,0.779852960093697,0.867462878192754,"FANK1"
3.51314074414931,0.728015528187071,0.336172013320904,2.16560421254377,0.0303414442129898,0.0879391737798424,"DOCK1"
19.610230843843,0.154060516674167,0.176889476412007,0.870942239182916,0.383785692060979,0.549333701246343,"CLRN3"
3.27087775238206,1.58480653907076,0.368069235978512,4.30572942304606,1.66436393900015e-05,0.000298267200949533,"PTPRE"
34.8469827003554,1.00374738617056,0.240983223261126,4.16521686691406,3.11056739504627e-05,0.000479159743407128,"MKI67"
48.0937874450737,-0.266828000849992,0.185017909713896,-1.44217390231359,0.149253320923862,0.283224019785627,"MGMT"
26.993404797786,-0.750703676607771,0.182293689135378,-4.11810019407898,3.82008612897179e-05,0.000561382075245381,"GLRX3"
6.58242277379303,0.51007386187479,0.248026930645347,2.05652612217398,0.0397318310376009,0.10680388244266,"PPP2R2D"
5.88280711700477,-0.385527177990684,0.348173348813871,-1.10728514776925,0.268170663659014,0.427969641048771,"STK32C"
1.22286610630817,-0.0103851395193091,0.527590883075603,-0.0196840769096856,0.984295393105367,0.990130415813661,"LRRC27"
8.79025737299896,-0.0349765793789581,0.229222055457556,-0.152588193614879,0.878723036093963,0.930035382530218,"PWWP2B"
2.93415132142432,0.66282306437812,0.363842726632558,1.82172959869966,0.068496024539746,0.16015319787392,"INPP5A"
15.6524117244428,0.157832832840987,0.182271389451214,0.865922146729626,0.386532857148976,0.5523351090313,"TUBGCP2"
31.4906843410537,-0.087780902738621,0.166024757899458,-0.528721763243165,0.596998477664558,0.735660897050897,"ZNF511"
13.3055603811631,-1.11366839992277,0.421860824491756,-2.63989528125652,0.00829316481634695,0.0334188385549268,"PRAP1"
23.0508017643625,-0.326125554567876,0.232052354104426,-1.40539644954912,0.159903421932588,0.29748398127228,"FUOM"
155.732617912537,-0.295843640303149,0.132649161876651,-2.23027146284009,0.0257294264992532,0.0775524762092394,"ECHS1"
1.55586216667866,-0.193869450880772,0.481118335201133,-0.402955856587183,0.686980699043026,0.803685273252963,"PAOX"
2.49169436100316,-0.702538676115714,0.37195399886769,-1.88877839263564,0.0589215292283978,0.143504778519937,"MTG1"
5.96366165600631,-0.151897670836896,0.294840827011802,-0.515185337038874,0.606423514366259,0.742819632370631,"BET1L"
11.0353703549837,-0.488320349743149,0.186428635946605,-2.6193419657,0.0088099582516935,0.0349588610153248,"RIC8A"
4.2922539740946,-0.440175050769888,0.303990813741102,-1.44798800119259,0.147620406333001,0.280974139703074,"SIRT3"
33.9284241310644,-0.00120824889591912,0.130419016718362,-0.00926436133565028,0.992608214862241,0.995620140326649,"PSMD13"
1.78220978539285,0.44770787820863,0.587872613142051,0.761572946587406,0.446314926365631,0.607561766951202,"ATHL1"
13.9437319189556,0.830675328657014,0.386247352864012,2.15063047681125,0.0315053778025422,0.0904304492978968,"IFITM2"
15.4901723752757,-1.96360665012751,0.531206621129518,-3.69650258867678,0.000218590031384906,0.0021252352200896,"IFITM1"
109.935088274266,0.439421353823574,0.276605996481605,1.58861832141371,0.112146589266562,0.229578126189418,"IFITM3"
30.3862538384854,0.0104983730973729,0.154861899806939,0.0677918397647251,0.945951339743901,0.968696987234207,"PKP3"
32.4896577171532,-0.00622551453793786,0.144849729018594,-0.0429791245045318,0.965718174706451,0.980708750449977,"SIGIRR"
15.4623570570876,-0.0142359067658033,0.233455473485016,-0.0609791090064848,0.951375846685827,0.971812789114206,"ANO9"
2.77460913751621,-0.0155590616185486,0.326769665981334,-0.047614767337178,0.962023262745701,0.978346939710486,"PTDSS2"
48.1426421537162,-0.19407406203963,0.140719960822448,-1.37915091011503,0.167848229890242,0.307080824900274,"RNH1"
13.1736384753825,0.246401225681722,0.206917427086781,1.1908191066883,0.233724606425843,0.388740244562051,"HRAS"
33.1136771365338,-0.247316788919457,0.16309104881536,-1.51643386142823,0.129409682285277,0.255385998476851,"RASSF7"
1.56194957197768,0.269593239304483,0.412407247305342,0.653706357165152,0.513301006783747,0.665129332260052,"MIR210HG"
5.04735321741491,0.625760559631467,0.267760536200807,2.3370156353518,0.0194383711103671,0.0631093304211022,"PHRF1"
3.02340976860547,0.0286496656535845,0.347946207464037,0.0823393531499999,0.934376861360109,0.962836390015256,"IRF7"
16.4993963927026,0.583118318652302,0.238862756419764,2.44122745375826,0.0146374323466181,0.0511956570963842,"CDHR5"
5.68287462047959,0.0816980084676841,0.288613593465652,0.283070549403651,0.777122756843062,0.866572865727041,"DEAF1"
17.3769515177383,-0.0459980972809512,0.179820400545978,-0.255800215889243,0.798105107197078,0.879494821325243,"EPS8L2"
8.77070696175605,-0.566669436983913,0.216877785680246,-2.61285145090601,0.00897903200658201,0.0353818169780409,"TMEM80"
107.262927369535,-0.284893094635026,0.129990515269894,-2.19164524460507,0.0284051322875212,0.0835761952431538,"TALDO1"
9.66442185260093,-0.0173649653913013,0.271150415561586,-0.064041817363017,0.948936929688105,0.970473213712479,"PDDC1"
4.65343594516772,-0.496728705860312,0.350754337719369,-1.41617266685875,0.156724956508732,0.293150710934348,"AP006621.5"
3.53841772504689,0.785365857358473,0.341592398359946,2.29913154136091,0.0214974709302933,0.0679064963068603,"SLC25A22"
7.04581595387482,0.0315067663918854,0.242596557510188,0.129873097603878,0.896666828994341,0.939789341593687,"PIDD"
2334.59822765657,-0.485504686175934,0.190096571883399,-2.55398969779283,0.0106496407497809,0.0403682717426251,"RPLP2"
10.3084956157665,0.229774331348096,0.252861774586861,0.908695399783194,0.36351093310467,0.529896474297545,"PNPLA2"
24.6576384828188,-0.316465868104697,0.218238603590444,-1.45009115206121,0.147033102132008,0.280185907905529,"EFCAB4A"
82.6695088783435,-0.399022910526562,0.150910333822906,-2.64410594303514,0.00819070152981723,0.0330795904104928,"CD151"
227.729542876074,-0.194099579655825,0.173982933421508,-1.11562425025666,0.26458300735066,0.423988705891717,"POLR2L"
28.0388385107902,-0.52094289689322,0.182983298871832,-2.84694231716801,0.00441413598923441,0.0210252266855639,"CHID1"
12.3418981456877,-0.00472760683707905,0.18931781780028,-0.0249718008162677,0.980077456280721,0.987442357844756,"AP2A2"
80.0261031626247,1.12695905765076,0.425403589058648,2.64915267909363,0.00806938675010415,0.032686885530075,"MUC2"
42.862127101722,0.583525425100065,0.267743289623809,2.17942128790583,0.0293003861293606,0.0855842370534847,"MUC5B"
10.2456516455054,-0.407070031343432,0.218611288663856,-1.86207232861317,0.0625928958265301,0.150112688114907,"TOLLIP"
10.1560835231184,-0.131811011758595,0.187301208044206,-0.703738182657558,0.481595837140832,0.637898620728068,"MOB2"
7.51475669731872,0.781051646199495,0.424270186023151,1.84092984124243,0.0656318406886702,0.155489046657714,"DUSP8"
60.4311339873663,0.497266418680586,0.15665279135747,3.17432210668918,0.00150186921295959,0.00933083504161395,"CTSD"
161.428422147651,-0.698559394802142,0.13656380592882,-5.11526015294454,3.13308832756518e-07,1.49193116269073e-05,"MRPL23"
17.963108941832,-0.717130710152846,0.368136121602747,-1.94800419755249,0.0514144608960046,0.129821214910628,"ASCL2"
45.1319694135429,1.01347813827421,0.232494246942265,4.35915362037274,1.30566437113939e-05,0.000246905989552226,"CD81"
16.4140397880246,-0.116024150855055,0.152404329938966,-0.761291696249832,0.446482859217744,0.607619830660887,"TSSC4"
17.5839346765239,0.172708716991183,0.194304044908269,0.88885806300491,0.374079366190417,0.54015448967264,"KCNQ1"
13.9401057455358,1.82331428327146,0.376212728165418,4.84649812929711,1.25659772408415e-06,4.02556085060585e-05,"KCNQ1OT1"
2.26724023018088,1.40911666720984,0.644794371721984,2.18537370828263,0.0288614569908025,0.0847122764648961,"CDKN1C"
10.0938103727815,-0.605059558678418,0.311447723484696,-1.94273232088065,0.0520485089349062,0.131026149057274,"SLC22A18AS"
24.6731036434751,-0.336781885290106,0.209421723668372,-1.6081516252985,0.107801974888605,0.223038568735046,"SLC22A18"
47.289817276425,-0.111864459965077,0.385067896710281,-0.290505806692168,0.771429309138148,0.862526747373653,"PHLDA2"
30.7141707243945,0.534207455386333,0.152043481184135,3.51351765446209,0.000442215025918187,0.00367722448810989,"NAP1L4"
6.08083140666909,-0.0722345666984398,0.237435260812219,-0.30422847243219,0.760953834394323,0.855547336390749,"CARS"
3.43829172921124,0.455913330515667,0.350295252622682,1.30151158801672,0.19308340064235,0.340072288513773,"OSBPL5"
6.08770264244214,0.226322509065261,0.247950699542239,0.912772214327655,0.361362354670284,0.527685245625828,"ZNF195"
9.5262458701661,0.647469931665865,0.270090317760304,2.39723488437106,0.0165193304738807,0.055870423215928,"NUP98"
10.0161066106082,0.192811448106858,0.215816692336558,0.893403777156289,0.371640980651252,0.53770597520285,"PGAP2"
9.80260454111156,0.20510876503924,0.238886402049606,0.858603768483429,0.390559158289148,0.555748487817105,"RHOG"
4.42672988826724,0.35213648287027,0.337866249860867,1.04223633764923,0.297302119751107,0.459761798150867,"STIM1"
38.9185811742779,0.215308132258121,0.13331263922684,1.61506165887062,0.106297342908198,0.221048475275596,"RRM1"
2.59255530141936,0.449687309994248,0.391147650134794,1.1496612847841,0.250283405941257,0.408120951770077,"TRIM21"
2.32524402930392,0.506553374019283,0.363676514311526,1.3928679859304,0.163659714958385,0.301948545041437,"TRIM68"
2.22256163871324,1.68073941691847,0.434065765520253,3.87208471717184,0.00010790843029948,0.00123751966511214,"TRIM5"
1.41578044545166,1.89537797379216,0.714276544741727,2.65356322805967,0.0079646847230329,0.0324267214829109,"TRIM22"
10.9938045508999,-0.315697797109906,0.205441205040182,-1.53668197695861,0.124371206756789,0.248193918665699,"FAM160A2"
3.26501140809643,-0.179048608951063,0.418342171803026,-0.427995600298618,0.6686543236013,0.789560286431458,"SMPD1"
2.2972750401121,0.366606761485467,0.382737180579912,0.957855102893309,0.338135828708564,0.504694213822843,"TRIM3"
15.6918381269308,-0.204078293324255,0.16438290297355,-1.24148125889401,0.214428017219109,0.365277757594717,"ARFIP2"
12.3517319822215,0.14739310830384,0.219285859450006,0.672150537538165,0.501487866056297,0.655431322157164,"TIMM10B"
7.09207025066424,0.506183198172023,0.224793451309769,2.25177021493609,0.0243367968482328,0.0742826345620596,"RRP8"
22.119932993503,-0.290477749136966,0.137741574116733,-2.10886038583232,0.0349566344455155,0.0979940759107636,"ILK"
25.2612996284029,1.73545632171566,0.226815075341629,7.65141522935243,1.9877933425242e-14,3.08391938568755e-11,"TAF10"
10.488557232236,0.659070642330193,0.28373525126951,2.32283665628902,0.0201879290511348,0.0648833706704124,"TPP1"
43.5798645329415,-0.282319417833078,0.158511424383894,-1.78106668923331,0.0749015567382392,0.171248611826795,"MRPL17"
1.42690237326621,1.1715100912254,0.533117561379509,2.19747045697382,0.0279868641523741,0.0827265499985799,"ZNF215"
5.53550269072591,-0.124934934243787,0.252770802497341,-0.494261730427117,0.621121348639604,0.752140750145183,"PPFIBP2"
2.59277942750133,-0.0552802658825745,0.404896859120475,-0.136529253407041,0.89140290019123,0.937144247575272,"CYB5R2"
144.067770399309,-0.30448048887474,0.107344487799436,-2.83647996386768,0.00456138402849467,0.0215470337318191,"EIF3F"
0.938037155829911,0.605691663029904,0.569995593936755,1.06262516670806,0.287951969407489,0.450274785855339,"STK33"
2.48581853815982,0.664205354709371,0.447366095142977,1.48470204139429,0.137622770728055,0.267080645122709,"TRIM66"
1919.81577514848,-0.549751309139554,0.185101065111672,-2.97000618990435,0.00297793748568636,0.0155333338590557,"RPL27A"
7.35074417627731,0.66433286820253,0.254135833466575,2.61408577901276,0.008946657153737,0.0353080648728154,"ST5"
10.1204305517037,-0.334745851767294,0.225283546345034,-1.48588681773774,0.137309060963208,0.266567107983632,"AKIP1"
25.8300854317114,-0.0925682958395694,0.208414563088296,-0.444154642880462,0.656930782434477,0.780961114583818,"TMEM9B"
4.13671397765896,-0.379120196068618,0.337658403024201,-1.12279212563072,0.261525790447691,0.42082828334004,"SCUBE2"
10.387580545844,0.680561225798761,0.286209256461426,2.37784491743188,0.017414148103553,0.057924237443907,"TMEM41B"
22.3405895342939,1.32265350898531,0.334280000939969,3.95672342128189,7.59848204634417e-05,0.000961765909362444,"IPO7"
3.73042216535168,0.959238339210679,0.332463026692586,2.88524816955855,0.00391105223915005,0.0191684089495529,"ZNF143"
21.3041236786305,0.403633446250422,0.393943314631173,1.02459778160805,0.305553011693173,0.469151096704066,"WEE1"
3.44417310900382,0.452496014124956,0.400607003126762,1.12952597082227,0.258676020176055,0.417479800729968,"SWAP70"
3.02892782504873,-0.280443235466212,0.335010186261837,-0.837118532410903,0.402525944298565,0.567644689661396,"SBF2-AS1"
6.84734606696114,0.677911096841188,0.366123240042447,1.85159264067092,0.0640843406233488,0.152804219674452,"SBF2"
9.82621830067896,-0.445399771701643,0.536613983619672,-0.830018943407412,0.406528073346843,0.571285568911325,"ADM"
539.350108955592,-2.85625679742424,0.587791562397616,-4.85930214066616,1.17800242484944e-06,3.90033729691005e-05,"MTRNR2L8"
8.85213051270961,0.284436004354825,0.290410816142504,0.979426345523073,0.327369364988724,0.493439459233524,"RNF141"
8.95246879682659,0.655400392210534,0.257599055744316,2.54426550717275,0.0109507811135515,0.0412792373804822,"CTR9"
79.6986776877772,0.715642448362867,0.217052672027256,3.2970911699857,0.000976917843290646,0.00670203902598636,"EIF4G2"
8.22824389355345,0.581615248863972,0.27243628884175,2.13486702280625,0.0327718736997267,0.0933147740899403,"ZBED5"
6.04196743194597,-0.0295785400292766,0.306535788027552,-0.096492942046356,0.923129079201744,0.955143083091743,"ZBED5-AS1"
10.5971500788947,0.66145134746112,0.269680271884337,2.45272426803548,0.0141778969642454,0.0500396363443956,"USP47"
5.36051746417704,1.18449189583871,0.319916886876004,3.70249881900672,0.000213486354711466,0.00208682431338121,"MICAL2"
12.1745530950854,0.386402731278821,0.17292042127819,2.23456968484472,0.0254456129137577,0.0768463170865986,"PARVA"
6.66482900889516,1.40500461057021,0.309360687617512,4.54163915069692,5.58185240545388e-06,0.000129251422437589,"TEAD1"
7.77744903047734,0.236199344693304,0.304342061853914,0.776098260143486,0.437690970900381,0.599548129049147,"BTBD10"
20.3714332235661,0.838773332351933,0.23627015319437,3.55006047531492,0.000385142665492439,0.0032986193590283,"FAR1"
6.0162187904152,0.126669218454453,0.258465853624324,0.490081055885101,0.624076542824166,0.754645502179094,"RRAS2"
17.7805082204943,1.14820921182857,0.227377392416243,5.04979496697996,4.42284515370542e-07,1.8985019118277e-05,"COPB1"
69.0748894247285,-0.146650664223343,0.132915878917457,-1.10333442036986,0.269881964224198,0.429816414646545,"PSMA1"
2.66989268813921,0.561460658266181,0.356809203786398,1.57355990907201,0.11558922788395,0.234819669251875,"PDE3B"
3.61866962990231,-0.369117801733619,0.325644050856968,-1.13350082939407,0.257003993092824,0.415547968901855,"CYP2R1"
46.2426957670618,-0.0430457509323085,0.111853003706687,-0.384842154486862,0.700354365159276,0.813481379636746,"C11orf58"
1.11437560852061,1.54830706564126,0.553320884404852,2.79820825361871,0.00513869688016731,0.0235967222488867,"PLEKHA7"
1503.74676142421,-0.0749810854243578,0.106855640784158,-0.701704513436171,0.482863457707183,0.638642936390209,"RPS13"
6.11388443816891,1.38096739463076,0.299428814511918,4.61200568449565,3.98802085860186e-06,0.000100022878809275,"PIK3C2A"
54.7976555386015,0.111308586360449,0.246470632813917,0.45160993457783,0.651550011829987,0.776454858825157,"NUCB2"
3.1196025741348,1.40668212764344,0.375444284763541,3.74671338659314,0.000179166598983543,0.00182528073636142,"NCR3LG1"
2.95883423349347,0.430476277425195,0.367409247326776,1.17165335537221,0.241336257286206,0.397469177150166,"RP1-239B22.5"
26.6914092387999,0.030133166304916,0.157221350246218,0.191660777990558,0.848007930967736,0.912371806309633,"USH1C"
3.97688288584697,-0.537867582622783,0.331305039998116,-1.62348143760759,0.104486528280131,0.218468174263038,"SERGEF"
10.5270760472069,-0.214808067656658,0.245582797434735,-0.87468694835494,0.38174426356298,0.547305193758449,"SAAL1"
1.89136695252753,0.469640413365055,0.406208257020489,1.15615673794973,0.247617051795047,0.404622507146285,"HPS5"
5.13207846920932,0.127909666667647,0.26705684690606,0.478960446622217,0.631966767434389,0.760850271831836,"GTF2H1"
135.855954469796,-0.0286282067060485,0.123060365440346,-0.232635476122701,0.816044477022819,0.891753171711392,"LDHA"
0.85054302614466,-0.566842464428822,1.12025881566524,-0.505992415772434,0.612861973870497,0.74682237839246,"LDHC"
24.2776960634655,-0.240599935966232,0.176168969473353,-1.36573391264927,0.172022495993778,0.312925344471093,"TSG101"
4.41093697884557,0.745860833417872,0.325702378278669,2.29000732926709,0.0220208917797501,0.0692376620521386,"UEVLD"
10.759106208888,0.792909239146916,0.328640809859731,2.41269256695583,0.0158351700513296,0.0541296653312683,"SPTY2D1"
1.79458486077158,-1.08198995229024,0.433602466339937,-2.49535008742772,0.0125832913493238,0.0457191515736555,"IGSF22"
9.4214437363511,-0.184506230170834,0.229055592375144,-0.805508515455287,0.420526294404841,0.584080499098542,"ZDHHC13"
9.83573365115061,1.09198538777151,0.226835816187216,4.81399016313302,1.47946093177179e-06,4.56447321563683e-05,"E2F8"
6.68680617407857,0.799143490946643,0.344759820806225,2.31797165075047,0.0204508618248503,0.0654496987644923,"NAV2"
33.4278897374766,-0.277287578523194,0.152302745364443,-1.82063414457616,0.0686624889175371,0.160429137186844,"HTATIP2"
3.50736365151789,0.396312219088489,0.302369317962874,1.31068926489807,0.189962766998079,0.335828691127974,"PRMT3"
5.76993766471267,0.215510589870526,0.249852990401292,0.862549571747736,0.388385166686939,0.553670636678938,"FANCF"
41.2069905969887,0.443310935351804,0.185246858242241,2.39308207198905,0.0167075033415855,0.0563139311885842,"SVIP"
49.7938205476394,-0.226682320248774,0.133073767267423,-1.70343355346089,0.0884869629602577,0.193587513647945,"CCDC34"
11.3665492144875,1.03254312980978,0.36480620451815,2.83038807186298,0.00464915750234985,0.0218287291290616,"LGR4"
11.4005212435737,0.567278940088375,0.265083507857283,2.14000088000115,0.0323546956270117,0.0923205450628868,"LIN7C"
1.77223645902729,1.58934979693893,0.541715818650152,2.9339180105526,0.00334712611911525,0.0170576206727319,"KIF18A"
7.77068996153525,0.851524840179772,0.266482861026722,3.19542066194787,0.0013962716590758,0.00878172352527066,"METTL15"
7.32227731116014,0.909658440669684,0.251431200610137,3.61792187470074,0.000296978005653328,0.00267427955339564,"ARL14EP"
1.64225437921625,0.576982105066849,0.441350382027245,1.30731076388019,0.191107190013277,0.33745760003018,"DNAJC24"
18.3812553756019,-0.0394003920222786,0.164531778351567,-0.239469799798121,0.810741311552747,0.88874309363327,"IMMP1L"
4.30952344844042,-0.373408567875493,0.288877120444467,-1.29262077696207,0.196142250040453,0.34372748472589,"ELP4"
30.6024535599198,0.387710095119041,0.162887440952354,2.38023320184918,0.0173016848086009,0.0577578385587396,"RCN1"
71.2195175922418,-0.249038411980466,0.121289927762394,-2.05324891006886,0.040048443056618,0.107521901506767,"EIF3M"
20.8026456491533,0.451207365039399,0.178415848480494,2.52896460085903,0.0114399564732676,0.0425472353766047,"PRRG4"
8.14201668373004,1.90959169304629,0.33408631819401,5.71586320376448,1.09148519665172e-08,1.0748390436593e-06,"QSER1"
19.4291621978478,-0.551528021052064,0.337463352941995,-1.63433456179422,0.102188620362369,0.214863197896483,"CSTF3"
8.67474381662565,0.903278172007596,0.435465232935213,2.07428309699751,0.0380530266950156,0.103598864353941,"HIPK3"
69.7079843950479,-0.227422750288022,0.167445134177874,-1.35819264862266,0.17440256265233,0.316113208014158,"CD59"
6.83483182922834,-0.164223766387945,0.31114529447964,-0.527804113710262,0.597635301651187,0.736099249664479,"FBXO3"
28.4835032184735,1.04866178490161,0.235589392824924,4.45122665467759,8.53811650881404e-06,0.000178315279395616,"CAPRIN1"
6.41700755301709,0.352232573520965,0.275172784888523,1.2800414607268,0.200530554771269,0.348665037594618,"NAT10"
41.2559131615706,-0.502098233222085,0.14026621480404,-3.57960920185625,0.000344108429287493,0.00300403339394065,"CAT"
29.3672157219811,0.681500655587451,0.229489258753652,2.9696407548164,0.00298148189537903,0.0155443559211792,"EHF"
19.9201367106697,0.00120939593184948,0.232570824927099,0.00520011885509963,0.995850924150541,0.997320272618487,"APIP"
8.46265482439693,0.0648382174065956,0.231946832104225,0.279539137561752,0.779831107152336,0.867462878192754,"PDHX"
22.4196270315418,0.480972974292437,0.20021284623642,2.40230826010276,0.0162919729777586,0.0552390966401682,"CD44"
11.161893516946,1.53178382504425,0.267269115118991,5.7312414281848,9.9698241526957e-09,1.04107971440649e-06,"TRIM44"
12.32168623389,-0.161380540313467,0.205492343681355,-0.785336024799594,0.43225657933559,0.594274007417633,"COMMD9"
5.83432207068443,0.483545607787633,0.266710122759352,1.81300058199864,0.0698317315556117,0.162357654612276,"PRR5L"
1.92620288222536,-0.267598146757539,0.406502118759402,-0.658294592840544,0.510348851814265,0.662727314444926,"TRAF6"
6.32186286067191,0.163088536291161,0.272062609330154,0.599452224224056,0.548871360211369,0.696429836650948,"C11orf74"
10.9646663100326,0.534970061474681,0.283768136492581,1.88523654588917,0.0593979087930654,0.144470613548195,"API5"
12.271158405964,0.0128232103922374,0.213299555832716,0.0601183173690913,0.952061401198059,0.971920613674111,"TTC17"
32.9789212092281,0.582594103378334,0.23104301778381,2.52158281590433,0.0116828171559207,0.0432194945040181,"HSD17B12"
5.64537716454289,-0.0368985898655194,0.243009312595132,-0.151840229789854,0.87931295121034,0.930372043077191,"ALKBH3"
2.10369683092547,-0.554654819000197,0.448607053861763,-1.23639344104275,0.216312352969065,0.367571921959638,"ACCS"
5.65902224667978,0.259164446423817,0.256388923235941,1.0108254411027,0.312099984248114,0.477395214775663,"EXT2"
8.736586375201,0.466885038933757,0.280186996729683,1.66633371420943,0.0956469652430237,0.205281826588782,"CD82"
22.4641534307665,0.0182486684540855,0.173277857601699,0.105314485685945,0.916126268980398,0.950796185123005,"TP53I11"
11.0144663673526,0.347924270200112,0.303593532003429,1.14602003509146,0.251786862271091,0.409932813402656,"SYT13"
8.95314740765566,0.315005671182267,0.236899328260284,1.32970267790783,0.183616252184218,0.327864600250018,"SLC35C1"
2.23326835490863,0.262156662140801,0.385402473286102,0.680215308183013,0.496368140800294,0.650320019915771,"CRY2"
11.2195715731534,-0.283119460854461,0.258786849244849,-1.09402568824736,0.273943711976084,0.434628007605591,"PEX16"
2.14187162122778,0.783586691199948,0.47952619314314,1.63408527501655,0.10224094626791,0.214890912854295,"PHF21A"
13.8824405459342,0.724106210895838,0.271934416458861,2.66279723002764,0.00774940957909228,0.0318059667531905,"CREB3L1"
9.60031598615135,0.686922439943695,0.229069640207342,2.99874937299385,0.00271090206015165,0.0144648755671278,"DGKZ"
51.4635860919209,0.418798223852888,0.313525549764092,1.33577063868641,0.18162425262918,0.325323995308081,"MDK"
2.46969310281191,-0.22849016379771,0.343820618023594,-0.66456213449663,0.50633059498543,0.659559825061985,"AMBRA1"
6.94673548682024,0.1824329690573,0.317443884363752,0.574693601116139,0.565498535849578,0.709322487794689,"ATG13"
8.99682487243758,0.30368332342481,0.228300109156649,1.33019350952844,0.183454522095529,0.327737474906637,"ARHGAP1"
2.03879657037202,-0.468450017646536,0.40113854012451,-1.16780107316822,0.24288701514112,0.39941288496358,"ZNF408"
9.96601734067404,0.714941833943374,0.282134582017422,2.5340453794467,0.0112754128863365,0.0421808418689679,"CKAP5"
5.95143041011366,-0.346373986090307,0.270798492987508,-1.27908387623961,0.20086752086555,0.34902740425598,"C11orf49"
13.4769756136844,-0.250018769657599,0.168499467346143,-1.48379560835046,0.137863152545844,0.267356042258548,"ARFGAP2"
12.1291048125438,-0.285517623970516,0.2217519573504,-1.28755401928362,0.197901253992375,0.345921071681504,"DDB2"
6.06400811784652,-0.09434754338733,0.246870895908401,-0.382173617672359,0.702332589327622,0.8147118051803,"ACP2"
6.8965479860308,-0.966789511900047,0.27939101391913,-3.46034576537915,0.000539482182600234,0.00423016354010003,"NR1H3"
4.91500933401335,0.0929712873929342,0.293910063450742,0.316325634792412,0.751755355606342,0.849521398301149,"MADD"
1.76169362134011,-0.196790289770601,0.382221524867876,-0.514859255607402,0.606651374456478,0.742884843674989,"SLC39A13"
64.8459738837497,-0.227054797239275,0.137787200703069,-1.64786566590155,0.0993802403313196,0.210763051315452,"PSMC3"
28.4515359568415,0.268307052938776,0.273750279505556,0.980116087637934,0.327028818853397,0.493336987463244,"CELF1"
102.568266504136,-0.50988626269783,0.129101454015196,-3.94950054271128,7.83144333671227e-05,0.000980488895201038,"NDUFS3"
26.4540500484353,-1.18361767608656,0.202775508662944,-5.83708399446794,5.31223193908291e-09,6.13732328281281e-07,"PTPMT1"
2.94156008030175,-0.140203078851194,0.287659879913784,-0.487391842384191,0.625980673434091,0.756169918323067,"KBTBD4"
68.7339539799405,-0.348028974153388,0.102951925014616,-3.38049991881141,0.000723540964629028,0.00530922626748057,"MTCH2"
11.8806641908275,0.946508680039911,0.287771793642261,3.28909469569679,0.00100510200992399,0.00683922796226477,"FNBP4"
10.9473876870082,0.424141605420552,0.281967887033899,1.50421954032503,0.132524848042225,0.259833877909111,"NUP160"
5.82126940044747,-0.304303854441711,0.274049851562541,-1.11039598345583,0.266828428250245,0.426768296141041,"TNKS1BP1"
44.5489674436048,-0.283669641120614,0.15215954649361,-1.86429078988171,0.0622808795031182,0.149639458275191,"SSRP1"
1.37829271437659,0.400001007645341,0.443545170818578,0.90182699296923,0.367148778384393,0.533384238632761,"SLC43A3"
4.24317564522313,0.120149530065763,0.301516162456865,0.398484542542398,0.690273050190699,0.806298729057769,"SLC43A1"
50.4900244755464,0.0724210468910298,0.22245808634101,0.3255491768459,0.744765469984783,0.844274843844963,"TIMM10"
11.927432539962,0.597551745078537,0.407974573931535,1.46467888751032,0.143008547705885,0.274821782142911,"UBE2L6"
4.56493593693165,-0.556035872654598,0.277372928461944,-2.00465083502512,0.0450003879909335,0.117561754530079,"CLP1"
7.74894492562271,1.17139725813556,0.275591657891998,4.25048155338077,2.13311404070807e-05,0.000361398104244768,"ZDHHC5"
13.6692148191161,-0.10410276625261,0.200510405973403,-0.519188845821891,0.60362905659917,0.740470840696972,"MED19"
35.8409837821931,-0.364348687000715,0.12988413880667,-2.80518229822535,0.00502881291554667,0.0232101494676692,"TMX2"
104.085637413991,-1.1320594224756,0.173801852318223,-6.51350608394466,7.34166304415167e-11,2.416074565439e-08,"C11orf31"
39.3675071420994,0.567869477461881,0.285979122647285,1.98570256529624,0.0470663600059345,0.121510832519898,"CTNND1"
1.85059875628481,0.551127328669878,0.523800461109531,1.05217037706012,0.292721387832948,0.455437574765877,"LPXN"
16.4073689434254,0.982562104911266,0.310420587095265,3.16526076477565,0.00154944020808443,0.00954989821781891,"ZFP91"
18.5600905842635,1.5538053005588,0.252481496554708,6.15413533966487,7.54882007643317e-10,1.38949467847566e-07,"FAM111B"
12.9969600053832,1.62767975365466,0.277644532258601,5.86245924028723,4.5606158317735e-09,5.62821453784776e-07,"FAM111A"
10.3196394978121,0.0969737936937967,0.278958805011627,0.347627649500989,0.72811983858542,0.832567209101083,"DTX4"
10.6017814315912,1.20937840357428,0.241632425846887,5.00503357252483,5.58522958561456e-07,2.25053177727088e-05,"OSBP"
7.46422781792067,0.72538853394544,0.323467823011184,2.24253691508709,0.0249266922508159,0.0755101472367812,"PATL1"
9.71201711488319,0.351831307031731,0.246093476797416,1.42966531096376,0.152813100861911,0.287966384758,"STX3"
56.7462533560486,-0.73228825279775,0.168748942425836,-4.33951313869468,1.4279872953281e-05,0.00026554695252163,"MRPL16"
6.18744964582052,-0.112431446816694,0.452055935640374,-0.248711360591751,0.803584060446415,0.883470965409127,"MS4A8"
3.72220151157779,-0.559393839890553,0.387399281428953,-1.44397232185662,0.148746761157048,0.282509588346544,"CCDC86"
25.1168170923552,-0.222527616325458,0.143880041079342,-1.5466190769486,0.121955126823414,0.244811955139052,"PRPF19"
10.9511150842204,0.0949238662804957,0.23533939971744,0.403348807698439,0.686691640873699,0.803520226256694,"TMEM109"
1.0338415773867,0.531617927118432,0.552764444760899,0.961744070475419,0.336178178866241,0.502266363816441,"TMEM132A"
3.88978221076902,0.156519202429547,0.330126912563639,0.474118275344711,0.635415567081645,0.763904179804458,"VPS37C"
25.3570694570331,-0.178215808488299,0.190133639783039,-0.937318660136423,0.3485946671809,0.515066406201983,"DDB1"
10.7322657456385,0.0345638878043682,0.236404699782388,0.146206432597087,0.883758427652909,0.932712976123479,"DAK"
14.8725859768991,-0.192644708609763,0.199823866988228,-0.964072568073723,0.335009544723796,0.501060963462392,"CYB561A3"
5.99726067914182,-0.35820473258976,0.244162649426232,-1.46707423691347,0.142355861636755,0.273819457558476,"TMEM138"
6.85066837722289,-0.725972429133152,0.262179023914515,-2.76899508699773,0.00562294831217682,0.0251919218936635,"TMEM216"
8.57524764777433,-0.0948611864522323,0.20181014076843,-0.470051634130132,0.638318127974891,0.765727921109832,"CPSF7"
12.8899645707646,-0.232650097823602,0.217536265725498,-1.06947729863661,0.284854652777909,0.446613143439045,"SDHAF2"
2.39899364497855,-0.414786252928281,0.424217467699399,-0.97776797164373,0.328189095182053,0.494159372637827,"MYRF"
189.174205492678,-0.16587854417823,0.164105195852206,-1.01080616806077,0.312109210396612,0.477395214775663,"TMEM258"
33.7209138570674,-0.103416153363249,0.157045539500341,-0.658510605855345,0.510210084252705,0.662705599208752,"FEN1"
2.65178063353765,-0.448424384609161,0.584998115479582,-0.766539878921732,0.443355132779289,0.604803007409004,"BEST1"
2407.45144074359,-0.724987139586686,0.183363771589651,-3.95381886673411,7.69136446590153e-05,0.000967882017377643,"FTH1"
1.76632169965479,1.06263087390491,0.528347926109826,2.01123316926586,0.0443008337818932,0.116237510237101,"INCENP"
4.07543153566964,-0.0136565256458729,0.364335189358973,-0.0374834110037539,0.970099566952913,0.982257514786659,"SCGB2A1"
23.6948290969605,0.16528670574478,0.209409802978546,0.789297842764856,0.429937947179998,0.592002802887635,"ASRGL1"
28.4572429063651,0.860145206089719,0.275900050034657,3.11759713701274,0.00182331850526787,0.0107849885442315,"AHNAK"
8.19625840659058,-2.11903605139964,0.440453851186757,-4.81102854632812,1.50155567012274e-06,4.58725425571774e-05,"EEF1G"
3.51869779982652,-0.439481755076744,0.343719545747765,-1.2786056554353,0.201035957436501,0.349152486448169,"TUT1"
4.74128066029967,1.80823589393219,0.497586928142388,3.63401004259249,0.000279049992871578,0.00255091155099776,"MTA2"
3.88327286995959,-0.232631144254534,0.374594954054225,-0.62102049623674,0.534586137569497,0.684150861687956,"EML3"
1.93626279610144,-0.0656484403398947,0.391039245126476,-0.167881973888993,0.866676131599849,0.92302665383685,"ROM1"
12.9930098746509,-0.198650391427191,0.213374920804506,-0.930992221007992,0.351857588095563,0.518336056255807,"B3GAT3"
25.1078007577809,0.412276600998668,0.179239331006224,2.30014583676589,0.0214399591817635,0.0678037148264274,"GANAB"
5.26188787935239,0.411873899237246,0.299352336529913,1.37588336209993,0.168857747070971,0.308460072866399,"INTS5"
41.687456728226,-0.310407833317395,0.157268892816561,-1.97373954733347,0.0484113658787268,0.124143431745684,"C11orf48"
14.0581940443733,0.303617481489804,0.300553295425384,1.01019515044772,0.312401802248773,0.477748074177681,"METTL12"
63.1668019134824,-0.578470170499384,0.154219972622216,-3.7509419867194,0.000176171461488688,0.00180663085152706,"C11orf83"
54.8876165527801,-0.350562205213954,0.136659148927311,-2.5652304142507,0.0103107309758036,0.0394693473377606,"UBXN1"
18.487662821618,0.0877998114708965,0.210786659885184,0.416534004185661,0.677019290242597,0.795473537451511,"HNRNPUL2"
8.16819788222176,0.172098504430593,0.267560559919015,0.643213276585623,0.520085719621176,0.671118217096717,"TTC9C"
50.8841429494968,-0.762998349040414,0.133869819924482,-5.69955460813224,1.20120843085848e-08,1.15443571319674e-06,"POLR2G"
5.37430288378382,0.114359711779823,0.324649451500912,0.35225598334178,0.724646295384407,0.830833907081362,"TAF6L"
27.5018389930432,-0.177683900792706,0.160405978852032,-1.10771370284528,0.267985479566958,0.427799839496864,"TMEM223"
41.0611899587421,-0.352030356230313,0.151867617987564,-2.3180080183989,0.0204488852809574,0.0654496987644923,"TMEM179B"
8.77100240621135,-0.560934252380312,0.23726397909698,-2.3641778853883,0.0180701337283668,0.0596116805255356,"NXF1"
8.96506963940233,-0.400734248224479,0.214551266858333,-1.86777852255276,0.061792948320881,0.148697411647411,"STX5"
1.45527890263629,-0.0720038608756115,0.530541042318674,-0.13571779585784,0.892044378831854,0.937267990916596,"RP11-727F15.9"
24.0242923703789,-0.623504038238301,0.256398276650208,-2.43177936444916,0.0150248566128096,0.0520454272566159,"WDR74"
15.5083021887289,0.155502220933035,0.252651349173412,0.615481458704987,0.538236810360771,0.687434053924258,"SLC3A2"
7.34267265388066,2.59960943629044,0.609169977466151,4.26746151723291,1.97709863178219e-05,0.000341899540464244,"RARRES3"
10.1962877266899,0.596750872118786,0.235180973116492,2.53741135692638,0.0111675645748838,0.0418928329130356,"ATL3"
39.3736662565714,0.0882575708578951,0.154185047083651,0.572413295110336,0.567042010852984,0.7108480016003,"RTN3"
1.27473686236638,0.855273026110738,0.546984446979788,1.56361489039256,0.117908035838955,0.238806652221383,"C11orf84"
10.3960406986277,1.09753591399633,0.245522441914491,4.47020608559512,7.81442633202003e-06,0.000166075675079721,"MARK2"
3.94146596998471,0.444649035486322,0.314370613175599,1.41441030697724,0.157241465559855,0.293944502057577,"NAA40"
401.181105766692,-0.431321186221278,0.113430515693804,-3.80251454895605,0.000143234852099619,0.0015409583442183,"COX8A"
21.6974753533657,-0.194606868732777,0.189228575357717,-1.02842220507602,0.303751267799931,0.467375852693008,"OTUB1"
42.1455835046522,-0.799723182888819,0.160097010272611,-4.9952412073596,5.8762275436354e-07,2.32057567723202e-05,"MACROD1"
24.4687166405776,0.214783096748764,0.192865649149561,1.11364101225826,0.265433224576319,0.42515484422954,"STIP1"
6.64268310057653,-0.235363041536673,0.268042642757505,-0.878080588653215,0.379899986323276,0.545512872070709,"FERMT3"
15.7204220690978,-1.07466874032224,0.286860164161522,-3.74631571261713,0.000179450723019988,0.00182646190440213,"TRPT1"
29.8277011757392,-0.212743859620829,0.156235158420695,-1.3616900432102,0.173295724835746,0.314451390428772,"NUDT22"
22.5766500447786,-0.14885132691846,0.189555764983353,-0.785264045815393,0.432298771510064,0.594274007417633,"DNAJC4"
10.6045612498903,1.25709816229898,0.30971762968641,4.05885245722627,4.93144582465873e-05,0.000685729854747679,"VEGFB"
110.063467992472,-0.0104626605509189,0.229277483202602,-0.0456331795201779,0.963602623276483,0.97920131831034,"FKBP2"
93.1753407743608,1.15710660717452,0.214224600133118,5.40137130122078,6.61333780319836e-08,4.43338571251445e-06,"PPP1R14B"
15.6405792279868,-0.246325752091083,0.20464133193091,-1.20369501980297,0.228707477870295,0.382352710848431,"PLCB3"
45.9985032935934,-0.518511988261567,0.152552116166434,-3.39891704744281,0.000676532320106672,0.00503919135552706,"BAD"
5.30837951175938,0.218663918564153,0.253349829165007,0.863090846695371,0.388087520151922,0.55364265942067,"GPR137"
27.950575166536,-0.040061335417767,0.157466381619175,-0.254411989440727,0.799177289392472,0.879783615083857,"ESRRA"
68.1994441873975,-0.646754466636598,0.140735679130277,-4.59552595783409,4.31659048976746e-06,0.000106299711380668,"TRMT112"
774.658882883127,-0.657537917190303,0.16649390000612,-3.94932136952844,7.83730719760874e-05,0.000980488895201038,"PRDX5"
18.0753907067405,-0.549550992249922,0.236362010328836,-2.32503942357474,0.0200698522539478,0.0646186170998733,"AP003774.1"
6.50808767051123,0.511747596126828,0.312524507625029,1.63746389048256,0.101533577955925,0.213779773237928,"CCDC88B"
9.37086867842292,0.108325689526267,0.260074862865661,0.41651733786445,0.677031483118261,0.795473537451511,"RPS6KA4"
41.5864762244948,0.241331975633473,0.154969469764957,1.55728722566776,0.119402306947864,0.240844920775224,"SF1"
3.17945426277381,0.445412337783489,0.287605898963373,1.54868985437678,0.121456293953796,0.24390076781402,"MEN1"
1.47526310745749,0.796572567787609,0.438338790766632,1.81725319448558,0.0691783532200579,0.161243173827522,"CDC42BPG"
6.59812298211014,0.907932299717109,0.357046246874432,2.54289831545664,0.0109937217526705,0.0413836458350093,"EHD1"
6.00440084251507,0.314466150169731,0.381983225259749,0.823245968342963,0.41036813288851,0.574597876248105,"RP11-665N17.4"
2.22104879407707,-0.0718372136849475,0.44623538800086,-0.160985021844142,0.872105197604924,0.926316459411153,"MIR194-2"
4.17990013721232,0.312894931441932,0.324722720487642,0.963575726921884,0.335258681117899,0.501295508321683,"ATG2A"
1.09591312511322,0.803090557471601,0.549575776534984,1.46129176677873,0.14393538835988,0.276172847630441,"BATF2"
55.49357917401,-0.517425958405009,0.177205830233867,-2.91991498091309,0.00350126890748936,0.017619916744826,"ARL2"
23.7694649941755,-0.153427788167986,0.20427728374915,-0.751076112586228,0.452606850788541,0.612958752280417,"SAC3D1"
10.927758315782,0.289425254408868,0.209826365442,1.37935599179442,0.167785020874586,0.307016904245661,"CDCA5"
13.2117934748766,-0.14715175046012,0.172697726781081,-0.852076939302486,0.394171390270346,0.559715127920497,"ZFPL1"
49.3142036358997,-0.0135816220517655,0.152426033068607,-0.0891030342937053,0.929000025971238,0.958751333464568,"VPS51"
4.32734643918812,0.317609687931907,0.310507329305146,1.02287340090379,0.306367707357816,0.470069695098316,"TM7SF2"
6.73989963600716,-0.219277124948766,0.268881037824061,-0.815517251507512,0.414776293770667,0.57838604909469,"ZNHIT2"
1060.53933656986,-0.183407082576796,0.116674398602954,-1.57195652836347,0.115960633295641,0.235477277036399,"FAU"
6.10963336708193,0.104610697521909,0.264540429725911,0.395443137482977,0.692515878655379,0.807377610541859,"SYVN1"
11.6942909372152,-0.239092601378427,0.22214256668925,-1.07630250672708,0.281791987940038,0.44313075427582,"MRPL49"
29.9955357246988,0.215385263524261,0.129972057475225,1.65716591479916,0.097485935686108,0.208231758587309,"CAPN1"
10.0556267153444,-0.0262276157422784,0.213451835454112,-0.122873695072615,0.902207116045601,0.942663086019461,"POLA2"
2.71845512191474,-0.0118668556999195,0.354780028710629,-0.0334484884705801,0.973316943066705,0.984100363253367,"CDC42EP2"
5.62118884145844,-0.126898100808362,0.283706553029455,-0.447286463612939,0.654668239318561,0.77905950898527,"DPF2"
2.99530832435915,0.702214167866757,0.5019783675925,1.39889328545091,0.16184498640596,0.299682276618708,"SLC25A45"
4.36262998673644,0.467284446028792,0.396039030509264,1.17989493466822,0.238042004739997,0.393887768882665,"FRMD8"
331.04937425403,0.802244119522194,0.382694290840161,2.09630542896514,0.0360551054647376,0.0999893884951609,"NEAT1"
4876.35603594521,0.754195791724185,0.386904570299193,1.94930701165139,0.0512587717433999,0.129548582995886,"MALAT1"
10.0423512753126,-0.0232536841752294,0.195497336718102,-0.118946296484643,0.905317902801362,0.944299624190487,"SCYL1"
4.88122268241839,-0.0218639146211582,0.285951946283564,-0.076460100745308,0.939053056007526,0.964956948687447,"LTBP3"
21.0093751875561,-0.456741582755955,0.168336565254685,-2.71326423979797,0.00666239571183398,0.0285081234950816,"SSSCA1"
9.66408801706545,0.0880403578882709,0.230164147837158,0.382511171768418,0.702082243925705,0.814709625126902,"FAM89B"
9.15418616487946,0.43830681346386,0.287799871696002,1.52295694532774,0.127769477399669,0.253253609155028,"EHBP1L1"
15.7009171114949,0.283109703754259,0.215991786363203,1.31074291537269,0.189944634412487,0.335828691127974,"MAP3K11"
4.47552075527138,0.4640246999228,0.349493331587251,1.32770687731121,0.184274960705294,0.328608550617323,"PCNXL3"
5.16617805896549,-0.41624942113225,0.289795342021074,-1.43635649292796,0.150900926459849,0.285552197482831,"SIPA1"
8.6502308329032,0.0310644521039258,0.210380048629602,0.147658736207531,0.882612098309893,0.932202053859862,"RELA"
10.5715067205692,-0.171575994110688,0.223386533466057,-0.768067758823784,0.442446930252704,0.603791613790445,"KAT5"
46.1921302832496,-0.312746017369663,0.189298193581364,-1.65213418814395,0.0985071988742985,0.209597997604797,"RNASEH2C"
1.29286009594309,0.792196763647486,0.51931337191585,1.52546960369019,0.127142009494498,0.252424538045749,"AP5B1"
13.495039615432,-0.0510382611833223,0.277985330303829,-0.183600555926959,0.854326826968989,0.91580192882077,"OVOL1"
697.405403167655,-0.417924323037944,0.101598160998813,-4.11350283242654,3.89700257272927e-05,0.000569602260293942,"CFL1"
9.4463047231736,-0.0769307037614548,0.216893055128965,-0.354694177347964,0.722818713500337,0.829577020283638,"MUS81"
30.856648100504,-0.450566979666787,0.156493478452172,-2.87914221169601,0.00398758475637319,0.0194542544717937,"FIBP"
24.8363357923187,-0.261701566712681,0.195421492875223,-1.33916470937912,0.180517058357949,0.323874979971472,"CCDC85B"
1.5682435580614,-0.231178523104029,0.778999657403466,-0.296763318066898,0.766647212438155,0.859835663232301,"FOSL1"
4.32113633792777,0.55379128862084,0.337799511546104,1.63940819833085,0.101128275372575,0.213543276404077,"C11orf68"
54.8377812980975,-0.549778975975186,0.153142703909,-3.58997824866586,0.000330705556259992,0.0029127837315357,"DRAP1"
10.1937058904105,0.0952181070374314,0.275474373427175,0.345651415239914,0.729604701072915,0.833235712167414,"SART1"
5.11206526718773,0.0824462347392888,0.307484823961532,0.268131069615336,0.788598431067599,0.872560260967308,"EIF1AD"
111.521227295719,-0.473877603160663,0.158075441647168,-2.99779395346167,0.0027194146226441,0.0144839837184477,"BANF1"
46.9598002407407,0.0641746662113684,0.116003857206987,0.553211485863448,0.580118602878428,0.722984625574906,"SF3B2"
1.35057366563507,1.51816716077993,0.488295044938969,3.10911850635241,0.0018764643785727,0.0110392216420907,"PACS1"
22.6847635831341,0.495170825238162,0.191651218883225,2.58370819723236,0.00977444531176425,0.0378298204154525,"RAB1B"
56.9738207372563,-0.49412029526414,0.161974280442447,-3.05060960242828,0.00228377309728908,0.0128174552126922,"YIF1A"
2.24700840441717,0.392131754393988,0.398137909500535,0.984914385284029,0.324666126687579,0.490727089189577,"RIN1"
15.5132867614011,-0.350607796065973,0.19301903766736,-1.81644152982565,0.0693026694817745,0.161404029717364,"BRMS1"
4.51431568811065,-0.179139643185569,0.348509631883821,-0.514016333543651,0.607240571110665,0.74305719462105,"B3GNT1"
3.22296490128305,-0.110871440311839,0.314568383475866,-0.352455765219474,0.724496486934907,0.830749851981109,"RP11-867G23.8"
6.60603064610514,-0.367697912023897,0.215798124185345,-1.70389762845245,0.0884002141589955,0.193553694711026,"SLC29A2"
92.5884143839883,-0.274658799445059,0.131165779198637,-2.09398214323201,0.0362615709784131,0.100408123616921,"MRPL11"
4.72072094468697,-0.8462540209757,0.319956307194943,-2.64490495091286,0.0081713866633544,0.0330218021841333,"CTD-3074O7.5"
11.1286679472755,-0.227026245110278,0.200294355663552,-1.13346301925566,0.257019862533495,0.415547968901855,"DPP3"
7.21027350229303,0.16902991415579,0.227417649437586,0.743257678433528,0.457325689037691,0.617193366891739,"ZDHHC24"
21.9391290376369,-0.224408143135879,0.177332643021117,-1.26546437989511,0.205704909425431,0.354877730954755,"CCS"
17.3368774165299,0.0899409444023488,0.193109695752124,0.465750536512662,0.641394074240215,0.768229805475762,"RBM14"
6.27893158763807,0.0677482751791256,0.307303943866268,0.220460155267673,0.82551280047361,0.897853681837096,"RBM4"
5.81870655563549,-0.497764865637276,0.256172658088419,-1.94308350216466,0.0520060700238875,0.130949668550758,"RBM4B"
0.949292969183376,0.610137892263972,0.524131091652926,1.16409406345235,0.244385894196383,0.400910998636363,"RP11-658F2.8"
2.89960965186822,-0.363759136871432,0.343473520428039,-1.05906020475207,0.289572362053727,0.451962611656148,"C11orf80"
8.74351203190216,-0.654584821303384,0.26772767995117,-2.444965053381,0.0144866178232656,0.0508021434622256,"RCE1"
2.23748924051607,-0.56951100308457,0.421373746113063,-1.35155787074537,0.176516795200571,0.318804655891934,"PC"
5.11695609695642,0.563426942596423,0.30890796236832,1.82393143341716,0.0681624388324582,0.159638577899611,"LRFN4"
9.9351552456129,0.815051309068404,0.267081260861222,3.05169784821375,0.00227551031113641,0.0127845115405012,"KDM2A"
15.1000718544212,0.65169922355124,0.237258062297944,2.74679484962179,0.00601807649635918,0.0264814873381121,"ADRBK1"
4.85430238271641,0.576607459803039,0.389960723682969,1.47862957673607,0.139239343379671,0.269255567860262,"ANKRD13D"
6.60203355138965,-0.370553897494089,0.273180887917997,-1.35644151506426,0.174958731832873,0.316728092632939,"SSH3"
51.9203309961663,-0.067810680954656,0.188219831671916,-0.360273836993204,0.718642362548236,0.826655656950942,"POLD4"
10.9469750840871,0.13702833161159,0.26361550046501,0.519803772425659,0.603200349751975,0.740149744529472,"RAD9A"
90.3686889206831,-0.552780763681463,0.126462493519328,-4.37110441442447,1.23619655254528e-05,0.000236774154508673,"PPP1CA"
22.3389470830982,-0.196477022332551,0.159409358160653,-1.23253129301569,0.217750684550051,0.369264902281941,"RPS6KB2"
1.50812269136727,1.32360932822757,0.620335802288014,2.13369810890431,0.0328675009784865,0.0935135081546669,"PTPRCAP"
30.5009606990148,-0.127871746231035,0.135804380112904,-0.9415877906495,0.34640372305987,0.513015741501458,"CORO1B"
33.7203728896628,-0.861103319793626,0.169124123595936,-5.09154638312237,3.55154964780576e-07,1.64828329808421e-05,"TMEM134"
10.0435158936595,-0.0435834200180699,0.256503577128322,-0.169913497916898,0.865078165677794,0.922048177373721,"AIP"
5.26568716432402,0.0933159710571018,0.337807787735679,0.276239845394322,0.782363855191693,0.869168790129259,"PITPNM1"
59.5719866116384,-0.167498027077379,0.119625478317839,-1.40018689523936,0.161457359088108,0.299328806463978,"CDK2AP2"
762.60694954001,-0.312751962501988,0.105881316552952,-2.95379744683831,0.00313889953408631,0.0161863480247756,"GSTP1"
130.048852001797,-0.121549581662841,0.132619529793844,-0.916528522245474,0.35938975472576,0.525445510550214,"NDUFV1"
55.2568550434587,0.0185351060457338,0.157082637737173,0.117995892561636,0.906070912408703,0.944512392854532,"NUDT8"
0.593681343772187,1.76794087910243,0.818941104509662,2.15881321546435,0.0308646608001675,0.0890752634307253,"TBX10"
3.17429594100871,0.152782539681988,0.381020008479377,0.400982983260465,0.688432652448072,0.804950323598843,"ACY3"
1.49362792729392,-0.704011608542475,0.493540893123224,-1.4264504083691,0.153738371992519,0.289400705350649,"RP11-119D9.1"
10.5187745416991,0.17037350188525,0.180398075720379,0.94443081615423,0.344949540191165,0.511564843654647,"UNC93B1"
2.94592807808185,0.0994238408972397,0.32466307900518,0.306236980200799,0.759424217927048,0.854824523910421,"ALDH3B1"
165.574621151121,-0.458675711506661,0.131364269495607,-3.49163218634578,0.000480078848733749,0.00387356789028637,"NDUFS8"
13.4571012637624,0.727343741901931,0.254685067361741,2.85585546666091,0.00429210471399312,0.0205884528241896,"TCIRG1"
1.52525111737515,0.273714112945754,0.473546114764081,0.578009415370491,0.563257762544826,0.707410581847671,"RP11-802E16.3"
9.72026710709951,0.0769843917413881,0.211091792905236,0.364696280617354,0.715338135309834,0.82455841705607,"CHKA"
10.2465770575021,0.677878726579696,0.259071951699838,2.61656548357303,0.00888193259113228,0.0351522550800643,"SUV420H1"
5.86746366676348,0.452899240064788,0.25278634041249,1.79162861144221,0.0731924768364959,0.168690640586661,"C11orf24"
7.29640020629906,-0.220437986328691,0.238438904267931,-0.924505113817278,0.355223390215722,0.521949129717594,"LRP5"
11.7331234651937,0.528365079642128,0.247434122526794,2.13537677926743,0.032730245866799,0.0932451390643855,"PPP6R3"
4.89566229890178,0.0728189301121167,0.270133150109422,0.269566804676213,0.787493541216453,0.871870716445171,"MTL5"
23.4825787142342,1.32233223832971,0.285263617603914,4.63547454609426,3.56119546623426e-06,9.20823399126287e-05,"CPT1A"
68.0286549701732,-0.489479310443935,0.108029715861511,-4.53096915548148,5.87137113980565e-06,0.000134238085427978,"MRPL21"
2.04917139199195,0.0206897641078305,0.396207394307106,0.0522195304911284,0.95835377108206,0.975784919740406,"IGHMBP2"
1.10413478011484,-0.257990876863307,0.472674529602277,-0.545810829029413,0.58519597869171,0.727226035998624,"TPCN2"
0.816252432153252,1.31889647727512,0.879755172345905,1.49916308392735,0.133831329361077,0.261828181744064,"MYEOV"
20.8916270184854,0.719443503220755,0.184387209621828,3.90180807386971,9.54768477279912e-05,0.0011332006189355,"CCND1"
2.32160380958191,-0.00294186204687004,0.366106184410622,-0.0080355431624462,0.993588633170037,0.996156993743224,"ORAOV1"
9.52138365181359,-0.595676542950875,0.259448765854392,-2.29593130261865,0.0216798096124311,0.0684028856452649,"FADD"
13.2291229895252,1.01635178866792,0.225310784149302,4.51088833810298,6.45566989205835e-06,0.000143960112993334,"PPFIA1"
32.9193704323598,0.412640461860034,0.224257316667823,1.84003121053682,0.0657636553178419,0.155674736043331,"CTTN"
2.11996505203062,0.590936742815556,0.422514555703736,1.39861866257198,0.161927366869849,0.299707070708531,"SHANK2"
8.82250287811043,0.0948377344296119,0.243140855099989,0.390052648250377,0.696497616296364,0.810801169790815,"DHCR7"
4.57822166077647,0.0268401673398154,0.364054981207787,0.0737255874120183,0.941228738379714,0.966024731482716,"RP11-660L16.2"
12.7932729919642,-0.0777059707929759,0.184313609093296,-0.421596490759631,0.673319568150526,0.792991395966076,"NADSYN1"
1.32422723765086,0.0722918045457872,0.439705798415686,0.164409486539098,0.869408796015492,0.924214910408012,"FAM86C1"
3.21104677945971,0.504655309364519,0.315912120774881,1.59745472293587,0.110164382612347,0.226631027688974,"RP11-849H4.2"
5.36028710228802,-0.126016581316157,0.270706626340047,-0.465509777207527,0.641566436879372,0.768266788456277,"RNF121"
20.8050899787982,-0.134180476645615,0.195995025728395,-0.684611643315681,0.493589017799545,0.647623140425645,"NUMA1"
2.20294930846533,-0.283928965075832,0.37180397822532,-0.763652305257921,0.445074470335736,0.606162658534274,"LRTOMT"
64.9030242407984,-0.402708430111889,0.123507147940049,-3.260608287282,0.0011117350731993,0.00738651020859303,"LAMTOR1"
38.7170455442736,-0.216080272945451,0.148632986101926,-1.45378410682856,0.146006171150478,0.278868445583169,"ANAPC15"
9.70445065253474,0.320394644836448,0.311073364305743,1.02996489445989,0.303026485381531,0.466392804881439,"INPPL1"
5.84817503621794,-0.36812283537885,0.334152744153039,-1.1016603688589,0.270609352519815,0.430732258045065,"ARAP1"
134.316991035298,0.0167135333756849,0.152382968880084,0.109681111337563,0.912662280994383,0.948312146065848,"STARD10"
7.20815371056093,-0.485178877489397,0.21546144751455,-2.2518129488415,0.0243340950471284,0.0742826345620596,"ATG16L2"
2.28445640610115,0.340905348995256,0.402856665603018,0.8462199539009,0.397430052463945,0.563017267122155,"FCHSD2"
1.59676634428265,1.0851545705227,0.47078633654649,2.30498314475943,0.0211675174208735,0.0671768670925443,"RELT"
1.73383263118443,0.831653543166861,0.50652869981202,1.64186855251341,0.100617248319727,0.212836641361948,"FAM168A"
0.817510987947026,0.584949675285672,0.553904858875444,1.05604720000698,0.290946651196636,0.453390500027761,"PLEKHB1"
13.781194382586,0.561573110959677,0.20480709434813,2.74196122330176,0.00610735509999053,0.026733525346996,"RAB6A"
28.854753505156,-0.622616516698313,0.155834448001653,-3.99537152845506,6.45928771114336e-05,0.000847196431678948,"MRPL48"
53.6304144623493,0.154127970610249,0.128978045747924,1.19499384345983,0.232089435512578,0.386578415593036,"COA4"
7.44317277951551,-0.353509249489302,0.248331679275967,-1.42353666080779,0.154580642372035,0.29054097891317,"PAAF1"
8.27361834512303,0.191245431930078,0.396932282211145,0.481808712722304,0.629941839446588,0.759201906158023,"UCP2"
3.03375836513146,0.217428558517596,0.344261871831744,0.631578970278367,0.527662031816508,0.678315538059573,"C2CD3"
6.29996886619435,0.898646958944108,0.2287925392543,3.92778087027249,8.57332701347891e-05,0.00104613855467844,"PPME1"
7.39513666763071,0.828506967483231,0.247329248298908,3.3498139552098,0.000808658551436455,0.00578526473557306,"PGM2L1"
8.55315513057458,1.08405694018285,0.258750801194036,4.18957906673272,2.79472392403853e-05,0.000439865243696498,"KCNE3"
1.19062584489301,-0.343858582233051,0.48619291989766,-0.707247202006625,0.47941286998745,0.636109589505857,"LIPT2"
3.67348196208258,1.38433610105072,0.435239866455409,3.18062798871055,0.00146956208098344,0.00917209436751732,"AP001372.2"
14.3600545139555,0.825648947847211,0.230384696677379,3.58378381791311,0.000338652407233361,0.00296116356083277,"POLD3"
5.41575057572201,0.774104333099555,0.257954431930618,3.00093441816796,0.00269152526311214,0.0144060938183331,"RNF169"
2.88184586268583,1.47701450406498,0.451923564794195,3.26828388499195,0.0010820177640899,0.00723120794954852,"XRRA1"
98.5724444379193,0.0358746352754564,0.222545651854641,0.161201241077891,0.871934903663528,0.926316459411153,"SPCS2"
7.12935277892912,0.341631580488803,0.259744167962279,1.31526179459173,0.188421933500246,0.333891210948301,"ARRB1"
3147.99872220672,-0.695361362073656,0.144435064063617,-4.81435284833178,1.4767767508039e-06,4.56447321563683e-05,"RPS3"
15.6990447601057,0.0180905704812812,0.287573147551274,0.062907718037393,0.94983998891482,0.970848214551995,"SERPINH1"
10.6715443247054,0.257159126152705,0.235346656277923,1.0926823020125,0.274533312912444,0.435118473179969,"MOGAT2"
1.81638387269928,-0.526747502591604,0.476084639570251,-1.10641566396069,0.268546648736866,0.42831790355153,"DGAT2"
2.83678601414027,1.55542280691435,0.381123759197608,4.08114889029493,4.48136352110824e-05,0.000634387117346813,"UVRAG"
10.4454146680922,1.38745994745822,0.340166191220499,4.07877085750374,4.52744334065119e-05,0.000636067719009985,"PRKRIR"
0.993151078970943,0.391931099372078,0.522283165503752,0.750418786701757,0.453002519663617,0.613094360911525,"RP11-111M22.2"
13.1715495590271,-1.06151935033685,0.202541242144359,-5.24100345736133,1.59705722791237e-07,9.0806499974494e-06,"RP11-111M22.3"
6.43729043751094,1.00096134983496,0.243587461509067,4.10924824961772,3.96949183159889e-05,0.000578640017331059,"C11orf30"
4.34997724302731,0.321263503671292,0.297797858329843,1.07879722665923,0.280678131457121,0.441955126522305,"TSKU"
5.75452747946877,0.688114795400737,0.323015412735602,2.13028471172049,0.0331481149611297,0.0941612612734206,"ACER3"
1.41231736136049,-0.479340416875843,0.513548937202636,-0.933388002878303,0.350619672429753,0.51714766877032,"CTD-2547H18.1"
17.8684803843212,0.187907430339928,0.22637365527498,0.830076406689963,0.406495585526664,0.571285568911325,"CAPN5"
22.0019206696784,0.342624027554441,0.171761214177088,1.99476947805685,0.0460680277078356,0.119488603034892,"PAK1"
44.8693345652511,-0.291373627863365,0.13788758342142,-2.11312447889418,0.0345901150166905,0.09721755928604,"CLNS1A"
2.27893965533425,0.0228465798600247,0.377571703170792,0.0605092480929118,0.951750050434984,0.971812789114206,"AQP11"
22.3710387599938,0.507206589640815,0.165385555591823,3.06681310726203,0.00216354084317624,0.0123080427223122,"RSF1"
29.533781335294,-0.561029248992052,0.153707056710054,-3.649990189132,0.000262250325229269,0.00242386258041691,"AAMDC"
3.78620339828689,-0.147826021692457,0.293476902381743,-0.503705812937099,0.614468122903726,0.7481080509792,"INTS4"
4.25766776285118,0.716541125209046,0.309148000312722,2.3177931750625,0.0204605642086051,0.0654496987644923,"KCTD14"
169.631606822221,-0.526573336069116,0.117989031370759,-4.46290074553162,8.08575129632724e-06,0.000170839025443801,"NDUFC2"
11.0201597897821,-0.0852053445245422,0.199077993521957,-0.427999815635799,0.668651254615306,0.789560286431458,"ALG8"
2.59051748999245,-0.0826289035143194,0.365995191046744,-0.225764997835084,0.821384201913805,0.89532648434893,"GAB2"
7.35823265545912,-0.255110554494499,0.218753429966896,-1.1662013918278,0.243533029979903,0.400093523552935,"NARS2"
9.12165883795417,-0.132503829176228,0.223616285457925,-0.592549996548259,0.553482351743226,0.69901364576479,"PRCP"
2.02156677819742,0.931470649152993,0.441026040380107,2.11205362919202,0.0346818496770734,0.0974501649399786,"C11orf82"
8.92988896156729,0.326663664382666,0.219485425332916,1.48831597308651,0.136667584464864,0.265464132943736,"RAB30-AS1"
12.010821573492,1.26754887236438,0.33990344186992,3.72914397509827,0.000192131357053203,0.00192308436644957,"PCF11"
1.04359745073787,0.418837951795995,0.521672720017006,0.802874936190533,0.422047024031833,0.584994343457014,"ANKRD42"
15.0995460468799,-0.0260845766700402,0.152461554672958,-0.171089536152204,0.864153363503796,0.921695691185545,"CCDC90B"
22.537939346535,0.116641700531145,0.184785906241644,0.631226173594718,0.527892650578075,0.678346492600275,"TMEM126B"
23.1327928438913,-0.0269622822051558,0.161773482714526,-0.166666883550593,0.867632164116695,0.923410946913692,"TMEM126A"
9.62255989722176,0.375389150053232,0.316917117288387,1.18450260202145,0.236214166887522,0.391612577380477,"CREBZF"
10.1071492737978,1.2633171812547,0.345819492785821,3.65311154405377,0.000259081616243376,0.00240733588282344,"SYTL2"
8.63007991054089,0.925243274852874,0.333568695211112,2.77377130449036,0.00554106159607428,0.0249278910245927,"PICALM"
9.63796065799889,-0.0994453103551673,0.222012057563191,-0.447927520003558,0.654205506394374,0.778764857990015,"EED"
20.3688665776115,-0.649895815057868,0.192771883874052,-3.37132055773486,0.00074808755751091,0.0054488469983692,"C11orf73"
6.97801577915643,-0.758265326303403,0.272447617704457,-2.78316005363624,0.0053832242708552,0.0243895767966156,"ME3"
4.60043605885283,-0.796260849458381,0.402485263369364,-1.97836025794476,0.0478880797494032,0.123150496348217,"PRSS23"
4.18079511911036,0.834627628250035,0.468190513762711,1.78266667887475,0.0746405785396319,0.170903791469619,"TMEM135"
1.17808029966355,-0.311081339572962,0.526538812965759,-0.59080419508066,0.554651623840278,0.700137977868997,"RAB38"
28.4861472592748,0.0278567021356927,0.194851081067346,0.142964062519441,0.886318563543635,0.933962701347164,"CTSC"
13.072749825403,1.22861611629209,0.269298176124836,4.56228903578816,5.05989251079048e-06,0.000120179884327843,"CHORDC1"
3.62165438360595,0.761969153403036,0.429933325082375,1.77229609557957,0.0763454190297788,0.173672235162002,"SLC36A4"
32.9555673360031,-0.40532617290595,0.158249709903625,-2.56130752563652,0.0104279005064311,0.0398196200773002,"SMCO4"
7.040070902026,1.71352613850231,0.331008027768938,5.17669057772352,2.25856331264193e-07,1.15154918193856e-05,"KIAA1731"
39.2231814032058,0.716499051842789,0.228878830935721,3.13047322425381,0.00174524908604421,0.010436897067423,"TAF1D"
13.7202565292209,0.587712871422514,0.219058540806312,2.68290325161145,0.00729861013040765,0.0304155433677003,"C11orf54"
5.55207168058539,0.51390496085135,0.257038545896384,1.9993303302397,0.0455726245730986,0.118731934433837,"MED17"
1.74449649753406,0.393066842136137,0.442520548313514,0.888245401561918,0.374408761652611,0.540199169861479,"PANX1"
4.85779518423711,0.540368630529089,0.284229587127946,1.90116952984856,0.0572798107565627,0.140864751996438,"MRE11A"
6.09354619923152,1.11760726404738,0.302114058880242,3.69928916313823,0.000216204160705655,0.00210849354236028,"ANKRD49"
1.57813311309909,1.12591601795288,0.602061645220881,1.87010088898756,0.0614698090674545,0.148347139216123,"PIWIL4"
6.63048282166553,0.784880620642995,0.291001155506207,2.69717355340967,0.00699308130849823,0.0294702611603767,"FUT4"
31.0455310363152,-0.166571986958149,0.129186288244936,-1.28939370595067,0.197261248447883,0.345358239262294,"CWC15"
8.28080636448679,0.626096153912569,0.233494735280115,2.68141443601058,0.0073311659900371,0.0304927087904262,"ENDOD1"
3.40060017783056,1.09086143174648,0.425463080077592,2.56393911205536,0.0103491697991343,0.0395885819015845,"SESN3"
3.8599906125135,1.58038906080963,0.398296877751431,3.96786705869162,7.25187660202931e-05,0.000926533881153392,"FAM76B"
22.6428296979571,0.639422705597193,0.185820221268324,3.44108246795094,0.000579391914532208,0.00446353735552703,"CEP57"
4.82807932192095,-0.294243511944362,0.347757026839092,-0.846118091757522,0.397486869033645,0.563024311687151,"MTMR2"
3.73884635034228,1.5057470120332,0.377606966074928,3.98760390382846,6.67439759034414e-05,0.000868071351271106,"MAML2"
6.57205307340705,0.641505193016313,0.241359529091189,2.65788218692597,0.00786333760352512,0.0321491260466887,"CCDC82"
4.2231364867056,0.515471127218155,0.347675275890839,1.48262232883077,0.138174781243938,0.267816905998423,"JRKL"
1.92677114408708,1.64194770504616,0.474978061613249,3.45689167088967,0.000546444469465,0.00426934312114381,"ARHGAP42"
1.09366165870214,1.21244645381015,0.518942769411728,2.33637796935599,0.0194715511134795,0.063179278485924,"KIAA1377"
8.42137834847101,0.168343148472115,0.38874495275475,0.4330426601791,0.664983778082241,0.786337525040629,"YAP1"
8.01474198094657,1.67658867936842,0.434686137194938,3.85700977304584,0.000114782574799081,0.00129577833920792,"BIRC3"
10.3943332241893,0.474405041472551,0.305529759373879,1.55272940496778,0.120487794276577,0.242583879466745,"BIRC2"
49.6646733567045,0.418560642751301,0.2488583514335,1.68192323199227,0.0925837270756456,0.20033820170395,"TMEM123"
13.1924267919595,0.176401812288605,0.194273436201198,0.90800788691417,0.36387405473135,0.53028344530092,"DCUN1D5"
6.8911131290546,-0.172476824985567,0.327825913657957,-0.5261232190617,0.598802596982437,0.736549582315755,"CASP4"
1.57245732026582,0.764726987219747,0.549417222801761,1.3918875409839,0.163956455233763,0.30225209706988,"CASP5"
25.4753283838577,0.228298105566329,0.273998601745094,0.833209016806292,0.404726858168492,0.569722154598153,"CASP1"
28.093296867062,-0.0486639283749357,0.218853611625314,-0.222358351838627,0.82403493065674,0.896515662886416,"CARD16"
0.827465285936392,1.03828877318147,0.58370749986703,1.77878264955992,0.0752754028119337,0.171813971109205,"MSANTD4"
4.70299316711135,-0.452464820498441,0.288540066391836,-1.56811782209822,0.116853638009709,0.236892012093605,"KBTBD3"
6.19762385580638,0.461367173413043,0.248456509683625,1.85693332809243,0.0633206402033739,0.151467434495295,"AASDHPPT"
6.85131451381276,1.49017295464875,0.29847422885651,4.99263524478405,5.95609781312377e-07,2.33910423479852e-05,"CWF19L2"
6.24680666025053,0.790969526451866,0.254494227257311,3.10800576883869,0.001883543914081,0.0110675763897927,"SLC35F2"
7.99980145128391,0.999019622561412,0.257437866104497,3.88062423635806,0.000104188707185085,0.00120627863542647,"CUL5"
52.4825481798916,-0.894315618352038,0.136896108479666,-6.53280526586245,6.45490501723954e-11,2.19063339022567e-08,"ACAT1"
4.47532550510938,0.879507976856512,0.284893395863399,3.08714764760015,0.00202087193433448,0.0116475571559482,"NPAT"
6.32189577609902,1.25139945018199,0.265361886741839,4.71582210070518,2.40736714605713e-06,6.68644685580063e-05,"ATM"
6.79439333949685,0.770607137716803,0.243672579158489,3.16246965652867,0.00156437037891319,0.00960376614753944,"KDELC2"
5.89983796829216,1.19252716599226,0.375181707258039,3.17853227628732,0.0014802273677307,0.00922275915866633,"EXPH5"
6.82326520573931,1.01367608775214,0.294403772623978,3.44314911020804,0.000574982197614595,0.00444434638156192,"DDX10"
4.75894391589255,1.37138940708359,0.438173935953378,3.1297831627062,0.00174935380945143,0.0104556865000785,"ZC3H12C"
6.55382716858825,0.848939982210975,0.46169699699397,1.83873836680394,0.0659536773697642,0.155979297960723,"RDX"
30.227065363075,-0.192501373768137,0.154291106506425,-1.24765048437916,0.212159081865312,0.362271639788881,"FDX1"
1.0993998766065,-0.102724637640052,0.637998409827903,-0.161010805133137,0.872084890414082,0.926316459411153,"C11orf53"
5.7511374754204,-0.525713043881763,0.379131296459384,-1.38662528994908,0.165556052541755,0.303872118126821,"COLCA1"
3.04313060651919,-0.563948711958788,0.410947485547594,-1.37231332905546,0.169965917994174,0.30994305460522,"COLCA2"
4.90219669312697,0.195544529441519,0.276261835740554,0.707823174045512,0.479055073363582,0.635851637341542,"SIK2"
6.57663647013435,0.735162953980865,0.280839658709905,2.61773197331883,0.00885163011146282,0.0350706687378644,"PPP2R1B"
16.6494056037871,0.53757596175236,0.216389404323671,2.48429891210507,0.0129806797532274,0.0468028493094456,"C11orf1"
2.930045389071,0.997507250934864,0.437383523602378,2.28062374805342,0.0225707207933011,0.0704039749364003,"DIXDC1"
9.53625488574452,-0.0105514912233818,0.234804937464836,-0.0449372629779644,0.964157315270587,0.979581667493552,"DLAT"
8.5689164734221,0.93871765036073,0.287480938966735,3.26532135916444,0.00109339950050706,0.00728548422371481,"C11orf57"
107.680671015813,-0.0160804668966129,0.115301248958327,-0.139464811022341,0.889082860884496,0.935695306638786,"TIMM8B"
66.7208585587483,-0.445330346167671,0.175026305154929,-2.5443623789777,0.010947744234273,0.0412792373804822,"SDHD"
9.93923871720807,0.724909323102849,0.262389200439613,2.76272545473792,0.00573209590196759,0.0254811958638428,"IL18"
18.5403755284111,-0.160063835560396,0.173752628327434,-0.921216772955847,0.356937262938937,0.523488442280146,"PTS"
5.303928615202,0.13457691596129,0.469271363626212,0.28677845356122,0.774281961864224,0.86438138423576,"TTC12"
4.14863750534186,0.167907226063303,0.258459197156789,0.649646938125578,0.515920306230966,0.667567559355212,"ZW10"
4.51448921269115,0.606094257097221,0.325401166448924,1.86260628291987,0.0625176797419256,0.150009280158487,"USP28"
3.09031428147067,-0.504744190953465,0.311279564404321,-1.62151406218833,0.104907436622293,0.219095146484251,"C11orf71"
12.3599245161854,-0.031551370191581,0.237061101703501,-0.133093830935803,0.894119173942985,0.938510850038906,"RBM7"
37.398995258068,-0.483281027747103,0.125730741091271,-3.84377777107252,0.000121154725049047,0.0013536422983875,"REXO2"
20.0075392507431,1.31263188837111,0.252458602601385,5.19939457338938,1.99938691885172e-07,1.07928498298062e-05,"NXPE1"
46.2331363113606,-0.508541729203948,0.213143977555424,-2.38590709921284,0.0170370542383526,0.0571409539927454,"NXPE4"
9.37840525124197,0.512820125448109,0.246027352582448,2.08440289287044,0.0371235349218347,0.101988765305116,"NXPE2"
5.71634400975268,-0.158196505328614,0.273885157274214,-0.577601600988652,0.563533125802918,0.707460378002993,"BUD13"
9.1887226909849,-0.0789361794385427,0.181443502722429,-0.435045500412868,0.663529401024531,0.785684402878679,"ZNF259"
4.08952283595799,0.500335123836671,0.370970785430919,1.34871839909302,0.177427433433051,0.320076732073577,"SIK3"
15.0247542348574,0.71923642067331,0.24342414167664,2.95466347634792,0.00313010272490682,0.0161640112184917,"PAFAH1B2"
4.33787042631304,-0.466490489906167,0.327089053562198,-1.42618802074176,0.153814076545483,0.289400705350649,"SIDT2"
2.01231003969212,0.963744876663809,0.73008681590731,1.3200414740624,0.186821171251405,0.33211293497958,"TAGLN"
30.6899279381709,-0.0557560000685168,0.175126902388342,-0.318374843088805,0.750200618567301,0.848786604127171,"PCSK7"
4.95236545920059,1.44150576023365,0.321131636427669,4.48883135984121,7.16149611033978e-06,0.000156172385056807,"RNF214"
2.51209639793532,1.62424873743328,0.435921352406569,3.72601325552505,0.000194532178382953,0.00194353215937339,"BACE1"
2.56380883118215,0.599660032887092,0.346630411572471,1.72996948007754,0.0836357282206289,0.18585717382362,"CEP164"
1.06493471730767,0.256760511702953,0.53202529828486,0.482609591180525,0.62937296770885,0.758600491600234,"RP11-35P15.1"
26.1148594576557,0.227879644358007,0.178260318486667,1.27835317636915,0.201124925919154,0.349251150540777,"TMPRSS4"
1.52801518718829,0.46075892171044,0.634213774367831,0.726504122635484,0.467529781089643,0.626063307353086,"MPZL3"
15.8756702009248,-0.166412470430036,0.177726686201422,-0.936339240812921,0.349098550267563,0.515530358431565,"MPZL2"
0.544966421485765,2.46903023684971,1.12272891256521,2.19913303132852,0.0278684644385108,0.0824888317803835,"CD3D"
7.86643505825547,1.04038763789941,0.366873555405301,2.83582074142696,0.00457080930795502,0.0215634183685454,"UBE4A"
486.873364899579,-0.293185229651364,0.126413660850457,-2.31925274277273,0.0203813361697429,0.0653116880505777,"ATP5L"
14.1803738174557,1.34718880854054,0.218733709124785,6.15903608973225,7.31890478467797e-10,1.37763991020413e-07,"KMT2A"
2.60471280042778,-0.460571520018013,0.313112290213292,-1.47094679581013,0.14130550587816,0.272234382157026,"IFT46"
13.4498114670391,0.673987685519997,0.276203523791547,2.44018496313125,0.0146797436147475,0.0513271138622529,"ARCN1"
7.35308193599281,-0.00916255312244262,0.258147269382571,-0.0354935116856256,0.971686220041988,0.983092262870877,"PHLDB1"
7.98538634172887,1.34990587511029,0.284829039768436,4.73935479404683,2.14399812207909e-06,6.12732094888918e-05,"DDX6"
2.14131030424296,0.172385703702739,0.523972323266077,0.328997727643718,0.742157405595695,0.842239965748085,"BCL9L"
4.1889528852542,0.444079362203296,0.312148172176653,1.42265565454594,0.154836001800751,0.290869915162802,"CCDC84"
1195.57381832577,-0.324226406195185,0.117261824931699,-2.76497834128061,0.00569265754084803,0.0253652743427372,"RPS25"
26.3415070651132,-0.283774204917156,0.23792337774594,-1.19271257665221,0.232981958420999,0.387708254436416,"TRAPPC4"
19.4717200186451,-0.345863603070674,0.164644927424855,-2.10066358241451,0.0356705083017839,0.0994796131889529,"SLC37A4"
10.5526960910827,0.541169573219454,0.304929693064978,1.77473557192784,0.0759415588788688,0.172963736552673,"HYOU1"
3.36811442176371,0.17339672148898,0.325087828484335,0.533384231262709,0.59376763083261,0.733680335742649,"VPS11"
19.1139291728993,-0.630722448095122,0.192654486562447,-3.27385289254958,0.00106091826879353,0.00711989604933916,"HMBS"
25.1946240992521,0.273916885379768,0.184972861043185,1.48084904907114,0.138646802755797,0.268545695892375,"H2AFX"
10.3322913820106,-0.0182037651942819,0.195445167732454,-0.0931400116231124,0.925792330896012,0.956622712990551,"DPAGT1"
1.68514186777239,0.212806669163872,0.395170265023379,0.538518932215921,0.590218838278249,0.731125423029746,"C2CD2L"
4.98415173095044,-0.537158706196352,0.256879261250622,-2.09109409448308,0.0365196299967054,0.100943150906537,"HINFP"
2.28414008904562,-0.441770027393227,0.372449033483865,-1.18612209370216,0.235574086603508,0.390883816732482,"NLRX1"
4.78661865019706,-0.462475450748579,0.301045326128192,-1.53623195781371,0.124481500674171,0.248356543038731,"PDZD3"
1.27795287021419,-0.55631932207917,0.497326938317516,-1.11861891889715,0.26330274885084,0.422873092653079,"CCDC153"
3.22165443377401,1.46878498744182,0.366792817546869,4.00439953340727,6.21752074165298e-05,0.000824447805303435,"CBL"
6.82166464171888,-0.0503980936657337,0.231910661988752,-0.217316846209417,0.827961429416456,0.899345981542579,"RNF26"
8.2887099002378,-0.364857852528135,0.272406123659852,-1.33938931924939,0.180443964658234,0.323839085469169,"PVRL1"
0.561912457306146,0.426435387941237,0.742588993945897,0.574254926234883,0.565795305678479,0.709612775108937,"TRIM29"
14.1465305544473,-0.0120566651003947,0.249497715995945,-0.0483237493869109,0.961458227387501,0.977937281017914,"OAF"
12.1357722158841,0.587487495456591,0.27999675479275,2.09819394475283,0.0358880163101301,0.0997808133968287,"ARHGEF12"
4.91445902494501,0.552153899583875,0.355255802109303,1.55424315748119,0.120126426603658,0.241974675125161,"SC5D"
12.8896373466269,0.690665818762729,0.241128267163856,2.86430880496228,0.00417920365835587,0.0202436002362822,"SORL1"
317.552413319969,-0.00977202862130282,0.153523198815757,-0.0636518043962217,0.949247481396498,0.970486442134883,"HSPA8"
1.87344609551841,-0.159365554872138,0.389230662774158,-0.40943730829502,0.682218765138268,0.79940610589141,"ZNF202"
9.11160152757137,-0.594622191129704,0.255816473574655,-2.32440930336011,0.0201035674162193,0.0647079852223301,"VWA5A"
11.8915256591822,0.407171678082685,0.217226254059514,1.8744128321208,0.0608735461915485,0.147268146945916,"TBRG1"
19.8794467287911,0.177470434033009,0.169329058020164,1.04808020612668,0.294601655075746,0.457053424874657,"SIAE"
4.48276232280257,1.00614747513961,0.333430708034077,3.01756092314322,0.00254817815108298,0.0139061380506337,"SPA17"
3.66224044555242,0.419642914275119,0.32563547647932,1.28868917727325,0.197506166525733,0.345592915682935,"NRGN"
47.7534344453294,-0.203249878778074,0.194582457944585,-1.04454369075735,0.296233916178883,0.458864688304475,"VSIG2"
1.25018419497471,0.320803721672465,0.540748326573454,0.593258833929812,0.553007944105133,0.698970162764981,"ESAM"
4.78403351646707,0.185806648116691,0.28903684452483,0.642847621804595,0.520322979062575,0.671344606465435,"RP11-677M14.3"
1.46090078438195,0.663554480276293,0.471425440726565,1.40754915401599,0.159264612496793,0.296929389135651,"MSANTD2"
2.299355187915,0.816611574713394,0.532497073143396,1.53355129239084,0.125140078853654,0.249265954256472,"ROBO3"
3.79290377943078,0.566992861193322,0.374701835980133,1.51318410199459,0.130232901350117,0.256544405706924,"CCDC15"
9.5947902814464,0.0216443657015131,0.200630823232743,0.107881557543152,0.914089646679074,0.949408336164378,"TMEM218"
61.1623307753321,0.212272349468822,0.176229680113124,1.20452099403779,0.228388272658123,0.381995478371664,"EI24"
11.9526843046823,0.560772814876352,0.261864979951342,2.1414578420549,0.0322371347117017,0.0920576605230294,"STT3A"
16.5935765772726,0.962780582319087,0.196135368213577,4.90875557574445,9.16561265912567e-07,3.24386199165584e-05,"CHEK1"
2.94223860399173,-0.119784478491025,0.352485635975417,-0.339827971030795,0.733986082315711,0.836596227324583,"HYLS1"
3.77321885451888,0.289652532885215,0.293926465955793,0.985459175795279,0.324398574808381,0.490487374076549,"PUS3"
5.75843494890939,-0.16948542630117,0.240395915262529,-0.705026231897827,0.480793911728456,0.63722502823664,"RPUSD4"
6.97682985679459,-0.0901581171117728,0.237801480153004,-0.379131858446651,0.704589949589546,0.816578073164016,"FAM118B"
9.61795929888537,1.08783549585786,0.237929328528315,4.57209501067627,4.82871885968836e-06,0.0001162746936058,"SRPR"
13.5300638264374,-0.294795231480108,0.205837006353522,-1.43217799705948,0.152092887034423,0.28700760264011,"FOXRED1"
0.947275653968451,0.379039679106695,0.559753724780559,0.677154366869628,0.498308017413965,0.652081584421697,"TIRAP"
8.22786744202445,0.165568159750781,0.246421023182769,0.671891373602405,0.501652852511611,0.655431322157164,"DCPS"
2.73731501281338,1.51172966192309,0.481799807352116,3.13767178578024,0.0017029545054409,0.0102573965219568,"ETS1"
14.7778750179917,0.534644831671585,0.26183102081458,2.0419460994662,0.0411568782575213,0.109764902984599,"ARHGAP32"
4.56099901759938,0.0866243236133534,0.348069745738651,0.248870591810629,0.803460884040281,0.883470965409127,"BARX2"
27.4999256015224,-0.128829219917036,0.159194604561919,-0.809256194778436,0.418367797480291,0.582347382803892,"TMEM45B"
5.15309986725424,-0.0278662117704417,0.300664304826637,-0.0926821419207356,0.926156084619786,0.956907532962694,"NFRKB"
62.9206622736508,0.197507719376444,0.190740464291602,1.03547886448727,0.300445331942806,0.463602771369547,"APLP2"
61.2419394316063,-0.0299298996372498,0.143753512746923,-0.208202909726048,0.835070536741414,0.903993822668635,"ST14"
10.9428681654837,0.44763930299844,0.281866037774757,1.5881278444626,0.112257433113289,0.229761727027953,"ZBTB44"
4.00423022446557,1.22820706193969,0.336326044070351,3.65183453257275,0.000260373637276426,0.00241473757542441,"SNX19"
11.154325539063,0.525268822047692,0.212091892736574,2.47660962081231,0.0132636887126186,0.0475022736505354,"NCAPD3"
8.94510223257589,-0.0381642631172758,0.228771315713709,-0.166822763589101,0.867509506918758,0.923397109703093,"VPS26B"
30.7508167156877,-0.46044934100786,0.158610596180738,-2.90301752906328,0.00369585950024205,0.0183609488438374,"THYN1"
8.71591155837782,-0.133285184997402,0.239620003981671,-0.556235634682642,0.578049781755542,0.721231726759261,"ACAD8"
6.63289284871561,-0.440148787332928,0.241433607438707,-1.82306345832433,0.06829378026294,0.159842770184381,"GLB1L2"
13.3729810575191,1.18980007126339,0.246995035009941,4.81710116648905,1.4565884750079e-06,4.53253605690138e-05,"KDM5A"
3.04556827067378,-0.123118058323869,0.3510643053643,-0.350699448626966,0.725813839247825,0.831341223373079,"CCDC77"
3.69838479375777,-0.236195565979168,0.405938443098392,-0.58185069681099,0.560667252399216,0.705135652698956,"B4GALNT3"
1.24975769975094,-0.647374545624852,0.517272924380697,-1.25151446192533,0.21074684069734,0.361019306803894,"NINJ2"
10.6421148428277,1.03816952990706,0.218601356490895,4.74914495761739,2.0427848575822e-06,5.88452083643042e-05,"WNK1"
4.39446127415861,1.34171942342783,0.326808175222592,4.10552588690283,4.03396103323571e-05,0.000585679369263901,"ERC1"
10.393714722768,0.437260938702021,0.24028577014227,1.81975378085488,0.0687965091574703,0.160638591582483,"ADIPOR2"
1.93149558735887,-0.193219812963454,0.444994886578962,-0.434206816282525,0.664138263746554,0.785851116178642,"CACNA2D4"
1.59351308913802,-0.350239736480396,0.401781855107345,-0.871716161464835,0.383363241336616,0.549106410038994,"DCP1B"
47.309131363911,0.0205068009480766,0.147506916355781,0.139022640122277,0.889432258541143,0.935972318581087,"FKBP4"
6.77377285490572,0.144857889356339,0.233263015032372,0.621006674959749,0.534595231333701,0.684150861687956,"ITFG2"
9.58295231592185,0.380763873550208,0.276684408871789,1.37616671319795,0.168770025050543,0.308351694490057,"FOXM1"
10.2630820670087,-0.198233057784909,0.178042946160155,-1.11340023325941,0.265536574862468,0.425203067385196,"RHNO1"
3.32667199392615,0.428651372576187,0.348791926039083,1.22896013518431,0.219086752961815,0.370720183416221,"TULP3"
4.56272110404764,-0.0629388186188098,0.328804164978883,-0.191417339931968,0.84819863593696,0.912371806309633,"TEAD4"
5.15491909460268,0.758581601176903,0.348000178481113,2.17983106930526,0.0292699859843118,0.085518441697505,"EFCAB4B"
57.792535831251,0.915691142851438,0.220933852583768,4.14463936668217,3.40348912953111e-05,0.000514239020174858,"CCND2"
3.16409143529069,0.20554996339013,0.424871405889899,0.483793356155853,0.628532530649146,0.757923971002634,"C12orf5"
2.54297100921803,0.493183157391189,0.361775570014001,1.36322957730977,0.172810168420383,0.313990033301883,"C12orf4"
19.0720494177419,0.567539665593438,0.215050437341105,2.63910026229441,0.00831263921136963,0.033472473798841,"RAD51AP1"
10.5021103740162,-0.509874083073728,0.188340459526119,-2.70719358101076,0.00678546781980427,0.0288754625874116,"DYRK4"
81.3964372367185,-0.541919822921457,0.137578400413481,-3.93898912396685,8.18256389702615e-05,0.00100637195834319,"NDUFA9"
5.18438539839557,0.409630269279323,0.385875540863328,1.06156059635925,0.288435209964493,0.450770813097481,"RP11-234B24.2"
474.692260539967,-0.83155840404665,0.174737317933186,-4.75890561834428,1.94645418044808e-06,5.65538988520454e-05,"CD9"
6.82719737827959,-0.430179484510591,0.240940763633544,-1.78541595877428,0.0741938719755666,0.170167993591268,"PLEKHG6"
16.8199517391533,0.157876457251551,0.175074511506564,0.901767229809646,0.367180531125094,0.533384238632761,"TNFRSF1A"
14.244314858293,0.565447009295651,0.394242683537288,1.43426126319519,0.151497720186708,0.286282450187515,"SCNN1A"
13.9659840814317,0.119285192314834,0.187865855438019,0.634948761906277,0.525461833032004,0.676443671188885,"LTBR"
7.82863257078644,-0.252374137766645,0.2823604966772,-0.893801153973617,0.371428291661777,0.537541477538233,"CD27-AS1"
14.1764146202091,-0.406146944735823,0.20614833349752,-1.97016845998762,0.0488190669726742,0.125018315366687,"TAPBPL"
128.130283965834,-0.213756197319068,0.095866351960674,-2.22973121379183,0.0257652923620091,0.0776229325126524,"MRPL51"
11.2941118281079,0.270064682269937,0.275228036672639,0.981239722285838,0.326474539947691,0.492843133699183,"NCAPD2"
1651.78258730289,-0.235358181696237,0.137204943606191,-1.71537683344536,0.0862761599801219,0.190206881320366,"GAPDH"
1.41741217053754,0.240408964837925,0.545850758518496,0.44042984476274,0.659625813204272,0.782643541068327,"RP5-940J5.9"
6.4663340042827,-0.139306076866335,0.276970102216072,-0.502964311857958,0.614989363720186,0.748407047288349,"NOP2"
28.9707566443183,0.438026937523611,0.18648100181869,2.34890918244579,0.0188284985887913,0.0616479670102629,"CHD4"
5.32090861132669,0.19016040491973,0.258321442935152,0.736138675748521,0.461646307859457,0.621171961758606,"LPAR5"
7.44775775819412,-0.40076638187554,0.263821222568016,-1.51908318055125,0.128741559801395,0.254459908664997,"ING4"
7.05897313457065,-0.531359032021589,0.434852127448879,-1.22193039537114,0.221733949911971,0.373859757187394,"ZNF384"
7.86614321616719,-0.422422957564507,0.218165062918623,-1.9362539167056,0.0528366098823332,0.132399219481632,"COPS7A"
50.6696480661152,-0.218244821808476,0.147416409632949,-1.48046491128011,0.138749218190139,0.268642629621128,"MLF2"
37.9171791891902,0.537523565462853,0.201293510490923,2.67034721661875,0.00757728465506365,0.0313602558513686,"PTMS"
9.76426964355735,-0.0601082532324467,0.274276341712861,-0.219152161856431,0.82653151892954,0.89860169141804,"CDCA3"
11.9737305942335,-0.0888026099080882,0.226926397355047,-0.391327809118426,0.695554945816739,0.809964262445828,"USP5"
465.548375699759,-0.613172040056964,0.130287209500757,-4.70631033089555,2.52240446800212e-06,6.98808992920994e-05,"TPI1"
2.97502284373043,-0.117188852910842,0.380610676284357,-0.307896914650101,0.758160773578395,0.85375632528633,"SPSB2"
1.75819704208249,-0.0690199355114858,0.440176035324891,-0.156800756907501,0.875401876305406,0.928042207797414,"LRRC23"
8.98290081044793,0.222059550771071,0.289197688096606,0.76784690857173,0.442578142247052,0.603894788893451,"ATN1"
151.221266477412,-0.0156934709233676,0.131045537524469,-0.119755859068739,0.904676549573455,0.944048808427659,"C12orf57"
5.58624693324593,0.331751414844632,0.249646070187138,1.32888699027366,0.183885256593559,0.328083435265978,"PTPN6"
24.9278664240569,-0.510562011855224,0.183366943818181,-2.78437324211215,0.00536312792574517,0.0243493182581909,"EMG1"
7.28510858629899,-0.152586432411792,0.255334994041141,-0.59759310698794,0.550111464692614,0.697432933289959,"U47924.27"
110.346304160039,0.00661550256366526,0.109080191686881,0.0606480650735868,0.951639493555002,0.971812789114206,"PHB2"
19.5708876823245,-0.247523063272356,0.192831857236807,-1.28362121705018,0.199274522285657,0.347370997114324,"LPCAT3"
4.05837608928746,-0.131010060913838,0.330362015551563,-0.396565145950896,0.691688158934094,0.80703785057672,"C1RL"
3.21601653389192,-0.473863051368102,0.334763494136626,-1.41551590800013,0.156917287549753,0.293409390976294,"PEX5"
3.66811801310858,0.713454838730196,0.377357781170538,1.890658876881,0.0586698952998502,0.143180913023904,"FOXJ2"
4.76489996758675,0.34978742445885,0.307779276142828,1.13648790406709,0.255752425066169,0.414671743239563,"NECAP1"
3.33011253952842,-2.26705267156369,0.470621098106697,-4.81715052870349,1.45622831307882e-06,4.53253605690138e-05,"LINC00937"
18.5392936058046,0.285694375953183,0.162853960595168,1.7542979913358,0.0793794597916813,0.178554460094793,"M6PR"
1.62729092422648,1.72160720301095,0.776336449870479,2.21760449776405,0.0265818109561807,0.0795257484804745,"CD69"
2.3238196740309,1.02854138976806,0.561519597907285,1.83171058250025,0.066994551180734,0.15776247807821,"GABARAPL1"
21.6576179074763,0.150010003472741,0.149319822343709,1.00462216682419,0.315078819299602,0.480583704718212,"MAGOHB"
2.51289145560082,0.706870833388426,0.401595896394295,1.7601545228301,0.0783816103708435,0.17685939925771,"STYK1"
58.4750594080444,0.618900741669066,0.176628735302708,3.50396406682291,0.000458387205908044,0.00377699928388571,"YBX3"
4.15584357568058,0.366589303409184,0.377429697478824,0.971278375437723,0.331409674198308,0.497114511297462,"PRR4"
8.30012875600682,0.661336144198495,0.266603916101957,2.48059426083441,0.013116357895713,0.04708880884213,"ETV6"
7.59624675936964,0.132554110735356,0.228693495479941,0.579614695455919,0.562174480755323,0.706540314894434,"BCL2L14"
5.09700043887503,0.979070082800137,0.334421526629348,2.92765269230194,0.00341531314679548,0.0172963647103754,"LRP6"
8.94013417779415,-0.0203829084323542,0.197669178174943,-0.103116270429954,0.917870691923862,0.95166260710647,"MANSC1"
2.32049512541903,-0.31141961421568,0.399151367637016,-0.780204302090433,0.435270630487769,0.597225400770332,"LOH12CR1"
1.65171838613137,0.515421868471495,0.443108086280388,1.16319671075772,0.244749700773231,0.401204792512799,"DUSP16"
4.94942130861586,0.219095073875961,0.272387431611199,0.804350893064308,0.421194353229825,0.584409183093892,"CREBL2"
12.1737842163552,1.00496281609356,0.291983005990743,3.44185379105734,0.000577742426702998,0.00445933386922144,"CDKN1B"
2.86521407631576,0.656212967558594,0.445261210200987,1.4737707945913,0.140543314259956,0.271170767857635,"APOLD1"
21.8599287950309,0.53255292267157,0.353787378421239,1.50529090395498,0.132249302725213,0.259483167434439,"GPRC5A"
2.61246100505689,-0.591191638051067,0.37339824868581,-1.58327373021108,0.113359087772627,0.231449462908579,"RP11-392P7.6"
22.0620860811876,-0.404179478924225,0.213607898072108,-1.89215606057687,0.0584701907810877,0.143047143924896,"HEBP1"
2.64096486936036,0.181318158459678,0.711947997794342,0.254678935851231,0.79897108664891,0.879783615083857,"EMP1"
2.88398307865623,1.54336871498172,0.391070987577347,3.94651805940082,7.929594333576e-05,0.000987561863103616,"ATF7IP"
19.0726006938131,-0.107654065947507,0.19223106517924,-0.56002429080403,0.575462869257911,0.718584196865691,"PLBD1"
15.2224497266102,0.128193045676988,0.277821131901211,0.461422947922375,0.644495190654422,0.770838961509584,"GUCY2C"
0.963252049216425,2.28875737852319,0.688967134598489,3.32201242060264,0.000893707154920954,0.00624708966373065,"HIST4H4"
85.1764339350868,0.075308046839144,0.14676419184213,0.513122757628447,0.607865453264834,0.743738037680948,"H2AFJ"
19.143364919159,0.362754308549666,0.204781238976128,1.77142354623586,0.0764902959143194,0.173892529543544,"WBP11"
3.29707250265948,1.09779051304449,0.434595973896708,2.52600249192691,0.0115368662926764,0.0428180498114248,"ARHGDIB"
11.0204213266978,-0.257313952535037,0.370559952670954,-0.69439223175723,0.487436264051012,0.642656043170328,"PTPRO"
22.2339219086736,0.829710880568458,0.212457436722111,3.90530401462812,9.41070010859252e-05,0.00112307915581665,"EPS8"
32.643899802298,0.000924450562246387,0.144536253899105,0.00639597704595075,0.994896783457985,0.996924369957833,"STRAP"
26.9878026547561,-0.328146403735991,0.173015485572506,-1.89663025046665,0.0578767551944108,0.141915005963265,"DERA"
330.548319316164,-0.0597904548506103,0.164060535660817,-0.364441421636112,0.715528409054917,0.82455841705607,"MGST1"
14.4435296694889,0.674994621099404,0.252736469852594,2.67074483351409,0.00756831551665465,0.0313470276547939,"PLEKHA5"
5.32439666553614,1.51600056639539,0.43102595819128,3.51719087350795,0.000436140032458196,0.00365324312547588,"AEBP2"
4.66215000090542,1.33884573383809,0.361731124277905,3.70121795991629,0.000214567064507845,0.00209550208683021,"PDE3A"
3.6519358289278,0.566245609378632,0.3401310820338,1.66478642878737,0.0959553724413709,0.205659235191097,"PYROXD1"
7.13908032003703,1.09243644771756,0.291486829238189,3.74780723565687,0.000178387262681228,0.00182151552982224,"RECQL"
8.83024718320189,0.518587511618437,0.323843111823129,1.60135415170315,0.109298501419094,0.225233723986976,"GOLT1B"
213.56436019919,-0.567190536354884,0.122550444542589,-4.62822096216691,3.68820382715647e-06,9.44667301012247e-05,"LDHB"
42.141855258056,-0.28187685458069,0.125470123451864,-2.24656553150544,0.0246678070931953,0.0749558995613041,"CMAS"
5.35077800965371,0.294731684458873,0.387194692488376,0.761197635651271,0.446539030249037,0.607619830660887,"C2CD5"
17.4612173647652,0.317622302711303,0.320194682711466,0.99196620013056,0.321214013704817,0.487408717176794,"ETNK1"
7.36559003057773,-0.0484445835567488,0.231984070494745,-0.208827198580629,0.834583138010616,0.90364634883303,"LYRM5"
24.5190879241476,0.610772753802162,0.225542446414072,2.70801688778727,0.00676865780784805,0.0288378280867908,"KRAS"
0.578867002697193,1.9292146548629,0.898453934502003,2.1472605113942,0.0317725476936501,0.0910662095415783,"BHLHE41"
1.53914506582951,0.709298510307123,0.469244965638708,1.51157404393603,0.130642258939108,0.257164207373339,"SSPN"
2.10255446852365,2.19227447239869,0.591891555211753,3.70384482274695,0.000212356189159019,0.00207780362874846,"ITPR2"
5.64080282191044,-0.273564321831164,0.261771490155953,-1.04505009949015,0.295999815215947,0.458567474072066,"ASUN"
8.04922663840784,0.710789848119459,0.28839254017192,2.4646610057796,0.0137142933130899,0.0488318771738218,"FGFR1OP2"
15.5204828440309,-0.100946838733428,0.161234179696428,-0.626088332656827,0.531257004520826,0.681645920261835,"TM7SF3"
8.91924876656035,0.593609582338837,0.274257677956168,2.16442284045629,0.0304319124579542,0.0881308184782352,"MED21"
8.4273787997333,0.409281759701537,0.329544241592592,1.24196301450633,0.214250208443714,0.365143721913842,"STK38L"
5.34082837053561,1.16771487710409,0.320681113035469,3.64135843876448,0.00027120323675116,0.00249176577928731,"PPFIBP1"
0.579710062456596,1.63225354682347,1.06182651592011,1.53721302147843,0.12424115263115,0.248071137630868,"RP11-1060J15.4"
9.66117738031672,0.0250468722839458,0.311500629072968,0.0804071322696386,0.935913454543186,0.963414229036872,"REP15"
49.0053261668113,0.0420912036239208,0.129814070568542,0.324242229209635,0.745754653255457,0.845043357090386,"MRPS35"
7.56143445863383,0.605316248347104,0.252935350239933,2.39316587330678,0.0167036875955207,0.0563139311885842,"KLHL42"
6.25636660103977,0.176722342151992,0.235785442828701,0.749504888986642,0.453552953031266,0.613703597049533,"CCDC91"
11.6558587101595,0.447720361416101,0.180763469231182,2.47682987785271,0.0132555067379037,0.0474941613901796,"FAR2"
15.2876251820503,0.344408550844942,0.233250628161345,1.47656001426374,0.139793616834963,0.269990872990876,"ERGIC2"
5.61044073465846,0.998518036264854,0.319113567238065,3.12903661510555,0.00175380452599929,0.0104765220860024,"IPO8"
7.47490449779085,-0.112097948267545,0.248956417708673,-0.450271373998966,0.652514777238445,0.777248955939973,"DDX11"
16.4447648728816,1.04580305485726,0.289009298884539,3.61857925988416,0.000296224779376545,0.00266971045977533,"FAM60A"
1.4235084410381,0.146514603618494,0.623636485165867,0.234935907541596,0.814258479236781,0.890966960656065,"DENND5B"
1.77637484291851,-0.434511082077165,0.445975011742073,-0.974294681623243,0.329910244585972,0.495710481681601,"METTL20"
4.15247542468704,1.27556517015183,0.367244786238581,3.47333772445489,0.000514028098339752,0.00407768089698299,"KIAA1551"
11.3841867434205,0.979229131274889,0.224561197187246,4.36063373165212,1.29686292011686e-05,0.000245792867582358,"FGD4"
11.127511041224,1.2771650753306,0.219749187798104,5.81192171005429,6.175972438712e-09,6.84398578412371e-07,"DNM1L"
6.5590401600619,0.233856750430771,0.234918396921317,0.995480786075252,0.319502484620701,0.485422073724232,"YARS2"
32.2732632031782,0.792783688232783,0.254130205869812,3.11959645064356,0.00181098960236385,0.0107413146268003,"PKP2"
2.11916229693889,1.13356278615289,0.515730290788055,2.1979759699993,0.027950818407159,0.0827092371973066,"CPNE8"
15.2460455210596,0.81088141329444,0.208654384026212,3.88624191664516,0.000101808053683704,0.00118885533656454,"KIF21A"
3.72251361485132,1.2723684111447,0.345660929457768,3.68097260266194,0.000232345972628766,0.00222119477354613,"SLC2A13"
4.58307893073578,1.19255749814915,0.36229218062626,3.29170090308791,0.000995834600096694,0.00679897756074064,"GXYLT1"
7.06187252148619,0.563047585978356,0.246957676276779,2.27993555198226,0.0226115111163685,0.0704622699350825,"YAF2"
18.1685723811655,0.123629988391525,0.160870118988397,0.768508093168263,0.442185384354355,0.603586384375101,"PPHLN1"
35.0919566857554,0.113895667308953,0.13191778488387,0.86338371591986,0.387926529625508,0.553525438409278,"ZCRB1"
3.41478106779011,1.47892663821462,0.461745564834596,3.20290383026071,0.00136049405161017,0.00862519871598742,"RP11-350F4.2"
7.66035278036796,1.25501155441784,0.35726809154572,3.51280056662222,0.00044341016643499,0.0036800145213306,"PUS7L"
3.66573154890943,0.0973800763783944,0.366504720293861,0.2656993784427,0.790470742113448,0.874059548090028,"IRAK4"
14.7504226662205,0.790297253892039,0.266225571085512,2.96852496426121,0.00299232794572333,0.0155859383647748,"TWF1"
1.09227037354391,0.853692297179172,0.527011323581744,1.61987467627298,0.105259200700711,0.219660822369277,"TMEM117"
1.75299610164906,1.90422574796301,0.687573753316946,2.76948580247104,0.0056144851162651,0.025164386447643,"ANO6"
4.31104882131452,-0.0834030323734566,0.307443830120026,-0.271278927083676,0.786176512738601,0.871312294793843,"LINC00938"
5.72949784292429,0.593679785330613,0.312434524060852,1.9001734431083,0.0574103621603573,0.141089959959602,"ARID2"
27.3682994853016,0.70712003194186,0.195053292338921,3.62526581050056,0.00028866438606359,0.00261459152014228,"SCAF11"
26.9836314027846,0.907027040035778,0.266438790251292,3.40426046515342,0.000663434590043841,0.00495863705979085,"SLC38A1"
31.3715113595491,0.97931779541803,0.298908314643872,3.27631500175838,0.00105171188313062,0.00707506445888796,"SLC38A2"
1.27715838116123,-1.08880961581684,0.517559138629821,-2.10373952375634,0.0354011747526132,0.0988066712447647,"RP11-446N19.1"
5.9309505166068,0.863032410090026,0.292869765877713,2.9468129204241,0.00321067383156463,0.0164527610265515,"RPAP3"
4.45200289629519,0.957335927294829,0.287752114726526,3.32694662628166,0.000878031893311894,0.00616609311902021,"SLC48A1"
3.22929497128025,0.60214860831026,0.344092217298446,1.74996288215374,0.0801247187921667,0.179746838686827,"HDAC7"
17.2481017583291,0.459001901797865,0.20455521080521,2.24390226966623,0.0248386900934626,0.0753065813553892,"VDR"
106.753586190498,-0.305219954918467,0.139091870351597,-2.19437666735612,0.0282083418858081,0.0831548840607698,"TMEM106C"
2.25133373796078,1.76758521448801,0.434166178613892,4.07121812235849,4.67679309886604e-05,0.000655354491015294,"SENP1"
4.14359062065681,-0.306484688493478,0.267715490916197,-1.14481492066298,0.252285833217153,0.410399063621672,"PFKM"
9.11012294740005,0.498885860456471,0.243153670072049,2.05173074421886,0.0401958371516647,0.107814391959993,"ASB8"
4.95640834637031,-0.170956285504847,0.334149136252175,-0.511616721270917,0.608919280447731,0.744105253253331,"KANSL2"
5.32924320299059,0.945452285087243,0.287188727414503,3.29209399546752,0.000994443689067332,0.00679897756074064,"CCNT1"
11.0539752065965,-0.497341843588679,0.242858165882925,-2.04786955291606,0.0405727829304352,0.108473762339864,"ADCY6"
2.26101299973015,0.335727927751816,0.409956337250152,0.81893581644271,0.412823033841816,0.57677320822361,"RP11-579D7.4"
6.33277041192985,-0.227604090485763,0.236658744908714,-0.961739616144572,0.336180416931587,0.502266363816441,"CACNB3"
12.4951718635363,0.315472369904277,0.192754701067253,1.63665201500952,0.101703200610892,0.214008284951423,"DDX23"
1.60507846127988,0.631524391077723,0.529481889092596,1.19272142085918,0.232978493518849,0.387708254436416,"RND1"
18.9169455267436,-0.515645242467611,0.231374550839306,-2.22861693560126,0.0258394032484171,0.0777975933678431,"FKBP11"
24.3117887407276,0.166531659295462,0.18381307262076,0.905983763402115,0.364944446453513,0.531273014542246,"ARF3"
11.7574212585075,-0.354555501975257,0.180573185660066,-1.96350028759374,0.0495880710965523,0.126592699469586,"PRKAG1"
3.15383768388117,0.559781007812123,0.355756889047155,1.57349309330711,0.115604686319998,0.234819669251875,"KMT2D"
2.66007124702966,0.307192328215888,0.325269477235699,0.944424084382464,0.344952978829003,0.511564843654647,"LMBR1L"
1.23807237828005,0.783452342898297,0.547562693326053,1.43079934489215,0.15248773090935,0.287453004283205,"RP11-386G11.10"
633.586102160718,-0.278754577786009,0.149228188177839,-1.86797535498997,0.061765506193826,0.148664316769714,"TUBA1B"
2.87576366999589,0.351376975776424,0.409158303063067,0.858780020216926,0.390461892625104,0.555682892662643,"TUBA1A"
65.7894692954675,0.723506716951,0.144538675864881,5.00562712797614,5.56804497836864e-07,2.25053177727088e-05,"TUBA1C"
4.54374224365826,-0.253037387641559,0.370929492325253,-0.682171121135011,0.49513075317523,0.649068146037606,"TROAP"
5.91029335457361,0.24429609108109,0.266109334563335,0.918029017967223,0.358603674170259,0.524856590497172,"DNAJC22"
13.4795766726392,0.370772764733602,0.18889251737537,1.96287693067692,0.0496604759396658,0.126658705661055,"SPATS2"
14.8822806683812,-0.323885191576132,0.169000535655825,-1.91647434914487,0.0553047451520634,0.137125464007171,"MCRS1"
1.9451156695877,0.0089979946681258,0.410946039834132,0.0218958057650528,0.982531070488947,0.989180256374337,"PRPF40B"
185.363606608602,0.182534781236304,0.0940865046880354,1.94007399723838,0.0523706976169852,0.131684597388391,"TMBIM6"
1.72675572241365,-0.0764585272880113,0.475122449613166,-0.16092383626634,0.872153388349819,0.926316459411153,"BCDIN3D"
7.72621444234123,-0.0478619181625748,0.262442333312708,-0.182371180588255,0.855291441080725,0.916383686872205,"RACGAP1"
7.28238581675927,0.719532762949237,0.271096476057141,2.65415756565414,0.00795066915474892,0.0323993497262939,"SMARCD1"
109.911287926826,-0.2324119020871,0.0967998636329463,-2.4009527840698,0.0163524463063136,0.0553532041263015,"COX14"
2.04266078300567,-0.0188500821252371,0.382894526404407,-0.0492304820918958,0.96073561951451,0.977385370297666,"CERS5"
70.0030408971641,0.839018469189074,0.177270093760347,4.73299500999504,2.2123092987684e-06,6.22426916700125e-05,"LIMA1"
9.60810739137208,1.5090006357537,0.27429138163913,5.50145114562517,3.76677992823593e-08,2.82118827728567e-06,"LARP4"
5.19032482429365,0.86613418321316,0.348821039254559,2.48303309073361,0.0130268985737186,0.0469072010976739,"DIP2B"
9.52409578445718,0.0519133153556516,0.214536337265962,0.241979125854537,0.808796337803664,0.887225073590686,"ATF1"
18.7181590726341,0.733100888107692,0.29917715314266,2.45039061441339,0.0142701313710749,0.0502834609636188,"METTL7A"
5.81690235470533,0.574054493128165,0.294850087347743,1.94693682573386,0.0515423089837658,0.130049550049506,"SLC11A2"
19.4630218443168,-0.175746539102071,0.177658584474083,-0.989237528950978,0.322546940813878,0.488687645336095,"LETMD1"
5.38989095479218,0.591967749906513,0.303994702798617,1.9472962668651,0.0514992260197749,0.129974807012493,"TFCP2"
49.1980706214242,-0.0410988196509064,0.165317214202725,-0.248605808228222,0.803665715218855,0.883470965409127,"DAZAP2"
64.1281697078427,-0.548665371009264,0.136274625862127,-4.02617411376616,5.66917173728619e-05,0.000766714882527123,"SMAGP"
4.01164055277403,-0.505503771220608,0.308236135436786,-1.63998867460586,0.101007521770835,0.213454307536732,"BIN2"
4.53500922766283,0.81431612100851,0.300169445675332,2.71285479831711,0.00667063288072766,0.0285298779420101,"GALNT6"
9.0854704040931,0.458893091882491,0.268348812578308,1.71006194316056,0.0872544192328012,0.191672111158825,"ACVRL1"
7.1610695642536,0.251540605282425,0.242542397366557,1.03709952574711,0.299689476203073,0.462765208526286,"ACVR1B"
61.3376537345658,-0.0938395007103817,0.458738398763867,-0.204559943015987,0.837915954371734,0.906059652265364,"NR4A1"
16.5036168340763,-0.296787493996457,0.182368148776932,-1.62740860170423,0.103650345866776,0.217179771582711,"C12orf44"
474.524102824394,0.0198810823926616,0.149459795792849,0.133019600938146,0.894177878945908,0.938510850038906,"KRT8"
474.069994812112,-0.193667511568059,0.113491231754023,-1.70645351693607,0.0879236737682233,0.192859087753327,"KRT18"
69.3928617489919,0.553181224103186,0.179141865377309,3.08795056330397,0.00201541995420531,0.0116298941034377,"EIF4B"
2.7371265154044,0.827928684478647,0.404257494813302,2.04802309196768,0.0405577367897817,0.108460236773462,"SPRYD3"
3.68485540522806,-0.0427411020953432,0.301569446437832,-0.141728887326635,0.887294156475239,0.934356107759245,"CSAD"
2.56094186204594,0.382844265305049,0.365244246228872,1.04818698516923,0.294552465668191,0.457053424874657,"ZNF740"
1.80789968541104,-0.294441626882823,0.457022063356531,-0.644261296096605,0.519406008928496,0.670400434628413,"RARG"
4.79653672238312,0.23395564933275,0.312855826507917,0.747806591758743,0.454576825528237,0.614629522564324,"MFSD5"
2.25506825932411,0.1043647861241,0.445430208273261,0.234301096301206,0.814751234883831,0.891057241776274,"ESPL1"
337.227188103007,-0.28993762008105,0.11160964775023,-2.59778277169998,0.00938278303519727,0.0366404256606409,"PFDN5"
23.0149710864261,-0.107098804193485,0.155326014073553,-0.689509769707793,0.490502527328909,0.644976080250871,"C12orf10"
12.2032520318577,-0.192576738759544,0.206360803162363,-0.933204057206669,0.350714620333396,0.51714766877032,"AAAS"
11.4647465551096,0.258378975934891,0.312430278102811,0.826997234403338,0.408238629011948,0.572947985405758,"SP1"
108.116395697985,-0.424281450970923,0.133740192389203,-3.17243039202609,0.00151168793048624,0.00936504901601857,"PRR13"
101.662528126006,-0.276574794115488,0.14725191856253,-1.87824238091704,0.0603480148596465,0.14638808161174,"PCBP2"
7.04359333469637,-0.221853928071835,0.294212669005253,-0.754059737882579,0.450813351988387,0.611577603632476,"TARBP2"
9.75534631485724,-0.0732357587508318,0.188541979941301,-0.388432108189553,0.697696287010498,0.811413758506534,"ATF7"
462.838441929546,-0.713968721880582,0.121905170398552,-5.85675504612612,4.71998502221927e-09,5.75944239789902e-07,"ATP5G2"
3.54169108711676,-0.185878783732713,0.357439008410069,-0.520029373849048,0.603043102117364,0.740126319931245,"CALCOCO1"
9.90957829936263,-0.559049936742789,0.229530751869271,-2.43562107556375,0.0148662485027287,0.0516797243084616,"SMUG1"
39.5558656893538,0.360381538931053,0.197977910495162,1.82031186221586,0.0687115259479781,0.160474660601084,"CBX5"
377.11014834975,-0.555576474224311,0.125272493466015,-4.43494384802863,9.20962905266588e-06,0.000189425324833241,"HNRNPA1"
37.5353847735751,-0.00785980505857581,0.131871532228542,-0.0596019847934599,0.95247263754464,0.971963746868155,"COPZ1"
7.92931927993908,-0.446406326453474,0.236088287428589,-1.89084486704366,0.0586450558995627,0.143180913023904,"METTL7B"
155.906184775127,-0.351126485437134,0.131973755850073,-2.66057810642312,0.00780066323234362,0.0319800689706499,"BLOC1S1"
4.12866869135535,-0.523474621956478,0.379651161545968,-1.37883055546268,0.167947003415053,0.307209778859268,"RDH5"
365.210483909838,-0.364885674535692,0.128802484567275,-2.83290866446842,0.00461265635922704,0.0216883496327658,"CD63"
5.42037394158207,-0.802304123562178,0.337582108248211,-2.37661921043598,0.0174721146403126,0.0580621679907573,"SARNP"
29.4370808479583,-0.19429227213908,0.154947295274291,-1.25392490262666,0.209869302611218,0.360117021070915,"ORMDL2"
2.84390216272181,0.492931881187632,0.357160773948158,1.38014002976481,0.16754353431089,0.306830567796063,"DNAJC14"
14.0820918529263,-0.409482174325261,0.20474609090997,-1.99995112241394,0.0455055420505596,0.118624624740537,"WIBG"
2.89293722019594,1.03265298742694,0.368123752199156,2.80517891404157,0.00502886571799499,0.0232101494676692,"DGKA"
10.6268811285892,-0.164993179590601,0.250485209222367,-0.658694300165759,0.510092093875671,0.662682778772985,"CDK2"
17.575617215447,-0.170550055403387,0.275833317148667,-0.61830839423747,0.536372069601847,0.685859022239027,"RAB5B"
3.7876976113046,-0.338269381546623,0.294234393769093,-1.14965955275809,0.250284119593804,0.408120951770077,"SUOX"
1083.08245913706,-0.00360679604264463,0.245529356466216,-0.0146898769847951,0.988279595484459,0.992887907063064,"RPS26"
35.2683588578337,0.328918797365427,0.192760390910182,1.70636091684774,0.0879409026293255,0.192859087753327,"ERBB3"
132.393821447651,0.244335639583703,0.110232288832608,2.21655235658526,0.0266536963455558,0.0796311258081804,"PA2G4"
5583.71880678583,-0.405636816179619,0.165106114926805,-2.45682491141801,0.0140170984384994,0.0496172389315854,"RPL41"
8.49153172880235,-0.0183464416389526,0.240486244795267,-0.0762889439043447,0.939189221696714,0.964956948687447,"ESYT1"
13.3770994160106,-0.223574132655245,0.169084064286089,-1.32226613784821,0.186079544425015,0.331228299042068,"MYL6B"
754.249139395168,-0.595622030135893,0.117655435284421,-5.06242681178335,4.13952998887473e-07,1.8242478361323e-05,"MYL6"
12.0434385471604,0.672698511507627,0.189224795572928,3.55502305853128,0.000377945942643088,0.00325237158249123,"SMARCC2"
4.4332211311869,0.0108354561098184,0.289202316799007,0.0374666988485744,0.970112891963535,0.982257514786659,"RNF41"
24.4861998225309,-0.171336902519203,0.162371087384566,-1.05521805192695,0.291325609921657,0.45369190159479,"NABP2"
40.685493656385,-0.485613566908963,0.148510402903531,-3.26989596294076,0.00107587045457996,0.00719455242409996,"SLC39A5"
5.56863850701778,0.648338995822799,0.356315478014462,1.81956450344401,0.0688253514463864,0.160671392241564,"ANKRD52"
1.24168047391996,0.0801522666915044,0.52884117417001,0.151562076869864,0.879532346056862,0.930422879230228,"COQ10A"
29.7754290322389,0.569377560040728,0.231727083610766,2.45710406901386,0.0140062105841005,0.0495948636919894,"CS"
6.86750398479475,0.147597478774936,0.272931307954221,0.540786177596352,0.588654971182512,0.729937541338443,"RP11-977G19.11"
55.9409241032941,-0.607613652182161,0.148963678527063,-4.07893829012668,4.52418430104149e-05,0.000636067719009985,"CNPY2"
4.03249974118034,-0.251019216747778,0.32427139681759,-0.774102246486394,0.438870329109379,0.600344095494124,"PAN2"
4.36078289477805,0.958991347876329,0.352634439873133,2.71950563938493,0.00653795801547332,0.028104247788454,"STAT2"
13.8952682256462,0.118280401256201,0.287663309781743,0.411176529067761,0.680943097295226,0.798686903188914,"TIMELESS"
9.88430436810233,-0.400184223620988,0.238608138165615,-1.67716083239049,0.0935110358382716,0.202015088363563,"SPRYD4"
0.734477492960165,1.04791683952022,0.63262678256339,1.65645348632583,0.0976300171716179,0.20842578857554,"RBMS2"
9.92373785864761,0.556100499846397,0.237264270776697,2.34380211578411,0.0190882958616474,0.0622706197228871,"BAZ2A"
365.682833402288,-0.43331674911262,0.126635059155611,-3.42177554937731,0.000622136488027416,0.00469847166896922,"ATP5B"
139.259439359819,0.534123650321379,0.15535533803037,3.4380772305163,0.00058586057992156,0.00449960813150505,"PTGES3"
788.338562762846,0.0720501995968869,0.1346306809727,0.535169242822866,0.592532832543471,0.732783979068946,"NACA"
11.1055844832588,0.191725728293356,0.202728993431952,0.945724264929623,0.344289242843466,0.510999204220314,"PRIM1"
22.0261730807016,-0.0566243945718455,0.223857780489744,-0.25294807465689,0.800308338923922,0.880845625966446,"MYO1A"
4.33888655021255,0.422983503014339,0.358773104292459,1.17897216361441,0.238409260342724,0.394142878264877,"TMEM194A"
13.7194213517732,-0.14368978600086,0.296763171047722,-0.484190088323841,0.628250970510285,0.757897720973653,"STAT6"
7.69949954781797,0.0536814769048033,0.298199111813835,0.180018902733408,0.857137728387486,0.917818549624147,"LRP1"
22.1519723158483,-0.312926527172705,0.146459166275524,-2.13661278519103,0.0326294988641672,0.0930557661935021,"SHMT2"
9.1206554407009,1.21128047302022,0.363169534252543,3.33530309890454,0.000852064717269964,0.00601815671187114,"R3HDM2"
5.99805719427346,0.0219162515980939,0.253960725260665,0.0862977989041383,0.931229688170297,0.960322325850292,"MARS"
19.2708983530942,0.116096838021372,0.361559717697985,0.321100035038607,0.748134583755305,0.846944811798459,"DDIT3"
6.7559644476578,0.507096854777592,0.262683150743275,1.93045063355886,0.0535510263465634,0.133877565866409,"MBD6"
40.0792335282363,-0.178489911955777,0.137931605945333,-1.29404650031058,0.195649359397032,0.343099795836661,"DCTN2"
3.21721907366187,0.511094472471459,0.374362109045178,1.36524092615842,0.172177339114745,0.313102127057288,"PIP4K2C"
31.8029687301591,-0.0904514308817399,0.152551228675546,-0.592924958173342,0.55323137419831,0.698970162764981,"OS9"
4.78910415468136,0.486723951820935,0.27989959472307,1.73892338894772,0.0820482395403757,0.182815732746918,"TSPAN31"
60.4925270963794,-0.671187228810927,0.146920930709052,-4.56835677239265,4.91562797215374e-06,0.000117552711935861,"CDK4"
5.52590642223925,0.480893309269373,0.27168640650668,1.77003080666662,0.07672200889483,0.174196355648024,"MARCH9"
7.74487773290204,-0.11300730687961,0.228658822357652,-0.494218004424302,0.621152225747954,0.752140750145183,"METTL1"
0.914458379031671,0.619531537480123,0.694076017930386,0.892598968233275,0.372071971907426,0.538143295338675,"METTL21B"
31.5542684143652,-0.568389051539005,0.192916621087478,-2.94629383582905,0.0032160672920295,0.0164669923580577,"TSFM"
1.41108411099879,0.433181449965085,0.500708006352269,0.8651378537381,0.386963130288185,0.552728707852653,"AVIL"
14.6669370310637,0.130252535616795,0.248087703407021,0.525026165456893,0.599565001712488,0.737069947769711,"CTDSP2"
12.5745621559606,-0.42201061173037,0.216535248900796,-1.94892339179249,0.0513045741090354,0.129634172830183,"XRCC6BP1"
10.4393288830695,0.996044012228871,0.320725126842489,3.10560018179691,0.00189893283169363,0.0111181460366595,"LRIG3"
8.32338394225792,1.41842877274361,0.243991209917423,5.8134421040154,6.12011450036738e-09,6.84398578412371e-07,"USP15"
5.18325634660046,1.03005986214367,0.335493050710365,3.07028673161083,0.00213853355315396,0.0121849288495551,"MON2"
10.6361919412488,0.159879741224174,0.182638746232005,0.875387860038634,0.381362902992764,0.546962642168702,"TMEM5"
6.10393984316656,0.656019304878099,0.273910243149484,2.39501559830343,0.0166196582278524,0.056157277023795,"SRGAP1"
1.19297514415667,-0.00434950207560951,0.484540142813286,-0.00897655672109206,0.992837840169299,0.995680020707229,"C12orf66"
6.98345948779296,0.73809525879494,0.315125211972022,2.3422285198192,0.0191689739826808,0.0624775082388696,"XPOT"
2.89193307173017,0.553435993691594,0.363124131769822,1.5240958814668,0.127484761384091,0.252735397705591,"TBK1"
6.31029117356788,0.685560721500663,0.48612527866666,1.41025523992707,0.158464329985715,0.295602435814315,"RASSF3"
5.87814807271935,0.280197415236429,0.293070093669207,0.956076451637857,0.339033610927714,0.505547853175199,"GNS"
2.02512432386656,0.295730195441355,0.403699842112546,0.73254969309329,0.463833123606305,0.622648667783,"TBC1D30"
4.37735470777761,1.26919385509683,0.36803672188315,3.44855222218775,0.000563600474576795,0.00436880881791862,"LEMD3"
3.32389110527981,0.978949740121635,0.433667492878235,2.25737403932304,0.0239847124827545,0.0734686630321034,"HMGA2"
16.2595386736961,0.517107438067189,0.185061193980512,2.79425106336254,0.00520200746082209,0.0237768522830505,"LLPH"
59.2794596846217,-0.284900656445315,0.141086284870132,-2.01933629982221,0.0434522774295071,0.114675998270826,"TMBIM4-ENSG00000155957"
18.9121046429858,0.88847938747301,0.243135298976624,3.65425913560347,0.000257925667113014,0.00240023371452214,"CAND1"
8.22173459409795,0.73249712262116,0.361680206841818,2.02526184392922,0.0428404843048799,0.113530419607368,"DYRK2"
2.8301048442369,-0.0223593480396892,0.379462697399329,-0.0589237049990167,0.953012876993367,0.971964163749456,"MDM1"
27.7253918243667,0.597205616890589,0.192701187907813,3.09912784334412,0.00194091249190838,0.0112959858853832,"RAP1B"
9.68415567864861,0.157871972438793,0.296036273104381,0.533285907106146,0.593835681683933,0.733680944606088,"NUP107"
3.69201018801985,0.649909417715507,0.30113574346402,2.15819420916122,0.0309127354507438,0.0891429386604029,"SLC35E3"
8.01339911957922,1.58291317675955,0.391001263445193,4.04835821452896,5.15781645320941e-05,0.000708574891798077,"MDM2"
10.0818735260832,0.410325308308859,0.27791464731245,1.47644362136676,0.139824839720914,0.270003157782561,"CPM"
21.757299366312,0.0659871772223547,0.149490543372848,0.441413722457176,0.658913509621891,0.782311218376926,"CPSF6"
33.4585788468953,2.6188302764958,0.630474499796375,4.15374496088518,3.27077713869388e-05,0.00049888538941314,"LYZ"
0.983122590169762,1.52616714129317,0.793614413716664,1.92305874857516,0.0544726722124531,0.13568193124478,"RP11-1143G9.4"
19.3215704834216,0.0302262516862976,0.168737351058372,0.179131955650064,0.857834090826685,0.917982710213471,"YEATS4"
3.26343708439145,1.42197965377976,0.347065556704278,4.09715002342158,4.18267845719931e-05,0.000604041064430646,"FRS2"
66.3831198873638,-0.0164509715104006,0.114835818332562,-0.143256448634859,0.886087649943978,0.933962701347164,"CCT2"
17.2097506926836,0.209748495835569,0.208074946498527,1.00804301221845,0.313433813803979,0.478881713268319,"RAB3IP"
2.43551112069757,0.681492772555526,0.359523471752696,1.8955445919378,0.0580202899264846,0.142234841670795,"RP11-611E13.2"
17.0846116124935,0.864657387047778,0.18880791992851,4.57956100239423,4.65952878070803e-06,0.000113321511765578,"CNOT2"
3.21974288545127,0.453679751226746,0.350999667191682,1.29253612932627,0.196171542387759,0.34372748472589,"PTPRB"
593.485320871764,0.161660740820441,0.240669033115763,0.671713924835029,0.501765834812782,0.655431322157164,"TSPAN8"
2.10872862714633,-0.271492972048894,0.445274619928548,-0.609720293719997,0.542047109023447,0.690190128267633,"LGR5"
6.55428606144099,1.2730730168762,0.29562737823468,4.30634342623568,1.65975312512647e-05,0.00029793254444419,"ZFC3H1"
3.35756988099018,0.300684885331185,0.356853633965314,0.842600037415931,0.399452170157495,0.564873838027997,"THAP2"
9.17492875767746,0.0745739857051127,0.272473394623065,0.27369272441545,0.784320769425271,0.869833016736077,"TMEM19"
10.8732636118635,0.969006284925402,0.323419714845098,2.99612621138296,0.00273433235574714,0.0145491667728633,"RAB21"
8.1390492360263,0.767443153111125,0.254376474184108,3.01695805625358,0.00255325138151854,0.0139193152819219,"TBC1D15"
15.2132438612519,0.946855014601343,0.194028942782112,4.87996791109988,1.06103102854572e-06,3.61216205956319e-05,"ATXN7L3B"
14.7496341734606,0.816645185175053,0.22117853621727,3.69224427985561,0.000222283802941132,0.00214577964439173,"KRR1"
1.77308845944686,0.470998930522182,0.449216222156181,1.04849047583689,0.294412688085845,0.457021411179571,"PHLDA1"
113.637537431338,0.17528590213586,0.179741626242918,0.975210393940485,0.329455907391321,0.495236212051353,"NAP1L1"
7.13490122625438,1.57789759240699,0.333354650742428,4.7333900663836,2.20800576378424e-06,6.22426916700125e-05,"OSBPL8"
3.32959430248795,1.11667684288606,0.466528912108103,2.39358550757367,0.0166845917915589,0.0562891167618297,"ZDHHC17"
2.70893666380631,0.893708384895405,0.424120927889096,2.10720180525754,0.0351000905264754,0.0983200885007797,"E2F7"
36.9666534663426,0.862556911215952,0.191961670348078,4.49338094241368,7.01012204998441e-06,0.000153178924472496,"PAWR"
19.3725400895413,0.632762580997277,0.218775925737972,2.89228615471675,0.0038244943735287,0.0188192156305037,"PPP1R12A"
20.9691849900654,0.401730831998522,0.180466553174677,2.22606807151505,0.0260096221879478,0.0781509429820062,"CCDC59"
3.29069777299423,0.457153950176957,0.36979046700493,1.2362513124787,0.216365162631087,0.36760414051527,"METTL25"
2.18546730139453,0.946131747206728,0.405039664133169,2.33589900196949,0.0194965060007682,0.0632035985577141,"TMTC2"
5.95328168671385,0.655968889607748,0.278119445387676,2.35858693265183,0.0183446625230682,0.0603889163384422,"C12orf29"
6.51023761383782,1.22372638283131,0.296866987317303,4.12213696743366,3.75373889325283e-05,0.000557785782492756,"CEP290"
3.6799908246608,1.29220443098256,0.357917467312584,3.61034190559362,0.000305793644331019,0.00273777327076247,"TMTC3"
6.60052899993033,1.64764526648396,0.336741243395619,4.892911987464,9.93548449184617e-07,3.48062456714353e-05,"KITLG"
7.10203976760519,1.24527135928187,0.377732747536341,3.29669949826646,0.000978281095705696,0.00670292283871537,"DUSP6"
4.56290146652011,0.532017516810216,0.330130420870539,1.61153739000275,0.107062644565516,0.221952888761316,"POC1B"
1.54798610617856,-0.280761207212244,0.463979731946657,-0.605115240776342,0.545102428262541,0.693186460296393,"RP11-734K2.4"
20.2615389347624,0.499116832652391,0.176157936757921,2.83334853846685,0.00460631312869402,0.0216744196610126,"ATP2B1"
2.52718531278847,0.07593216939988,0.392965432564875,0.193228622945974,0.846779923262997,0.91161562246685,"LINC00936"
94.8416159374933,0.310949777868751,0.177904494337105,1.74784666923335,0.0804905816238004,0.180344071886625,"BTG1"
14.8523567824789,1.14626278241491,0.272796264907496,4.2019005751549,2.64683385669253e-05,0.000421475303279778,"EEA1"
25.7291124435588,0.799544552363272,0.224594067115758,3.55995402118604,0.00037091973144609,0.00320205745906561,"NUDT4"
42.7693147518923,0.348350394989492,0.186351723062269,1.86931673753879,0.0615787608436657,0.148511068790186,"UBE2N"
25.3592399806143,0.265415555864667,0.206748122811966,1.28376283302972,0.199224951826979,0.347366994037669,"MRPL42"
3.24133724589484,0.320854663615009,0.339928739547438,0.943888016182969,0.345226876538383,0.511831246308101,"SOCS2"
4.51854913581014,-1.40014013292338,0.340216917794915,-4.11543359453806,3.8645224904659e-05,0.000566379409533869,"CRADD"
0.966338593931846,1.18154611993501,0.709499668871977,1.66532300404527,0.0958483314463403,0.20559211524931,"PLXNC1"
4.69585679224761,1.2906880102295,0.361907258824167,3.56635015949371,0.000361987628380941,0.00313241884001356,"CCDC41"
2.46977318325554,0.0222216735694843,0.510662762570558,0.0435153592512318,0.965290721211428,0.980366336141037,"TMCC3"
123.479674230441,-0.158388739352412,0.126733159045673,-1.24978135592226,0.211379428530196,0.36143708028278,"NDUFA12"
4.43423431466034,0.254347634282116,0.294791445287948,0.862805343736055,0.388244500611041,0.553670636678938,"NR2C1"
2.62730235457009,0.994959846475838,0.40443267937185,2.46013711854634,0.0138883942633691,0.0492579887982325,"FGD6"
6.75497399901833,0.572453570691605,0.272816360354176,2.0983110028608,0.0358776811944282,0.0997808133968287,"VEZT"
44.8930569562411,0.479968869705238,0.192025600372412,2.49950459092118,0.0124367087686182,0.0452926415919496,"METAP2"
135.182590035843,0.350217570030729,0.146924691828216,2.38365359608991,0.0171417294374341,0.0574033862752189,"SNRPF"
20.4879712028351,-0.305984665228442,0.161291634639587,-1.8970894920383,0.0578161278295735,0.141830392642686,"LTA4H"
2.34558498483847,0.844396050654202,0.459568953266155,1.8373653064531,0.0661559848900424,0.156389637767928,"CDK17"
3.25849027614933,0.433229233639193,0.332839604389998,1.30161563685662,0.19304781169463,0.340064758313655,"NEDD1"
2.90828019881313,0.86202070271336,0.358319265420019,2.40573361776377,0.0161400287063335,0.0548953059037837,"TMPO-AS1"
40.7339314583134,1.2296608343895,0.238061262887951,5.1653125732105,2.40037450626986e-07,1.21813397841545e-05,"TMPO"
296.320980809603,-0.179473170964916,0.077220273608674,-2.32417165308717,0.0201162959432287,0.0647105965472346,"SLC25A3"
1.48169726866234,0.612122906528975,0.469618884032968,1.30344610777194,0.192422503930311,0.33930383224044,"IKBIP"
5.74240913119121,0.771134449207547,0.302897805220317,2.54585683988913,0.010900988424487,0.0411629813247318,"APAF1"
3.05155079145448,1.21822880693342,0.439129529562326,2.77419013052391,0.0055339325329615,0.0249267968925599,"UHRF1BP1L"
8.47036009756354,0.861390745054641,0.266516220491118,3.23203872344929,0.00122910398781308,0.00798329504046056,"ACTR6"
10.3027745024957,0.964402283532628,0.324598810674286,2.97105920237133,0.00296774564863324,0.0155064611123063,"SCYL2"
4.01558886394976,0.335090792035629,0.472510488199398,0.709171119804269,0.478218293057361,0.635284484722073,"NR1H4"
2.82634001873472,0.775447201295673,0.436635360438714,1.77596061051156,0.0757394096909593,0.17258287646744,"GAS2L3"
4.39029831761371,1.13317908092585,0.322485762234598,3.51388871581096,0.000441597774537791,0.00367543705660848,"UTP20"
27.2483423709847,0.0449926395907145,0.145543790571881,0.309134724428478,0.757219045684169,0.853138171608058,"ARL1"
48.82632578266,-0.218260953119469,0.176625658583209,-1.23572619556091,0.216560356934798,0.367705671718559,"CHPT1"
16.2982176076691,0.728871348242441,0.208255723186971,3.49988627965852,0.000465456681124366,0.00380637014835137,"GNPTAB"
15.0104225646469,-0.0971979303848839,0.194233699069115,-0.500417439665285,0.616781176068775,0.749240954812296,"CCDC53"
12.7931075086235,-0.233910655844357,0.180471250192124,-1.29611035328532,0.194937468551613,0.342422290586002,"NUP37"
5.24324121207603,0.935576946341241,0.308663951398913,3.03105348746124,0.0024370207276994,0.0134345406613277,"PARPBP"
1.90987548547726,0.105587343440771,0.514461049976777,0.205238751204852,0.83738559472521,0.905782808141209,"NT5DC3"
137.917749145241,0.718305684522931,0.140654335059681,5.10688621305663,3.27510829299941e-07,1.53308948542989e-05,"HSP90B1"
6.42952806704498,-0.0159004590876198,0.256668322972183,-0.0619494408328022,0.950603094985234,0.971309891812646,"C12orf73"
15.187420024514,0.348965136787032,0.23329785175762,1.49579232795329,0.13470778125493,0.262974385121075,"TDG"
1.06394734887234,1.83279100945946,0.572151728623614,3.203330371593,0.00135848042292777,0.00862121202987537,"HCFC2"
11.3686905330041,0.497959325148925,0.217619487816927,2.28821108874144,0.0221252312682,0.0694651666876704,"NFYB"
14.9261558482421,0.683540349508891,0.205405697707556,3.32775749230712,0.000875480407390396,0.00615386228107424,"TXNRD1"
5.14273591794504,0.680112427966734,0.384138513655931,1.77048747727468,0.0766459686823495,0.174120729417631,"SLC41A2"
19.0976171501303,-0.110815462519164,0.171939268337316,-0.644503513308909,0.51924898013301,0.670277418785747,"C12orf45"
5.17601022098259,0.608469810204598,0.330223327627283,1.84260092882162,0.0653872982181457,0.155011145743083,"KIAA1033"
5.01887618054013,0.44158207309331,0.290767369478639,1.51867822680753,0.128843509771911,0.254546209955058,"APPL2"
23.7758841780332,-0.366960631525428,0.229563179080197,-1.59851694420573,0.109927977504906,0.226273281975603,"C12orf75"
32.5855957107774,0.454167967714306,0.194883328738448,2.33046084882839,0.0197818069618768,0.0639186026795545,"CKAP4"
2.14009896903667,1.07719996924923,0.481678725975,2.23634532969832,0.0253291593064907,0.0765584943135233,"POLR3B"
3.09266094159119,0.581327512513653,0.386115185272772,1.50558054872401,0.13217488489798,0.259483167434439,"RIC8B"
3.64397398185725,1.17759771509661,0.369200613307281,3.18958764598939,0.00142475928328603,0.00891808980777309,"C12orf23"
6.19809316005676,-0.122986924514429,0.217548097771742,-0.565332107125436,0.571847894116376,0.71505677951685,"MTERFD3"
3.16797687628622,0.563897859617164,0.362670275875207,1.55484994808673,0.119981810171485,0.241789285296405,"CRY1"
12.7849586362893,-0.116805881121572,0.183060011169023,-0.638074259777701,0.523425341392304,0.67446597146659,"PWP1"
5.16433177978902,0.481205500443229,0.261948516184106,1.8370231962109,0.0662064711051638,0.156440878198886,"PRDM4"
0.833842569269519,1.73227168063815,0.605802873258776,2.85946428632766,0.00424357197568071,0.0204641170763288,"FICD"
6.27323835802792,0.33169667116624,0.249403345000867,1.32996079569457,0.183531188649559,0.327820511304968,"SART3"
56.1486851738021,-0.928489564825411,0.151482560020167,-6.12934957464279,8.8239057121263e-10,1.56922610622044e-07,"ISCU"
9.04362209123231,0.551176773132845,0.276237175984582,1.9953026639818,0.0460098795376721,0.119394812850447,"CORO1C"
4.64418768502302,0.555098933100073,0.367741733631115,1.50948038347178,0.131176064620969,0.257934467098266,"SSH1"
2.89387458114809,-0.325784843932607,0.343614637146426,-0.948111077683164,0.343072909369114,0.50982099011338,"USP30"
1.10919360179637,0.427351438576942,0.642766794854656,0.664862345096055,0.506138541924887,0.659467854265659,"USP30-AS1"
7.83379700988033,-0.350786350905518,0.233649007034122,-1.50133893295035,0.133267919942508,0.26096098279402,"ALKBH2"
42.198472901883,-0.308047171882957,0.183180980405319,-1.68165478316226,0.0926358008701889,0.200403346105628,"UNG"
5.83307006692157,0.195720341174378,0.337787007704034,0.579419387692572,0.562306225359759,0.706624115645335,"ACACB"
5.41375042753584,0.235090845554831,0.301854244627264,0.778822394381522,0.436084343962488,0.598045074198494,"KCTD10"
5.78205143163843,-0.276186666112912,0.260315951690797,-1.0609671221415,0.288704843006743,0.45099749641157,"UBE3B"
34.5083428750314,-0.283094517965769,0.202318345730972,-1.39925283069587,0.161737179042146,0.299614914951225,"MMAB"
4.84028007264528,-0.0916445664697186,0.330757293722379,-0.277074967685038,0.781722542516823,0.868625933937094,"MVK"
18.0432665602796,0.772401700116593,0.199435201552395,3.87294566909078,0.00010752780475929,0.00123571635945596,"GLTP"
7.55905850830254,0.557435647793123,0.268571492187985,2.07555777142181,0.0379348704878621,0.103397198315586,"TCHP"
3.44689639630101,0.207142655552008,0.327729859753798,0.632053044259138,0.527352216522135,0.678077796759459,"GIT2"
6.48202916411909,0.86055538895219,0.276521847315012,3.11207015759537,0.0018578034252389,0.0109472301671701,"ANKRD13A"
3.14302492300157,0.173628713029761,0.348374111353229,0.498397290072203,0.61820404644966,0.75021744825604,"C12orf76"
1.34336202774357,0.666652853571437,0.494068819518791,1.34931172993418,0.177236859543401,0.319839198179018,"IFT81"
29.0790713006715,0.530034594223537,0.199810140495513,2.65269116426772,0.00798528963425769,0.0324551816721701,"ATP2A2"
7.39650292122064,0.295648471347632,0.232653866364242,1.27076534754323,0.203812139955413,0.352958035387623,"ANAPC7"
166.19211470669,-0.119601598107191,0.148569974280844,-0.805018636411057,0.420808925484735,0.58412072992465,"ARPC3"
13.9676581576753,-0.446977078686552,0.193351074715634,-2.31173826855595,0.0207921111313897,0.0662565513165762,"GPN3"
102.066136388911,-0.274732946586714,0.108823539622156,-2.52457278582014,0.0115839014080422,0.0429414885819555,"VPS29"
5.85682336030281,0.638058825274713,0.308506459636234,2.06821868827985,0.0386194637060449,0.104642558844224,"PPTC7"
1.95206661985184,-0.4294323606633,0.446483341713744,-0.961810487744074,0.336144808843547,0.502266363816441,"TCTN1"
57.9274044006425,0.0512201412306564,0.175969383183323,0.291074164744306,0.770994598408427,0.862131221609873,"PPP1CC"
5.35733064428683,0.332875801124834,0.285472173650947,1.16605340852537,0.24359285246151,0.400093523552935,"FAM109A"
11.7802394232304,0.232330183828631,0.214825170763702,1.08148492563837,0.279481462587426,0.440837862556201,"ATXN2"
5.51034122620001,0.401687217845954,0.301568625617821,1.33199273307368,0.182862576465361,0.326948893713174,"BRAP"
4.90460877415271,-0.785257671990662,0.274419101112396,-2.86152701764386,0.00421605567727495,0.0203675999355899,"ACAD10"
114.803735654047,-0.167034325063533,0.160547170404689,-1.04040653374638,0.298151067445633,0.460782779629938,"ALDH2"
12.4323080539066,-0.00690326132079433,0.217289501523139,-0.0317698796877179,0.974655567033019,0.984903643619484,"MAPKAPK5-AS1"
11.6407152944,-0.130618637316391,0.186677385595529,-0.699702521008091,0.484113101758148,0.639983966536031,"MAPKAPK5"
1.39522224806113,-0.502510390989427,0.530983412633286,-0.946376815232977,0.343956426418103,0.510854320418572,"TMEM116"
122.482779624626,-0.188323527969052,0.128517487903475,-1.46535332304733,0.142824545329203,0.274575068556407,"ERP29"
6.32763938742255,0.757230157455301,0.310879795096848,2.43576510728014,0.0148603308388151,0.0516756941753223,"NAA25"
2.96265548472011,0.768385434546588,0.374577180380338,2.05134075110071,0.0402337745845192,0.107859489505771,"TRAFD1"
5.10012570158489,0.399320234238439,0.323962253829621,1.23261345887676,0.217720013131876,0.369264902281941,"HECTD4"
1386.84623884068,-0.326640541820128,0.144194354087749,-2.26527969064137,0.0234955215327835,0.0723862025095116,"RPL6"
10.9054241623319,1.06132433158906,0.311537869694091,3.40672654862541,0.000657469615116309,0.00492082702974715,"PTPN11"
5.49131275477356,-0.341468895288536,0.308476898381718,-1.1069512727854,0.268314996193663,0.428074167572085,"OAS1"
3.98061040817512,0.540172538851301,0.361557462148832,1.49401573857973,0.135171505695803,0.263690057815056,"OAS3"
15.8860498332027,-0.0130671976945172,0.162986738529814,-0.0801733798245614,0.93609936181501,0.963514270619942,"DDX54"
6.43959056465293,0.155333926919114,0.261887959187363,0.593131228335638,0.55309333271226,0.698970162764981,"RITA1"
7.26047223005167,0.016293283863029,0.252183728006552,0.0646087834128839,0.948485491171815,0.970285647525048,"TPCN1"
3.07578640819698,0.717964799166628,0.344186293838448,2.08597730943819,0.0369806784884465,0.101776525186145,"SLC8B1"
12.3363395064879,-0.425507927310757,0.207984614967111,-2.04586251429243,0.0407698993459734,0.108947122760155,"SDSL"
3.55174789804291,0.448799022241589,0.305734032758697,1.46793936609539,0.142120693809886,0.273560924277802,"RBM19"
3.60383929011292,0.728144088895129,0.403446978489111,1.80480739159825,0.0711048273352766,0.164823569874302,"TBX3"
8.11949555979219,1.36048293499425,0.348038400781546,3.90900237427589,9.26780532462146e-05,0.00110846217869371,"MED13L"
4.82162421837237,0.468180654161592,0.268754164975271,1.74204055295169,0.0815013484835768,0.181821003395983,"C12orf49"
2.06808884125766,0.0386590480060369,0.414335404444359,0.0933037524463551,0.925662251068696,0.956579317404704,"FBXW8"
8.94625729957643,0.815581985446956,0.285277606185664,2.85890643977207,0.00425104143192692,0.0204910385933095,"FBXO21"
1.29108510561548,0.539298723097715,0.443048662111927,1.21724489704355,0.223511052638477,0.376096999016713,"KSR2"
12.5692262792972,-0.236805961147703,0.176166321909133,-1.34421811491216,0.178877865509668,0.321949768352805,"RFC5"
8.96090511349715,0.61152527974001,0.255381455384227,2.39455632680907,0.0166404873125322,0.0562101686513531,"WSB2"
13.2263872658869,0.599686056704974,0.23050637604391,2.60160290139106,0.00927892235597642,0.0363131880309564,"VSIG10"
314.435395580277,-0.239394504064148,0.111314811381376,-2.1506078220261,0.0315071674137232,0.0904304492978968,"PEBP1"
21.9300190624431,0.752138643623321,0.199119813635557,3.77731693240703,0.00015852694923616,0.00166177863774585,"TAOK3"
21.4560171806093,0.421822640523652,0.236154437734707,1.78621517583982,0.0740644248286666,0.169942880549191,"SUDS3"
10.2702572798237,-0.0308566134621285,0.247175063197989,-0.124837081309502,0.900652530367742,0.942226983303343,"PRKAB1"
3.52051961579612,0.906797326484183,0.359648725907142,2.52134169027561,0.0116908267556792,0.0432285933151775,"CIT"
5.61246346647851,0.056235545337443,0.22775898059198,0.246908135921922,0.804979319681867,0.884377886873553,"RAB35"
7.57754444212386,0.241189177322121,0.249105434783742,0.96822125752297,0.332933880604281,0.49891844119808,"GCN1L1"
1977.48456488055,-0.573345433834797,0.131801447472,-4.35006932648898,1.36094498640544e-05,0.000255265329056356,"RPLP0"
3.85531418098417,-0.646069732713071,0.291318228283223,-2.21774564715859,0.0265721799649475,0.0795188411185808,"PXN-AS1"
11.0627209855457,-0.128859331773903,0.256347140105981,-0.502675129204205,0.615192698405478,0.748486747107719,"PXN"
373.385412720657,-0.856836283637806,0.139847435265731,-6.12693598570249,8.95874940936161e-10,1.56922610622044e-07,"COX6A1"
17.4615465049333,-0.151443424985369,0.20249710983287,-0.747879439417,0.454532880282378,0.614629522564324,"TRIAP1"
2.24732368132199,0.777558896474939,0.399028565411712,1.94862965680832,0.0513396678092399,0.129662509862406,"GATC"
89.1286803663455,-0.151175213416992,0.128566962052891,-1.17584806394352,0.239655595851498,0.395540998624205,"SRSF9"
271.840763704535,0.0137722734835408,0.111052765068766,0.124015583718358,0.90130293629326,0.942255476332769,"DYNLL1"
1.31089993899926,-0.0411465413589898,0.514180404164759,-0.0800235501503189,0.936218525721187,0.963517289902002,"DYNLL1-AS1"
12.2926490160899,-0.738956635995432,0.187153019774633,-3.94840883083411,7.86723662048657e-05,0.000982048157453841,"COQ5"
14.4834681238484,-0.000920470914403877,0.183218140277387,-0.00502390709244353,0.995991518958143,0.997369100588791,"RNF10"
36.9747960394123,-0.351316277006823,0.177193625499778,-1.98266882353091,0.0474044342003045,0.122109145022606,"POP5"
219.001283886735,0.470018896500711,0.112740310210062,4.1690402982301,3.0588490767305e-05,0.000473206566571129,"MLEC"
3.95001457784577,-0.0395601570194794,0.340805220953788,-0.116078494656758,0.907590332362826,0.945733161529484,"UNC119B"
69.8121618282394,-0.596584434232278,0.146625241076896,-4.06877035529923,4.7261899979482e-05,0.000661422981671617,"ACADS"
14.3981115617769,-0.0381585715734496,0.260541051614896,-0.146458960447629,0.883559085330986,0.932626144022374,"SPPL3"
4.54030960893725,-0.174386998592981,0.331229105097696,-0.526484526598427,0.598551600165355,0.736549582315755,"HNF1A-AS1"
4.60109727406609,0.233096563354539,0.33368923924543,0.698543842413498,0.484837149621171,0.640707160487456,"AC079602.1"
3.57317395655079,-0.0541970687874602,0.316156190805338,-0.171424980321926,0.863889614039958,0.921537731047175,"HNF1A"
4.24395700528942,0.552201761516424,0.324654791230253,1.70088899481169,0.0889638335495506,0.194468936782389,"C12orf43"
0.72547831686041,0.530081274482432,0.961106446158614,0.551532326727264,0.581268812675792,0.723864353194613,"OASL"
9.69254246746945,-0.209450284584416,0.204145104553115,-1.02598729978323,0.30489757050151,0.468461974840281,"P2RX4"
8.97835434878012,0.50845064480885,0.252797246873843,2.01129818894978,0.044293969689068,0.116237510237101,"CAMKK2"
33.1096987305736,0.0746854958787665,0.114826628603509,0.650419652541156,0.515421186244171,0.66708069152803,"ANAPC5"
9.35897012117606,0.174828168837274,0.191929274326416,0.910898920713583,0.362348634407149,0.528769977111212,"RNF34"
3.76298511866865,0.0102318329419924,0.30199815279193,0.0338804487623536,0.972972483864203,0.983935298888653,"KDM2B"
10.1456105594797,0.222334369279429,0.196911662571207,1.12910716600663,0.258852628720689,0.417578661305211,"ORAI1"
2.19424194379135,-0.241668183444807,0.36476989084791,-0.662522290101981,0.507636554387124,0.660382433618598,"TMEM120B"
1.00882951296073,0.747493492780559,0.819494378741888,0.912139865959951,0.361695094565385,0.528029133886286,"RHOF"
3.20110892490596,-0.134893852916141,0.359094505269414,-0.375650005602106,0.707177109812233,0.818059588044403,"AC084018.1"
3.77403128361113,0.31803900856899,0.321052747717462,0.990612947031607,0.321874613242009,0.48802151805683,"SETD1B"
16.4456939275614,-1.64903406224372,0.293086576928305,-5.62644007626152,1.83966653377454e-08,1.5897665104303e-06,"PSMD9"
6.39601120351697,0.545585220389993,0.256614295082315,2.12609052124311,0.0334957230263543,0.0947547674045865,"BCL7A"
84.2123152919435,0.0490360265401347,0.20699365442541,0.236896279145623,0.812737256651841,0.890073009421176,"MLXIP"
2.55030302109908,-0.407983526189124,0.368023094380736,-1.10858131573408,0.267610842087155,0.427398126143385,"DIABLO"
3.06194577276708,-0.120918425232918,0.349875333454158,-0.345604315797705,0.729640102088013,0.833235712167414,"VPS33A"
6.10194833604164,1.11609187646965,0.292856197799694,3.81105773022783,0.000138373444374436,0.00150123437153484,"CLIP1"
5.84630807084385,1.10072872665484,0.325109673397138,3.38571508855182,0.00070993049653796,0.00522701368976424,"ZCCHC8"
43.7144715251585,0.86566974265946,0.179957598318379,4.81040951173356,1.50621381209715e-06,4.58725425571774e-05,"RSRC2"
5.89855309495939,0.958940540978455,0.33012687016974,2.90476367611458,0.00367530487002251,0.0182923056317344,"KNTC1"
19.0508090134245,0.819817911135597,0.192324705599406,4.26267602272169,2.01993271297253e-05,0.000347646105592419,"DENR"
7.58250563198229,0.503052206509463,0.306289719872964,1.6424064337455,0.100505802486498,0.212683751949214,"HIP1R"
14.5843105473509,0.14555859643803,0.248388692271758,0.586011364312739,0.557867877991707,0.702754338822635,"VPS37B"
6.06916675956784,-0.582561316752198,0.243035227334573,-2.39702418098516,0.016528832880058,0.0558851572470207,"OGFOD2"
141.670952822146,-0.280156676383683,0.13429669583829,-2.08610252571684,0.0369693369738454,0.101776525186145,"ARL6IP4"
7.59246072804176,0.675775101185196,0.23545835832061,2.87004082592401,0.00410418804520498,0.0199603592346288,"MPHOSPH9"
15.6770082169042,0.139871524727766,0.195281120188921,0.716257283819605,0.473832497643116,0.63131160893194,"C12orf65"
1.33896473162019,2.41864534834285,0.56040874979985,4.31585936016644,1.58983181277213e-05,0.000288239958041825,"CDK2AP1"
12.15351211403,0.513257397950237,0.185433806685084,2.76787392291356,0.00564232783487689,0.0252516857198411,"SBNO1"
2.47039436725562,-0.209755627529182,0.526649002216283,-0.39828353732082,0.690421194166451,0.806298729057769,"hsa-mir-8072"
10.7025315874765,0.985239188824337,0.24631719406298,3.99987988078666,6.33746425542248e-05,0.00083547581201517,"SETD8"
1.8630352015477,1.0516972598366,0.476131386959532,2.20883833462966,0.0271858876108261,0.0808651710363111,"RILPL2"
11.273799021745,-0.00144913828687569,0.196009163513546,-0.0073932170358736,0.994101120010921,0.996566437954538,"SNRNP35"
69.5748744200332,-0.246608875984956,0.296498005347681,-0.831738735293601,0.405556431416236,0.570732518489093,"TMED2"
7.4981764571605,0.216758692583714,0.231970541628443,0.934423358509484,0.350085553257478,0.516561141412293,"DDX55"
9.84485348700256,0.0747179020748094,0.228626146525199,0.326812585570015,0.743809639779253,0.843455433643384,"EIF2B1"
8.4837395658734,0.900064340604302,0.232301985094426,3.87454433606517,0.000106824394246728,0.00123285113870294,"GTF2H3"
4.26501087370291,0.84837463244102,0.292301778280851,2.90239299066419,0.00370323654169151,0.0183807810067504,"ATP6V0A2"
2.33490717432263,0.0640051346991638,0.422636546916253,0.151442498681608,0.879626666940776,0.930432025224197,"CCDC92"
17.8101729359077,0.251886856152654,0.264220176934421,0.953321805605981,0.340427046536396,0.506929620922153,"ZNF664"
8.30532907584753,-0.0220488751421327,0.233717184713349,-0.0943399826126408,0.924839089994065,0.956001572181186,"FAM101A"
8.74329124965091,0.569692087798693,0.296619300597841,1.9206170557697,0.0547800033240524,0.136135202768698,"NCOR2"
5.85941479083505,0.424421705110572,0.303883675763029,1.39665845506469,0.16251630294531,0.300372392155144,"SCARB1"
295.550149612538,0.133764097274548,0.391670175513325,0.34152229512813,0.73271042362274,0.835492986197287,"UBC"
4.01381830642012,0.327401219008029,0.352216446496598,0.929545517435658,0.352606447608705,0.519087165654133,"DHX37"
43.4149811124059,0.751750281637421,0.173777856685024,4.32592676637729,1.51891883942121e-05,0.000279584044001938,"BRI3BP"
9.0320043580062,0.712779949646091,0.226429625101159,3.14790941921866,0.00164442641657968,0.00999354834026601,"AACS"
1.21858064449905,-0.678349060026063,0.552226568579907,-1.22838903200635,0.21930096319447,0.370967049889711,"RP11-349K16.1"
3.00509930866656,0.605087199252931,0.394587748205249,1.53346676881156,0.125160888449405,0.249265954256472,"SLC15A4"
245.293027727966,-0.35042133944057,0.0938295049125012,-3.73466043295601,0.000187968634795572,0.0018918807913623,"RAN"
7.96033412758561,0.547813590104847,0.233045579929035,2.35067144492362,0.0187395724846289,0.0615387990204938,"SFSWAP"
2.07715284366913,-0.0800550355556671,0.428354205351792,-0.186889808843877,0.851747029784208,0.914390346328242,"ULK1"
10.083282262311,-0.303533624115069,0.190549390226042,-1.59293936209924,0.111173794892389,0.228188889157313,"PUS1"
5.59137383400548,1.13621385935785,0.296818915420157,3.82796985074049,0.000129204578334355,0.00142597735844623,"EP400"
5.01097635533208,0.108635635079308,0.264743687699591,0.410342682853984,0.681554585634403,0.798972668392661,"DDX51"
8.15499629800305,-0.255313127499825,0.244563893026045,-1.04395266341559,0.296507290993507,0.45904428261884,"NOC4L"
9.32603094260079,0.635174997538618,0.272535326393524,2.3306152855262,0.0197736547515197,0.0639186026795545,"FBRSL1"
7.68654169582076,-0.0025464150047916,0.250631329029594,-0.010160002800332,0.991893630092368,0.995100676471419,"POLE"
113.652420027234,-0.741883531868243,0.150878856537769,-4.91708082160956,8.78442908943937e-07,3.17996333037705e-05,"PXMP2"
5.60677847120309,0.554967915605455,0.275737598503963,2.01266682025404,0.0441496921849094,0.116037187107482,"PGAM5"
10.8201213016581,0.418390967491408,0.210147468833807,1.99093983769221,0.0464875018136418,0.120317986104897,"ANKLE2"
13.0751816543726,0.761555537739286,0.252558361163952,3.01536458436595,0.0025667052332719,0.0139372094166664,"GOLGA3"
3.52050920182924,0.554233114834979,0.360459564327375,1.53757361347642,0.124152903251339,0.247940516607125,"CHFR"
1.86311818710318,0.770327642417532,0.46729091622263,1.64849693344034,0.0992507394557879,0.210725910164195,"ZNF605"
1.74833007397408,0.272806267885481,0.385077993130545,0.70844419248076,0.478669457095621,0.635650562980979,"ZNF140"
3.92513727856298,0.739284361040462,0.379034839817545,1.95043907150153,0.0511238087677529,0.129385701803551,"ZNF268"
36.6050235407596,0.22129154654384,0.159910462515721,1.38384657928235,0.166405437030131,0.305160933155559,"MPHOSPH8"
15.8728991897092,-0.0951704388691052,0.187901737449539,-0.50649046762893,0.612512379814223,0.746569016475062,"PSPC1"
3.07070365567377,0.685895147767057,0.31835891311711,2.15447131996819,0.0312032287674713,0.0898136931923505,"ZMYM5"
7.84600819812338,1.08157945439105,0.406947536519318,2.65778597320421,0.00786558268011527,0.0321491260466887,"ZMYM2"
15.1754781990875,0.13465793540215,0.217698291685441,0.618553018306277,0.536210860386487,0.685814385089772,"GJB2"
36.3039844493904,-0.667926797908051,0.199723764335889,-3.34425299928131,0.000825044604443941,0.00586770425950308,"CRYL1"
4.83360685814367,0.587264877676735,0.282921825399593,2.07571429615688,0.037920382929641,0.103393261013282,"IFT88"
4.71795209905915,0.0672408627695146,0.266984109731662,0.251853426172428,0.801154359857228,0.881334719210849,"N6AMT2"
4.55384446253834,-0.0157493535767995,0.374736906518848,-0.042027762152131,0.966476566667379,0.980836885712338,"XPO4"
142.398310959239,-0.283868596506202,0.10266269908147,-2.76506071870304,0.00569122011551748,0.0253652743427372,"SAP18"
5.09515562802272,0.00878164687057666,0.291030262950513,0.0301743426320922,0.975928010824959,0.985217833606281,"SKA3"
108.582731109041,-0.332077598496215,0.0752596446016075,-4.41242581271932,1.02218825402464e-05,0.00020633762897226,"MRP63"
4.31437489663848,3.6800126835146,0.650963696717899,5.6531765167073,1.575094006023e-08,1.41263750491142e-06,"ZDHHC20"
16.9415826353979,-0.0308369728837807,0.185271978528356,-0.166441645027616,0.867809402996596,0.923509075604413,"MICU2"
1.46370741496466,-0.117927109361375,0.523257319852857,-0.225371160396833,0.821690545221288,0.89532648434893,"FGF9"
8.28514496105784,-0.250384387260808,0.220959169033996,-1.13317038779362,0.257142707027822,0.415560981893176,"MIPEP"
1.70077686738483,-0.438917376049051,0.501734833293833,-0.874799489538344,0.381683015022084,0.547305193758449,"C1QTNF9B-AS1"
9.06817813521872,0.927611359936379,0.296821733399973,3.12514636078351,0.00177716612039753,0.010575355653434,"SPATA13"
14.8628069443241,0.172561567352839,0.225869457348157,0.763988054776484,0.444874361096587,0.606060755924218,"PARP4"
4.34049410093269,1.05853141355228,0.2918108517409,3.62745733147772,0.000286226056867749,0.00260250762978755,"CENPJ"
3.96158387700717,0.930456551257119,0.405903761572683,2.29230827438515,0.0218878606995362,0.0689391436186087,"MTMR6"
10.0622361006051,0.915056089961771,0.332994570719066,2.74796098923116,0.0059967143521016,0.026419601567474,"NUPL1"
4.48162712981696,0.859664698764309,0.286171874892732,3.00401532850334,0.00266441900764058,0.0143021958258853,"RNF6"
3.4812829477671,0.150265632498812,0.321822234053904,0.466921227306014,0.640556237466683,0.767480222737001,"CDK8"
7.88243209726054,0.777479628072499,0.246889706874661,3.14909697092882,0.0016377584025644,0.00996417717190442,"USP12"
2068.9195871316,-0.100745688899303,0.159304192181745,-0.632410782915024,0.527118489758529,0.677857525018073,"RPL21"
4.0391380547849,0.931241268727751,0.38779905548857,2.40135001761292,0.0163347036973755,0.0553148993306821,"RASL11A"
43.9291065903481,-0.309358993233311,0.161436565254512,-1.91628825071688,0.0553284155615769,0.137152840218837,"GTF3A"
38.3110990214531,0.239401665511811,0.122809037899523,1.94938149183841,0.0512498831369174,0.129548582995886,"MTIF3"
5.66162433370994,0.324886608093148,0.421251354839148,0.771241693020082,0.440563685601601,0.602194411354647,"LNX2"
56.3334412530302,0.0778662620526655,0.11664599402353,0.667543388047754,0.504425105034268,0.658029347356174,"POLR1D"
13.4303889531834,-1.61733483731796,0.311455176083882,-5.1928333882702,2.07117524883578e-07,1.09189141759012e-05,"ATP5EP2"
2.6162948790362,-0.0755990013433838,0.339758231788892,-0.222508225762009,0.823918270531793,0.896478551044511,"LINC00543"
76.2466230850613,-0.296984450795774,0.128245475494263,-2.31574992919778,0.0205719265394649,0.0657091535937024,"CDX2"
46.7461832904201,-0.957437974542639,0.403459219956586,-2.37307248709217,0.0176408015061008,0.0584974364446581,"URAD"
6.72458459728511,0.859398206070379,0.461363000945675,1.8627375934109,0.0624991939958289,0.149998065589989,"PAN3"
132.495053831019,0.0451308051714309,0.153947123038948,0.293157834200078,0.769401512267452,0.861689531666705,"POMP"
3.41945770721107,0.93867561245974,0.415417911144796,2.25959350157283,0.023846491291931,0.0731148773095343,"SLC46A3"
12.2484410750704,0.546788014638645,0.259122230463711,2.11015478548538,0.0348450256299335,0.0977821649460149,"SLC7A1"
11.0750554937226,0.9865739376583,0.302106015674655,3.26565472539536,0.00109211323341914,0.00728522709762401,"UBL3"
630.824712155825,0.234674164058192,0.108986771539339,2.15323530318069,0.0313001904674704,0.0900212045754047,"HMGB1"
2.01394283625019,0.87982104399059,0.458537044781848,1.91875673733007,0.0550151273395161,0.136500864269396,"USPL1"
28.85071903152,1.47210734835234,0.341451906995009,4.31131681561778,1.62285188027381e-05,0.000292392214124375,"HSPH1"
8.59294596505507,1.90047490708868,0.292440204394875,6.49867863080315,8.10285438476933e-11,2.51419996053128e-08,"BRCA2"
6.00748691968089,-0.0323313427781245,0.399064122050682,-0.0810179141436783,0.935427705910527,0.963164657756207,"N4BP2L1"
27.9658485922589,0.765564565096675,0.242483430338,3.15718300433785,0.00159301335811574,0.00972463466505732,"N4BP2L2"
8.63487880936618,0.817158547822746,0.349730350256541,2.33653884263498,0.019463175647808,0.0631709765496697,"PDS5B"
2.58141758486578,0.0441818206084681,0.391694232851661,0.112796709532357,0.910191727108096,0.947194129294002,"STARD13"
14.3680546483806,0.630236808100373,0.254300436187315,2.47831587530644,0.0132004223159783,0.0473436546735548,"RFC3"
0.688277349066359,1.30457398028763,0.824116260245259,1.58299750074023,0.113422034036,0.231490939603638,"SPG20"
2.42728392813225,0.276862281647547,0.311456185794389,0.888928505116674,0.37404150470896,0.54015448967264,"RFXAP"
2.24305123082256,1.08843325718542,0.447886174374325,2.43015596251863,0.0150923268438881,0.0522284432111566,"SMAD9"
33.0385830218221,-0.126213747725345,0.133782937483038,-0.943421860066025,0.345465166180674,0.512114619809189,"ALG5"
32.660274631446,-0.324620085071388,0.170825396290561,-1.90030342162493,0.0573933125938377,0.141079985235192,"EXOSC8"
6.79824309256812,0.662056117945756,0.254882513417937,2.59749525013576,0.00939064190114859,0.0366579335177835,"SUPT20H"
24.1513942171662,0.662536818365753,0.175612554635745,3.77271898207952,0.00016147813172322,0.00168296786037828,"UFM1"
5.43956611556921,0.503387839078178,0.313084439945393,1.60783410113252,0.107871517665542,0.223139939399578,"PROSER1"
12.1481700569749,-0.0127733272016489,0.243233048658993,-0.0525147683346137,0.958118528142584,0.975636869726063,"NHLRC3"
2.40694332422401,0.829755753739094,0.392210009938872,2.11559045591013,0.0343796542740367,0.0967011254638794,"COG6"
3.59823823145155,0.971620861647736,0.368358835127985,2.63770206926121,0.00834698793185059,0.033585879562763,"FOXO1"
17.5529455900875,0.145841512303168,0.175808686577673,0.829546680213292,0.406795133875531,0.571586900490136,"MRPS31"
1.73496820487383,-0.160296091902616,0.403702601479088,-0.397064797985751,0.69131967780382,0.806849188710316,"SLC25A15"
15.8131660502861,1.10289442521452,0.274552098957351,4.01706790588349,5.89267480286564e-05,0.000790054918013838,"ELF1"
16.8458160399628,0.512200477522981,0.209557801403205,2.44419665645121,0.0145175107554844,0.0508581183240519,"WBP4"
2.30329768089873,0.773694866479088,0.413166930960062,1.87259630067992,0.0611241525643477,0.147775667152452,"KBTBD6"
3.94105732606229,0.269465020560826,0.320862422322771,0.839814829702178,0.401012217289065,0.56602874836181,"KBTBD7"
2.88154890348892,0.399608903905647,0.340151045654656,1.17479839915399,0.240075380760915,0.396046643144312,"MTRF1"
3.68725087541435,0.92762293270822,0.303885252724825,3.05254343338669,0.00226910890553073,0.01277476553347,"NAA16"
3.02960287374712,0.756656310474742,0.709173640150961,1.06695492843427,0.285992189174244,0.447725987376718,"RGCC"
2.5787845181632,1.31873829532787,0.402290651183816,3.27807343135425,0.00104518202413097,0.00705343021846087,"VWA8"
9.62655829174659,1.12342316233116,0.277689549423675,4.04560835891286,5.21874187381023e-05,0.000714697815253204,"DGKH"
4.50824452361874,0.675781103556989,0.37227849667923,1.8152568831803,0.0694844417137788,0.16175799292854,"AKAP11"
6.09835441834911,0.55482440991304,0.409212626296366,1.35583404386749,0.175151976788284,0.316919438174069,"EPSTI1"
67.073456461105,0.0732866097338825,0.165755246658488,0.442137496165524,0.658389712429859,0.781774795209739,"DNAJC15"
2.80247612237739,0.455643615208723,0.460890282636973,0.988616233351176,0.322850940732486,0.488799834986031,"CCDC122"
1.71306666946817,1.46938598492485,0.436623510865808,3.36533866903116,0.000764497600320061,0.00553408316117545,"LACC1"
0.898212679688772,-0.562053141486474,0.559050255030097,-1.00537140700565,0.314718042682235,0.480235765565416,"SERP2"
45.1120530872655,0.111077293147028,0.289400887982561,0.383818079900714,0.701113286723873,0.813895811276766,"TSC22D1"
4.52922528154396,0.495429456528549,0.299330311276239,1.6551262530554,0.0978988905443934,0.208794570171271,"NUFIP1"
5.86858670816011,0.436099400024355,0.257164990316316,1.69579614817689,0.089924492208456,0.195825142447129,"GPALPP1"
15.9998983689345,0.35879259195428,0.207650803656977,1.72786517381833,0.0840123993897469,0.186465288651676,"GTF2F2"
1719.48756521424,1.09333670390605,0.155704775339427,7.0218572392699,2.18938184192847e-12,1.82897590794948e-09,"TPT1"
3.95153713642499,-0.549991444630715,0.3057494652142,-1.79883043865802,0.0720455068152743,0.166588139641409,"TPT1-AS1"
5.78635985042752,0.472092508538678,0.301851820533575,1.56398761387019,0.117820477239655,0.238718355004226,"COG3"
18.6523266053361,0.946893169120509,0.240050915744173,3.94455137229983,7.99495135093899e-05,0.000993423016832923,"ZC3H13"
7.68804958152881,0.0771309374126991,0.289265298309938,0.266644280746237,0.789743058446019,0.873464646047083,"KIAA0226L"
2.38371308117356,0.716191385661329,0.450182069478113,1.59089273922348,0.111633716885529,0.228769226439413,"LRCH1"
85.427955633041,0.101707266046613,0.175260095487116,0.580321868272002,0.561697583008181,0.706104381464156,"ESD"
17.229237125198,-0.424230194061247,0.17660407960686,-2.40215398764077,0.0162988457787646,0.0552451514224043,"SUCLA2"
17.7616307208681,0.298296684441653,0.170177365274569,1.75285757868194,0.0796264567987452,0.1789988244327,"NUDT15"
28.4322462365522,-0.19906293001261,0.154923172219034,-1.28491385221037,0.198822389768729,0.347028472016779,"MED4"
119.183173487194,0.0374100817859644,0.128104024228377,0.292028935166562,0.770264500697699,0.861845505623018,"ITM2B"
8.85890951605851,0.918198207754341,0.341007370773922,2.69260516472261,0.0070896172703997,0.0297731026900777,"RB1"
1.67831111398346,-0.0012318792799365,0.475343242382267,-0.00259155736339644,0.997932238705884,0.998575887989118,"LPAR6"
1.66264333899519,-0.0199471662324196,0.419125787879205,-0.0475923143105871,0.962041157381978,0.978346939710486,"RCBTB2"
8.44491035444363,1.40554201663932,0.283332804105243,4.96074579531299,7.02230407543287e-07,2.65722028777704e-05,"FNDC3A"
3.23844509515264,-0.0465104347211683,0.343908031904439,-0.135240908633655,0.892421403774551,0.937392053872872,"CDADC1"
0.922038254913847,0.311500798431336,0.587861871165188,0.529887740148749,0.596189766838761,0.735251063805241,"CAB39L"
2.64771023302853,0.561368667333081,0.348126871931585,1.61254046324641,0.106844382216787,0.221745485153517,"SETDB2"
6.51424013342855,0.814729269653035,0.28897051752695,2.81942004542748,0.0048110515015362,0.022443307262321,"PHF11"
56.6297092913718,-0.478281648305252,0.14998090060434,-3.18895036886726,0.00142790390941522,0.0089274821279501,"EBPL"
10.1035119462182,1.06685167850659,0.304532521271012,3.50324383764967,0.000459628504423445,0.00378148905912016,"KPNA3"
9.52813511098494,0.126793542794648,0.223311492905195,0.567787806821378,0.570179060225669,0.713570705340704,"SPRYD7"
11.0919423908652,0.427160438569512,0.223801795082365,1.90865510445216,0.0563065983316645,0.139228064180755,"TRIM13"
9.44994069652331,0.0174946527804787,0.230233535869879,0.0759865530205214,0.93942979640122,0.965112817038809,"DLEU1"
25.089157811954,-0.355944927175419,0.204356773786159,-1.74178188753305,0.0815466172227643,0.181884629911526,"RNASEH2B"
5.39595838762173,1.47831854510529,0.326350834719214,4.52984453487674,5.90271043919029e-06,0.000134671082709257,"INTS6"
5.80270665867088,-0.620929691564773,0.274469333459569,-2.26229168752013,0.0236793876648271,0.0727668789021002,"DHRS12"
5.23690615156558,0.656344039126646,0.367390557359105,1.78650220039571,0.0740179812717173,0.169872205539064,"UTP14C"
7.03347007590646,0.556921695120737,0.265156706377298,2.10034927168042,0.035698127942284,0.0994796131889529,"NEK3"
22.8298237458207,0.91651956093955,0.182199584652033,5.03030543505315,4.89699099179441e-07,2.07663766393991e-05,"VPS36"
9.69604145291507,1.18134173229465,0.261631699851209,4.51528516218214,6.32316212286288e-06,0.000141586681761424,"CKAP2"
3.48067498543734,-0.13174430479958,0.382457186612451,-0.344468111493689,0.730494273622608,0.833820419458577,"HNRNPA1L2"
28.1663509279282,0.567878373628872,0.147372308926275,3.8533587331726,0.000116508495826429,0.00130950620313499,"SUGT1"
411.752309059102,1.0770316960434,0.506724247552447,2.12547889951116,0.0335466729056776,0.0948494839249307,"OLFM4"
6.85054378911406,1.47163170020634,0.303314764621789,4.85183008496588,1.22327406278364e-06,3.98941631286195e-05,"DIAPH3"
6.88796506229403,0.48206047101159,0.23080683390625,2.08858837865865,0.0367447922036505,0.101410023718334,"TDRD3"
1.84720954780858,1.09330273603441,0.66093701892317,1.65417082828205,0.0980928082453789,0.209043935938935,"PCDH20"
2.9552123529106,1.00243578981538,0.399596458753245,2.50862030395118,0.0121203688160442,0.044378693642023,"DACH1"
10.7709162979336,0.136976967535348,0.203316821581702,0.673711926390236,0.500494478015187,0.654312029763444,"MZT1"
2.08072172770331,0.394372163252718,0.414465630606005,0.951519581192032,0.341340683239855,0.507872286612525,"BORA"
10.474709340624,0.860122827885845,0.32893273139254,2.6148897503891,0.0089256261159672,0.0352609311092775,"DIS3"
4.17141371221823,1.55024771113628,0.357881527221899,4.3317343679912,1.47939359037506e-05,0.000273700415527651,"PIBF1"
130.282928408987,0.387793484397341,0.168041961803213,2.3077181451349,0.0210148181866998,0.0668094044225877,"KLF5"
2.14120223442407,0.438360667445624,0.379875097021396,1.15396000128151,0.248516567939452,0.405909148416671,"KLF12"
8.26093666763886,1.00308327154244,0.40866516021574,2.45453581365461,0.0141066612114609,0.049870405506329,"TBC1D4"
179.010529641254,-0.150428024478551,0.157313906602984,-0.956228395358518,0.338956856957656,0.505547853175199,"COMMD6"
34.8662396518924,-0.150399368223858,0.173380713611663,-0.867451546893053,0.385694648993368,0.551572805908345,"UCHL3"
16.3391202085332,1.0036497271679,0.272045707886287,3.68926874445457,0.000224899552660817,0.00216142401937741,"LMO7"
6.42904506635422,1.4199519199047,0.692364337898511,2.05087385669601,0.0402792326929665,0.10795470558875,"KCTD12"
5.5403763454264,-0.0321255063335213,0.291182537997909,-0.110327722789998,0.912149471858481,0.948118612594095,"CLN5"
6.54626308945323,0.907750318679148,0.367033521472906,2.47320821007396,0.0133906103155057,0.0478676853279762,"FBXL3"
11.7693102269517,1.81377746191959,0.301434697620323,6.01714890899575,1.77515774361911e-09,2.64085110900048e-07,"MYCBP2"
4.82443638025812,0.849915970179355,0.293656228438791,2.89425487311436,0.00380059527464013,0.0187355718032645,"RNF219"
13.9683277175396,1.17882145901501,0.298770200487742,3.94557910089621,7.96073457618742e-05,0.000990304438687232,"RBM26"
23.3163422518465,-0.0250129001129163,0.19764826668299,-0.126552590279149,0.899294522608715,0.941424572540066,"NDFIP2"
5.81994471435636,0.840907511498875,0.390028705289476,2.15601441661778,0.0310825394540073,0.0895137572183821,"SPRY2"
3.29328112864109,0.313544298426203,0.316452802608751,0.990809042743274,0.321778832908734,0.487993035244917,"TGDS"
4.20314402592038,0.841707943942675,0.309420799942153,2.72026943275964,0.00652287435607106,0.0280548180225472,"GPR180"
2.8765321807668,0.598018347462167,0.435839084030485,1.37210812286935,0.170029781160619,0.309975394226007,"ABCC4"
1.79061252598682,0.852006441789567,0.434562247353605,1.96060851345949,0.0499247084959784,0.127242979175387,"DNAJC3-AS1"
16.8945303368478,1.41552227785329,0.276525220845803,5.11896265202738,3.07220787481793e-07,1.47977501637187e-05,"DNAJC3"
4.0316552823933,0.364478623654653,0.292872433913048,1.24449617461391,0.213317006393119,0.363791251480727,"UGGT2"
5.51386332717621,1.38445946491879,0.305089708032881,4.53787665878778,5.68234774308462e-06,0.000131298503169998,"MBNL2"
4.85317268178064,1.09423906462245,0.380004766266588,2.87954036833001,0.00398255309086647,0.0194384389064314,"RAP2A"
23.4282565619335,0.532959855716137,0.175500786708828,3.03679468172622,0.00239108263093057,0.0132856596384651,"IPO5"
11.3167728148887,0.652610895807972,0.216685099053934,3.01179406732316,0.00259708717646037,0.0140328279982181,"FARP1"
22.683401587585,0.587656056117276,0.250006371003621,2.35056432265386,0.0187449675101099,0.0615387990204938,"STK24"
2.88176768129521,0.304932936567698,0.383050213230398,0.796065179016846,0.425994152031774,0.588629174966316,"DOCK9"
13.2518066804457,-0.0204723493644156,0.173722283059259,-0.117845270070692,0.906190259103752,0.944546138196252,"UBAC2"
35.5173574809151,0.448723225171927,0.236441624731941,1.89781822756739,0.0577200312224032,0.141639908815612,"TM9SF2"
13.2011911021332,-0.182358640402221,0.1977994883522,-0.921936866072753,0.35656150796735,0.523136716634074,"CLYBL"
16.9316737175863,-0.12037263967816,0.217053158952159,-0.554576769392663,0.579184182294405,0.72223449531717,"PCCA"
2.99658500580919,-0.739929273270265,0.370540261775365,-1.99689304942208,0.0458368024106262,0.119181394182999,"GGACT"
6.66503245833154,0.593188981652309,0.333310066557748,1.77969116798198,0.0751265166651752,0.171629827307478,"TMTC4"
10.2812961599529,0.845659076582465,0.233585003781642,3.62034832241626,0.000294206679931147,0.00265814021967742,"TPP2"
9.11214542238918,-0.480307977709324,0.230967287312111,-2.07954980680998,0.0375668448962391,0.102790611129543,"TEX30"
5.13768054398662,0.235702018985899,0.255444619626587,0.922712795166528,0.356156896106612,0.522684309691596,"BIVM"
6.95012691563868,-0.214951366232494,0.244585851753897,-0.878838104048548,0.379489062812771,0.545075773646041,"ERCC5"
18.2845707787253,1.1801344919353,0.30468365683037,3.87331077817651,0.000107366773410388,0.00123571635945596,"EFNB2"
53.4076242087289,0.699358979268562,0.267937761926195,2.61015459053212,0.009050131481264,0.0356102999588866,"ARGLU1"
4.3108700465702,0.149180368919941,0.293394639650594,0.508463171302656,0.611128560644607,0.745834040390132,"ABHD13"
5.42224401449934,0.711169356298003,0.381948779943751,1.86194954308464,0.0626102027297022,0.150112688114907,"IRS2"
1.54875786878534,0.478269410904826,0.525779549870368,0.909638670851204,0.363013097462862,0.529404600743977,"COL4A2"
7.65072534450438,-0.567383816478441,0.195192106043616,-2.90679693958351,0.0036515014865764,0.0181821669620448,"RAB20"
3.92655431713332,-0.476597265785359,0.278705320714209,-1.71004006871499,0.08725846386457,0.191672111158825,"CARKD"
16.5739862277285,0.303581488157513,0.183403930144869,1.65526162889594,0.0978714387901763,0.208777023229486,"CARS2"
7.46661500331706,0.348700204674721,0.220798629207697,1.57926797791263,0.114274603529543,0.232837184677456,"ING1"
16.7513669196689,-0.167507637033969,0.184455098602064,-0.908121479446572,0.363814043263123,0.530267146669913,"ANKRD10"
7.72506403240028,0.02073873449553,0.278046498812432,0.0745872887596409,0.940543088050161,0.965836567885381,"ARHGEF7"
5.00702996506225,0.490216944080357,0.305207109541216,1.60617799767917,0.108234806211738,0.22367840065832,"TUBGCP3"
2.41725990580432,0.518709185318522,0.361334288994351,1.43553822905147,0.151133782669523,0.285853220016948,"ATP11A"
3.04477881064877,0.503805093859433,0.402815458300662,1.25070943400437,0.211040507285722,0.361189921631598,"MCF2L"
3.67172657596948,-0.522264767911813,0.299335244862376,-1.74474866182875,0.0810286287275411,0.18115708116014,"MCF2L-AS1"
12.6161142458453,-0.210790454142787,0.183467573339087,-1.14892484980549,0.250586969899859,0.408492118449786,"PCID2"
12.1692244240928,0.0550362578156533,0.208111126820247,0.264456104085151,0.791428484919504,0.874609821371992,"CUL4A"
39.9348107315381,-0.00647215881729472,0.120554632588141,-0.053686521026579,0.957184921976796,0.975051895006848,"LAMP1"
13.4110917671109,-0.112000149547406,0.159504999641008,-0.702173284846745,0.482571103885805,0.638411766134711,"GRTP1"
0.791811635303014,-0.280618672607808,0.595671926956606,-0.471096017637661,0.637572168858801,0.7653403065996,"ADPRHL1"
4.77693561707056,0.043304211083718,0.304568533257886,0.142182157232413,0.886936125065103,0.934082105324316,"TMCO3"
33.1575933844618,0.0239662809030094,0.175830392149077,0.136303403581616,0.891581433328518,0.937144247575272,"TFDP1"
42.209845311413,-0.473175168257975,0.155365691509299,-3.04555763670421,0.00232249259488176,0.0130011698868123,"GAS6"
10.4316508763717,0.283686400740503,0.219227206396411,1.29402917367626,0.195655343979415,0.343099795836661,"CDC16"
23.9585091613588,0.0789998436509488,0.157367949280795,0.502007200398778,0.615662456044329,0.748638928747219,"UPF3A"
7.27497168519503,0.263533574032414,0.226925501236109,1.16132198715831,0.245510981221159,0.402209874198489,"CHAMP1"
4.0287911837288,0.0103354737592844,0.263143201907484,0.0392769932278855,0.968669549203857,0.981743441243184,"TTC5"
18.5562631108837,0.208051993943695,0.179593033655708,1.15846360913166,0.246674894045977,0.403386440195649,"CCNB1IP1"
1.40744085134844,1.24599803285025,0.541160462088592,2.30245577816487,0.0213094825251764,0.0674500088089233,"RPPH1"
7.30472146681771,-0.315449565414964,0.292467081642575,-1.0785814377581,0.280774359799172,0.442042555439115,"PARP2"
2.18164193888667,1.07973419130797,0.440392529596706,2.4517541028608,0.014216177312834,0.0501410777383225,"TEP1"
17.6095409537848,-0.177665964415373,0.186784409306348,-0.951181980740055,0.341512004000766,0.508057584034016,"OSGEP"
66.7799590189169,-0.171448145265717,0.147881195012726,-1.15936407770415,0.246307812773417,0.403089639348901,"APEX1"
7.95291155412578,-0.415464950514239,0.228690444216963,-1.81671320783337,0.0692610382955236,0.161376287468223,"TMEM55B"
29.1769260493919,0.680744450764535,0.188328986865745,3.61465572609818,0.000300747000865973,0.00270149911447847,"PNP"
3.17474633637174,-1.46111673747561,0.460799521631874,-3.17082954492056,0.00152004309201726,0.00940607862068803,"RNASE4"
23.8863283552628,-0.414158046823519,0.194557416126847,-2.12871888961302,0.0332775250469859,0.0943833695508662,"ANG"
1.48284594877306,-0.447004214832384,0.445363978655547,-1.00368291163059,0.315531476316038,0.480936397584867,"RNASE6"
53.2315038901919,0.0580250647085263,0.249952561498591,0.232144309146651,0.816425931016474,0.891834717546583,"RNASE1"
12.8945376707614,-0.406790201171942,0.207758310963959,-1.95799724826657,0.0502303355850286,0.127811959806329,"METTL17"
58.9307122677557,-0.461634232655104,0.16580312524714,-2.78423118965344,0.00536547750355177,0.0243498059709871,"NDRG2"
11.3670314043347,0.257317672501203,0.293821142219572,0.875762957550924,0.381158911452705,0.546814501767025,"ARHGEF40"
9.19431363665578,-0.407244416855463,0.259272361964634,-1.57072051093133,0.116247582757967,0.235927630116151,"ZNF219"
4.08694136541392,-0.0473995764269688,0.318296998940102,-0.148916190177114,0.881619765749287,0.931704763429341,"TMEM253"
111.126504540722,0.193877171458287,0.113901235594959,1.70215160920403,0.0887269513737471,0.194012484029388,"HNRNPC"
34.9495827748037,0.828463216559644,0.202708732040029,4.08696363606107,4.37055590761448e-05,0.000622890251400174,"SUPT16H"
7.37701056522904,0.815391944501468,0.262512094732112,3.10611191203802,0.00189564957618601,0.0111099591998813,"CHD8"
2.90203786407823,0.858040118937711,0.457583841131141,1.87515388833803,0.0607715557732997,0.147185346944254,"RAB2B"
15.6545136093761,0.318107860649675,0.175641288328969,1.81112233732806,0.0701219165264196,0.162892837107362,"TOX4"
8.51114230340336,-0.234535559460066,0.209000735566243,-1.12217576088735,0.261787716561124,0.421124959539892,"METTL3"
86.7643492054758,-0.148101481286338,0.137557955043043,-1.07664788444984,0.281637603185684,0.443016276158246,"DAD1"
39.5032618461461,-0.449987619585206,0.16750327511484,-2.68644072348255,0.00722177610095279,0.0301416173929083,"OXA1L"
90.5401093683334,0.259807181916819,0.14410891135396,1.80285299136485,0.0714113053324916,0.165357521516175,"MRPL52"
3.924854463144,-0.897555535078278,0.36758048559761,-2.44179321331228,0.0146145150592913,0.0511319695695567,"MMP14"
22.8234318160553,0.538408206792288,0.178669134239643,3.01343715065043,0.00258306538033116,0.0139840927369873,"LRP10"
12.5321404629928,-0.126790246404103,0.219837056053949,-0.576746471591159,0.564110734412086,0.707908779259909,"RBM23"
11.9437792514604,-0.289222695737125,0.194261736421938,-1.48882997271748,0.136532147482084,0.265343436230392,"PRMT5"
7.61219459065974,-1.30373952823815,0.30680916981881,-4.24934994285891,2.14391770052026e-05,0.000362662713826324,"HAUS4"
2.60877936641198,0.0468871054880279,0.414347645762188,0.11315885577624,0.909904614422585,0.947158773873171,"C14orf93"
95.5997260929261,-0.763821684607884,0.164981433986061,-4.62974327567317,3.66119362450877e-06,9.44431419528865e-05,"PSMB5"
2.38000951568703,0.436728024573401,0.37572136352285,1.16237208467077,0.245084357374486,0.401632129332566,"CDH24"
19.2972083000717,0.0255340666000965,0.223380626444032,0.114307435727843,0.908994088278705,0.94665092047437,"ACIN1"
28.59748795386,-0.0992425062465287,0.161836402002093,-0.613227339577442,0.539726029801659,0.688688131082836,"C14orf119"
5.68871373337495,0.39681818959342,0.411669116025623,0.963925089704133,0.335083483935667,0.501102538631417,"SLC7A8"
3.99963007416714,-0.133415553516751,0.297403352674145,-0.448601376941874,0.653719240318628,0.778441990116262,"HOMEZ"
6.71248830535824,0.0811642219608534,0.294622519887525,0.275485465238158,0.782943291037183,0.869168790129259,"PPP1R3E"
3.94429445539323,-0.352611245289851,0.312068890240598,-1.12991476022488,0.258512143787955,0.41737005729055,"BCL2L2"
45.4031117262913,-0.43623357712905,0.209347435725958,-2.08377798188124,0.037180367029879,0.102043174457325,"PABPN1"
12.1458349129485,-0.762511942991648,0.203453924790294,-3.74783599666408,0.000178366814354699,0.00182151552982224,"NGDN"
2.66309778654497,0.117624845688845,0.458315447171756,0.256646042403115,0.797452028429751,0.879090155756683,"RP11-66N24.4"
10.9985102801078,-0.101154861361798,0.191729083062365,-0.527592683103247,0.597782072525349,0.736128053931885,"AP1G2"
30.9935682108482,-0.554951088411728,0.276442241733702,-2.00747572053881,0.0446990333343169,0.116999638951719,"DHRS4"
36.6150408661983,-0.453499664492721,0.167021215046261,-2.71522192176074,0.00662313719957381,0.028373676523618,"DHRS4L2"
24.9714779163078,-0.159148177193534,0.146622117076819,-1.08543090473964,0.277730850756369,0.438713751158425,"PCK2"
17.9524838140506,0.0268087818521653,0.162382953670843,0.165096035304961,0.86886839355979,0.923821299594607,"DCAF11"
172.038559320493,-0.0642021922178433,0.16968504558493,-0.378360933319307,0.705162485504896,0.817034523907306,"PSME1"
16.8844280012212,-0.171872858162658,0.231011695490845,-0.744000678396256,0.456876064688696,0.616816765604082,"EMC9"
212.666709679173,-0.288763876817373,0.205328559245566,-1.40635028014793,0.15962013654912,0.297142544378243,"PSME2"
1.23772230071952,0.812807674664561,0.588894073836434,1.38022729515583,0.167516672405576,0.306830567796063,"IRF9"
4.16330968785581,-0.463834669109632,0.3392025106368,-1.36742699291599,0.171491506372224,0.31222091520576,"IPO4"
1.43886261210082,0.951079690560055,0.467377447015365,2.03492850721312,0.0418580671107,0.111225497632053,"TM9SF1"
49.1140575745234,-0.623545421244045,0.165068496120787,-3.77749501508619,0.000158413674752677,0.00166177863774585,"CHMP4A"
2.33003122438223,-1.63514002132819,0.404857631986515,-4.03880251263895,5.37247733077179e-05,0.000733900676882789,"MDP1"
142.561350493957,-0.567513973422582,0.116851445019211,-4.85671335368834,1.19350173161477e-06,3.91086972331767e-05,"NEDD8"
15.5471046425636,-0.0943698649076028,0.194931121193501,-0.484119027940773,0.628301397967385,0.757897720973653,"GMPR2"
6.07919979950477,-0.159052841653221,0.235991752283482,-0.673976272959579,0.500326398576777,0.654199419766477,"TINF2"
5.7958106059835,-0.518550311157237,0.269129566210908,-1.92676827915245,0.0540085143110446,0.134773084884638,"RABGGTA"
15.952653075456,-0.304094123121282,0.23101106215507,-1.31636173733167,0.188052658440642,0.333374448361961,"DHRS1"
7.12094977480247,0.0186269906961745,0.312007183195279,0.0597005187682371,0.952394158556548,0.971963746868155,"NOP9"
1.39742929900123,-0.367260133167752,0.486967539649014,-0.754177852249573,0.45074243468654,0.611577066553701,"CIDEB"
1.16502491236651,-0.328305564021551,0.581060120784092,-0.56501135128415,0.572066043334918,0.71524720591955,"LTB4R"
2.46088259360586,0.00441789433073284,0.368436276579079,0.0119909319781235,0.990432849770283,0.994025177020953,"RIPK3"
3.84911300385042,-0.335926712752232,0.325623071612512,-1.03164284732251,0.302239460282617,0.46542222495467,"NYNRIN"
7.37509176103702,-0.0113471964829727,0.276382746027488,-0.041056095744284,0.96725117558991,0.981106219190682,"KHNYN"
10.3974616958083,-0.298713843109898,0.214439750823743,-1.39299659677101,0.163620819808187,0.301948545041437,"SDR39U1"
26.5095117185808,-0.204833179735373,0.215410365948283,-0.950897505947093,0.341656408011144,0.508133195152154,"STXBP6"
2.14552447911923,-0.363903735615032,0.460132201916017,-0.790867785605346,0.429021148714245,0.591296125692624,"NOVA1"
5.36879115072935,1.41712288137677,0.336796708007608,4.20765063221685,2.58039394662422e-05,0.00041393025495331,"G2E3"
11.7080400921429,0.384533775658354,0.186950722750565,2.05687236722486,0.0396985046489263,0.106767152176161,"SCFD1"
4.13098476731582,1.37082799073782,0.480791107980254,2.85119247836448,0.00435555948436165,0.0208192676057076,"STRN3"
16.3779084016881,0.666905385370916,0.262562036734398,2.53999166698094,0.0110855110053164,0.0416569721514657,"HECTD1"
5.37388767657667,1.08167994058527,0.348814534724922,3.10101739722024,0.00192856959388774,0.0112422253299092,"HEATR5A"
3.19681965888257,0.772719328129706,0.337782975298106,2.28762070512213,0.0221596190616883,0.0695530239913108,"DTD2"
7.46549299468874,-0.0208166888168975,0.232955552791992,-0.0893590582727378,0.928796560022457,0.958723546731969,"NUBPL"
1.59934757702297,-0.108702029292736,0.481599698366744,-0.225710335079899,0.821426719274749,0.89532648434893,"RP11-187E13.1"
1.39286826600031,-0.22445735325302,0.433189049278885,-0.518151032734245,0.604352896574497,0.740942621536894,"ARHGAP5-AS1"
15.2034380665011,1.51684105177122,0.288435306535933,5.25886053960685,1.44950762948183e-07,8.41799617977147e-06,"ARHGAP5"
4.29818374498874,0.389189285997584,0.299266093182342,1.30047905480709,0.193436830397648,0.340397741694313,"EGLN3"
40.3439956872195,-0.233194401215571,0.150430316298989,-1.55018221694145,0.121097786833895,0.243315812213894,"SPTSSA"
41.4092567985359,-0.330725848465005,0.137571572580017,-2.40402753463214,0.0162155518683169,0.0550831696246235,"EAPP"
34.4393495297284,0.916860682595822,0.163562111982523,5.60558109382809,2.07557413146594e-08,1.76099492716564e-06,"SNX6"
1.05119890802753,1.55980777877814,0.528421948682624,2.95182246435221,0.00315904504327386,0.0162439532054707,"CFL2"
19.4236735494203,0.327571942983515,0.206648102062027,1.58516792419023,0.112928186178299,0.230786620605256,"BAZ1A"
1.19657904703235,0.397315960454789,0.48772675501727,0.814628183439967,0.415285172974548,0.578946980552451,"RP11-73E17.2"
16.6647427277022,0.0494131876263037,0.212930433611998,0.232062588649701,0.816489401660021,0.891834717546583,"SRP54"
88.5306601667134,-0.441413159036621,0.10821720366921,-4.07895550864443,4.52384927253362e-05,0.000636067719009985,"FAM177A1"
11.7663819467623,0.367139184610123,0.189443110231105,1.93799174940827,0.0526242291436267,0.132046933572039,"PPP2R3C"
7.29184214356667,-1.35008918542748,0.327041975437685,-4.12818319000377,3.65640771422149e-05,0.000545744479053373,"PSMA6"
94.8842181315092,-0.0730856098861173,0.361086772160016,-0.202404561786964,0.839600462418179,0.907052866305244,"NFKBIA"
9.88624754282265,0.991671211993146,0.249720647760607,3.97112221550781,7.153486792004e-05,0.000917200313591067,"RALGAPA1"
1.57633305521361,0.604872404883384,0.479562848384201,1.26129955004102,0.207200943276369,0.356778538763495,"BRMS1L"
7.00356767252152,0.159754086692754,0.242796236831553,0.657975958678422,0.510553579604004,0.662755423679116,"MBIP"
2.13445109734204,0.806649138674759,0.385500752471731,2.09247098352658,0.0363964047769686,0.100678796708578,"MIPOL1"
14.0022586160392,0.719863543704069,0.336102913239904,2.14179501380949,0.0322099808507624,0.0920043114253761,"FOXA1"
2.38321821849186,0.586354059129836,0.403337862952013,1.45375406821055,0.146014502039607,0.278868445583169,"SSTR1"
8.49110904386525,0.0442396158128679,0.326942465116667,0.135313153025507,0.892364286111047,0.937392053872872,"SEC23A"
7.25294173532807,-0.659003955588657,0.272501863668254,-2.41834660034081,0.0155912179010552,0.0535316555186405,"GEMIN2"
3.04195699842944,0.546246612240734,0.318202590541906,1.71666299545351,0.0860407650909816,0.189803515922823,"TRAPPC6B"
46.4704732407205,1.04068176556735,0.157501584735011,6.60743679067261,3.91031050798526e-11,1.51664186131143e-08,"PNN"
5.09132558036134,1.05970759566266,0.424349777059333,2.49725027077012,0.0125160587795865,0.0455205620717715,"FBXO33"
1.97224591534112,-0.202375634781103,0.409444732276425,-0.494268502749902,0.621116566424871,0.752140750145183,"C14orf28"
2.42806339312363,0.307749344208433,0.41573586200436,0.740252098350866,0.459147040722394,0.618959392036395,"KLHL28"
3.10361671976869,0.689109918893141,0.386076487118119,1.78490517264344,0.0742766995077477,0.170321992536769,"FAM179B"
3.03609334264077,1.87626808617463,0.396225494001312,4.73535427321195,2.18672781558075e-06,6.20048670423159e-05,"PRPF39"
56.2403119105221,0.0520395744429634,0.114669281831895,0.453823147852737,0.649956121491088,0.775235966984427,"FKBP3"
2.37332665119347,1.15850093957091,0.461312743117727,2.51131354347882,0.01202828093927,0.0442054588834087,"FANCM"
19.6911691583356,1.48780333649071,0.223468480313722,6.65777712544527,2.77999900923408e-11,1.20763156961128e-08,"MIS18BP1"
1773.88740111052,0.0329433840316642,0.273719572517045,0.120354506361115,0.904202328028719,0.943732483981575,"RPS29"
6.50601484772505,2.74775552783031,0.40273935234444,6.82266461381285,8.93671315697187e-12,5.70898264027733e-09,"RN7SL1"
2.29179395011667,0.301960697403385,0.453429089784969,0.665949106941032,0.505443630772512,0.659047904444357,"AL139099.1"
12.1379408744187,-0.0501211876696167,0.192839899673176,-0.259910878166612,0.794932520010809,0.877244910813676,"LRR1"
271.161915567381,0.0201489983015591,0.182577361122791,0.110358689476337,0.912124913977307,0.948118612594095,"RPL36AL"
6.46684519418378,0.0859415076856965,0.296009270834015,0.290333838002958,0.771560854168664,0.862564679053465,"MGAT2"
7.92701191875484,-0.462908898869908,0.264710075988939,-1.74873924666642,0.0803361026721403,0.180183823837143,"DNAAF2"
6.12954574225475,0.210711497939023,0.293618749909244,0.717636383930362,0.472981517581167,0.630719459839326,"POLE2"
22.190263113107,-0.425070290560671,0.175957913489837,-2.41574977862659,0.0157028482091941,0.0538298395050027,"KLHDC2"
18.0842208916495,0.437170093119702,0.181096338304711,2.41401950592796,0.0157776176784521,0.0539839092589759,"NEMF"
39.2918284337581,-0.0344321332995576,0.270045733853789,-0.127504822269106,0.898540856716441,0.941089179664437,"ARF6"
1.93851574313624,-0.586610212199421,0.395266698272816,-1.48408711070959,0.137785812198976,0.267253781118213,"C14orf182"
2.76574421104188,0.498871204822018,0.448745128359949,1.11170277579451,0.266265965944904,0.425994164726232,"VCPKMT"
4.51847410242421,1.37937617345742,0.403307907558118,3.42015652955838,0.000625851127733032,0.00471341417973698,"SOS2"
3.59582669163572,-0.070950934279002,0.356988507098601,-0.198748511137377,0.842459474521231,0.909002473253906,"L2HGDH"
11.9391797233498,-0.204862138159584,0.185709535194957,-1.10313203866738,0.269969829299172,0.429893305892817,"ATP5S"
2.63252175191876,1.7134324400224,0.464273890841456,3.69056385427351,0.000223757509215524,0.00215235301158599,"CDKL1"
6.83180282268593,0.874408190881892,0.302687753517984,2.88881258233641,0.00386699476839952,0.0189853359786703,"MAP4K5"
1.76731374264244,0.219631522542795,0.438445904806568,0.500931859860092,0.616419079291098,0.749121343141342,"ATL1"
5.79913603122402,0.911743287618255,0.302553556182343,3.01349387236673,0.00258258256517845,0.0139840927369873,"SAV1"
3.18129433156004,0.816769486968143,0.414045778300668,1.97265502940361,0.0485348788131451,0.124372058497111,"NIN"
8.7531467434274,-0.174556132478865,0.33447181897016,-0.521885918569533,0.6017497631889,0.739002875520915,"PYGL"
23.5021886826093,-0.012292469914602,0.194043596708544,-0.0633490108569028,0.949488589085867,0.970580391328362,"TMX1"
87.4600067737167,0.107984777069394,0.121143687321771,0.891377664463646,0.372726596079029,0.538774235780415,"C14orf166"
1.2399839655832,0.320769962643671,0.549706585447662,0.583529415756312,0.559536960758053,0.704040249546107,"NID2"
20.6660827349007,0.273635986519259,0.195579083334112,1.39910660104589,0.161781018533516,0.299614914951225,"PTGDR"
1.8398900105094,0.0252162065512729,0.622575659686707,0.0405030395244847,0.967692083841583,0.981153583280701,"PTGER2"
6.00450804965474,1.11956516314237,0.373385107400596,2.9984194359986,0.00271383896478494,0.0144684787224175,"TXNDC16"
12.4510827135319,1.0346533277545,0.276076677661795,3.7477027632953,0.000178461558354591,0.00182151552982224,"ERO1L"
1.96014290736384,2.56739164765144,0.560673014416114,4.57912469770839,4.66925781300456e-06,0.000113321511765578,"RP11-841O20.2"
26.6085160860676,0.185356854165226,0.16319853451506,1.1357752366834,0.256050643432162,0.414969405711577,"PSMC6"
4.9855626943231,0.191861214095669,0.342694875111812,0.559860178921758,0.57557481221139,0.718641349806357,"STYX"
18.1208477378785,0.955378084652857,0.224345638955713,4.25850972231938,2.05794270805499e-05,0.000351956815897279,"GNPNAT1"
21.2432698850858,0.186845406590685,0.213189730144402,0.876427801958972,0.38079750973673,0.546440401128552,"CDKN3"
35.1955662394729,-0.00952718970586675,0.173759724628558,-0.0548296777416793,0.956274156539933,0.97458273373705,"CNIH1"
14.7930934409839,0.533114369666701,0.247745217136908,2.151865435901,0.0314079542381269,0.0902833200174848,"GMFB"
3.10649626481397,0.066576993845304,0.315902807619832,0.210751510399442,0.833081177712477,0.902595859546759,"CGRRF1"
4.01128386835506,0.306779940148523,0.384183846791557,0.798523786750902,0.424566595109375,0.587661639419808,"GCH1"
5.66380173687517,1.05394343806169,0.282499425090544,3.73078082450572,0.000190887236475491,0.00191239426948693,"WDHD1"
4.59890659709379,1.89968705764804,0.391096143017407,4.85734030254419,1.18973022535718e-06,3.91086972331767e-05,"SOCS4"
20.7103767375498,0.317281730567493,0.20105211288426,1.57810691972256,0.114541048784908,0.233205059955774,"MAPK1IP1L"
800.448545115551,-0.236605006612022,0.191305146929756,-1.23679373194752,0.216163669697909,0.367434254643808,"LGALS3"
3.49210863784,2.00979000724434,0.47470671034007,4.23375099501872,2.29825410162131e-05,0.000381636690269226,"DLGAP5"
13.3041044296966,0.71929150233953,0.279625158336858,2.57234186872776,0.0101013089676118,0.038831934650713,"FBXO34"
3.44204651465732,1.55284385973493,0.392530825056247,3.95597940496116,7.62217277771664e-05,0.000962693401867847,"ATG14"
86.8870727699613,0.753782092599984,0.179316885351573,4.20363141553624,2.62666535134179e-05,0.000419940073869398,"KTN1"
1.61680726769862,0.534575511913009,0.646955998705426,0.826293461970687,0.408637641386294,0.573063634485428,"PELI2"
4.78456506704749,0.703192836215365,0.302642015203652,2.32351359325365,0.0201515782748402,0.0648048978574961,"TMEM260"
7.47895984265248,1.09033094186216,0.320981826480137,3.3968619152637,0.000681633538873393,0.00506676265035253,"EXOC5"
11.7310505736431,0.0449458935928167,0.218330569628357,0.205861660459751,0.836898974478398,0.905431646028632,"AP5M1"
4.22116413458109,0.606934228614821,0.356188855071216,1.70396748795936,0.0883871613710395,0.193553694711026,"NAA30"
16.0699089837585,-0.33669551380508,0.171146754671119,-1.96729125511077,0.0491496426417188,0.125710108122719,"ACTR10"
60.7603333105768,0.0425349385874171,0.150704061785764,0.282241487610888,0.777758348367532,0.866579159043062,"PSMA3"
16.0138272744435,0.373637836050801,0.214214577087783,1.74422227063329,0.0811203393813776,0.18115708116014,"RP11-349A22.5"
11.8268923207622,0.889399448347222,0.243654351677047,3.65025062029707,0.000261984560069346,0.00242363721219453,"ARID4A"
19.861960450491,0.0491373716069716,0.17429649030692,0.2819183078239,0.778006151074572,0.866579159043062,"TIMM9"
2.99601391723051,1.78553719205535,0.392689846393237,4.54694005575924,5.44314929042248e-06,0.000127123873750512,"KIAA0586"
15.3860533650063,0.646965634027653,0.310409853751965,2.08423033678761,0.0371392205215758,0.102006053329366,"DAAM1"
0.927144377530176,0.0691619276829328,0.558651568904419,0.123801545601255,0.901472408017751,0.94234193387937,"L3HYPDH"
7.51360157264891,-0.0797895583361494,0.285948511695553,-0.279034704055745,0.780218192062414,0.867530415255229,"JKAMP"
3.55098781918789,1.17643976037236,0.413614065918504,2.84429340612453,0.00445100399500659,0.0211533330136882,"PCNXL4"
29.9100958570564,-0.433285251466216,0.191770395616516,-2.25939593060369,0.0238587673187967,0.0731318693429671,"DHRS7"
13.5346218804347,0.409264812445194,0.263937464243094,1.55061280754084,0.120994501004405,0.243248037914224,"PPM1A"
6.92517940672161,0.369784458774435,0.252003859126375,1.46737617454102,0.142273752096355,0.273758495351951,"MNAT1"
3.94672980250039,0.774878785913919,0.280560646092257,2.76189407426413,0.0057467119303565,0.0255217848832714,"TRMT5"
1.0283573107397,0.245614872022294,0.511596087944133,0.480095289644035,0.631159637445929,0.760247744305988,"SLC38A6"
17.3205971414903,0.766953799098636,0.303012809668823,2.53109365223495,0.0113707483826007,0.0424497516105341,"TMEM30B"
21.2401966133076,0.881379898790857,0.278675104887877,3.16275075646056,0.00156286074488885,0.00959992516374034,"HIF1A"
3.37367913882359,0.195590991748993,0.350001411975514,0.558829150559759,0.576278325934157,0.71935432409712,"SNAPC1"
21.6565927233016,0.948065224280565,0.306320348492062,3.09501222804052,0.0019680478319002,0.0114233027549098,"PPP2R5E"
2.73172328558742,0.504796103685443,0.333215655622832,1.51492312911259,0.129791872301539,0.255861269412728,"WDR89"
2.65364920478796,1.21315689062157,0.478946155916822,2.53297134893857,0.0113100196890456,0.0422666255413062,"SGPP1"
38.0107349355572,1.43283523725829,0.218000278929954,6.57263029337075,4.94340960647109e-11,1.78951427754254e-08,"SYNE2"
31.208663049149,-0.1341182479025,0.182020286217136,-0.736831320782053,0.461224933685707,0.620870198537876,"MTHFD1"
2.58679700425865,0.634820359597564,0.409049996542608,1.55193830818536,0.120676985600282,0.242874733806349,"ZBTB25"
3.34483130645,0.296027615652839,0.41385459492547,0.715293775356414,0.474427534052389,0.631778365842257,"AKAP5"
7.15822638694068,0.766902330471145,0.276345103228176,2.77516164213672,0.00551742777012638,0.0248834159400218,"ZBTB1"
6.12998016549761,0.093108010165838,0.303316185560848,0.306966837241726,0.758868614409107,0.854287669999264,"HSPA2"
4.65636130952754,0.0407407654334646,0.273382392355181,0.149024833247248,0.881534037666135,0.931704763429341,"PPP1R36"
4.55872834663918,-0.108865368054728,0.344720588170029,-0.315807560646861,0.752148579030776,0.849737519031808,"PLEKHG3"
28.9113578996552,0.589896289507818,0.192636044015741,3.06223216180465,0.00219692986584207,0.0124523269013804,"CHURC1"
3.69858210976004,0.281654687210115,0.337239795383422,0.83517630797365,0.403618447173248,0.568816031183684,"FNTB"
305.058593790598,0.217345662404671,0.157490751848174,1.38005349427881,0.167570174732822,0.306830567796063,"GPX2"
7.8161082541729,-0.14064747958457,0.317138531553624,-0.443489092591667,0.657412006939588,0.781382772831774,"RAB15"
12.3537296116487,0.0842861199731797,0.18979975408564,0.444079184292033,0.656985335436258,0.780961114583818,"MAX"
4.27821903013584,1.09435975663085,0.374921382122038,2.91890462591604,0.00351263675750907,0.0176525845379679,"FUT8"
7.61967408252016,0.370492665411146,0.275581883742426,1.34440138219474,0.178818627111682,0.3219446767959,"GPHN"
9.09365556340499,1.11571109104003,0.286750841191391,3.89087294880978,9.98842258515522e-05,0.00117396395319032,"MPP5"
15.4129507505151,0.310066047278762,0.180243404149781,1.72026293412157,0.0853846578130696,0.188777969024824,"ATP6V1D"
27.4013526543761,-0.0696175157731173,0.160824097244623,-0.432879879109317,0.665102038258849,0.786391740390975,"EIF2S1"
26.8764728626476,-0.0964863045192357,0.164946520841455,-0.584955075299692,0.55857792446972,0.703240929717268,"PLEK2"
5.21778508235877,0.842181084943856,0.299224959603126,2.81454156117483,0.00488468609596918,0.0227087718331444,"PLEKHH1"
5.11439878374563,-0.388699812875439,0.279371642341748,-1.391335962438,0.16412357342204,0.302406177021268,"PIGH"
3.32303491783055,1.32551707818269,0.595602017402537,2.22550803968624,0.026047152017972,0.0782278957176925,"ARG2"
28.4809667617853,-0.161265505983494,0.129202363852401,-1.2481621943676,0.21197166571009,0.36212041192746,"VTI1B"
8.23227312534711,1.12070559993583,0.306881171606835,3.65192036405425,0.000260286607933416,0.00241473757542441,"RDH11"
1.30722929709492,0.530131194150509,0.463797330620801,1.14302338359929,0.253028882521119,0.411299755153323,"ZFYVE26"
1.36903693347863,-0.429900064961696,0.414740619886408,-1.03655162853217,0.299944866439671,0.462896298072307,"RAD51B"
58.1087455532577,0.280778201074844,0.27795949667502,1.01014070191356,0.312427884236638,0.477748074177681,"ZFP36L1"
21.0070613459018,0.0388826276350393,0.166681255892009,0.2332753459707,0.815547601611795,0.891403335190275,"ACTN1"
5.81016510263645,0.45900334314637,0.261726394118944,1.75375259607089,0.0794729089097262,0.178727643561737,"DCAF5"
2.44190696332056,0.208966602888146,0.416210387946614,0.502069647802614,0.615618529797397,0.748638928747219,"EXD2"
134.986916418686,-0.582243410394131,0.120081063507974,-4.8487529455922,1.24240036737503e-06,4.01585118328584e-05,"ERH"
7.98889182120153,0.369431776902872,0.344584448098687,1.07210809698837,0.283671482461302,0.445119534681367,"SLC39A9"
3.85903758989599,0.241754819180359,0.29343008233026,0.823892415053275,0.410000690587662,0.574233621328606,"KIAA0247"
58.3618209914765,0.060782056899156,0.179947676102788,0.337776281503278,0.735531785071726,0.837654696505762,"SRSF5"
71.945726927543,-0.276795089688491,0.129329271917626,-2.14023542840936,0.0323357453642634,0.0922907213287519,"COX16"
13.2733155681109,0.202483644640438,0.211999926544647,0.955111862257152,0.33952113079653,0.506066357459555,"SYNJ2BP"
8.05002391947949,-0.180502897783022,0.259195801295834,-0.696395917220141,0.486180919198371,0.641546146111095,"MED6"
2.54181245163597,0.561171945867692,0.450861180206468,1.24466680766507,0.21325425175716,0.363741349785261,"MAP3K9"
1.75498739141578,0.0317073118394242,0.411251774587173,0.0770995137255103,0.938544379841491,0.964659470478761,"RP6-65G23.3"
2.24599918758511,0.999036758847028,0.408300158265659,2.44681942591119,0.0144123025422942,0.0506502489327272,"PCNX"
9.32992812975617,0.844095239674995,0.233942156731877,3.60813652172327,0.000308404202607484,0.00275379513206402,"SIPA1L1"
2.90361663226512,1.03086477615093,0.357243419162152,2.88560886179131,0.0039065733060023,0.0191623243465154,"DPF3"
2.81195306130593,-0.032190646134634,0.365578771931373,-0.0880539260104438,0.929833815791545,0.959156082778892,"DCAF4"
51.3578012381366,0.649835797691069,0.145032568617735,4.48061979377787,7.44265917706563e-06,0.000161331893538788,"RBM25"
12.077458122259,0.600281106649697,0.236435814903535,2.53887553750944,0.0111209378398331,0.0417611981122365,"PSEN1"
12.8098780202438,0.434031217518703,0.247051260712502,1.75684680283333,0.0789439251053221,0.177758869302052,"NUMB"
3.66676106664782,-1.74418480287011,0.443450371504204,-3.93321308301932,8.38178729566315e-05,0.00102738386039393,"ACOT2"
2.79981288095027,-0.932710430152976,0.427708652575583,-2.18071442917127,0.0292045451261637,0.0853502045398647,"ACOT4"
3.03394994832254,0.52979513436026,0.365692521602761,1.44874478711861,0.147408867944367,0.280704945796217,"DNAL1"
7.59215427510363,0.549176607644084,0.439110799500708,1.25065611747314,0.211059967097065,0.361189921631598,"ELMSAN1"
5.08335943819696,0.00840272951987435,0.3124799866992,0.0268904565973469,0.978547105298593,0.98650905746736,"PTGR2"
6.48549788174976,-0.478825308875942,0.275162138076471,-1.74015695699701,0.0818314613056467,0.182370135394895,"COQ6"
20.0799499318944,0.493426014629163,0.223618967415369,2.2065481311012,0.0273456441072155,0.081184717059694,"ENTPD5"
13.0305630546897,0.196571440619481,0.191692416748059,1.02545235724079,0.305149794457855,0.468730801670764,"ALDH6A1"
1.6464661216679,0.686979720077214,0.428874480695311,1.60181999862396,0.109195419380143,0.225123429177623,"LIN52"
6.71986923318372,-0.12068029138222,0.207120494940891,-0.582657411168607,0.56012394874066,0.704615554653488,"ABCD4"
107.228234214387,-0.317302699744937,0.148091308850029,-2.14261527032803,0.0321440039672115,0.0918883609065324,"NPC2"
20.4530698276239,-0.540102762643876,0.166792143305394,-3.23817868120415,0.00120295442428769,0.00785573364267247,"ISCA2"
3.30083317806911,-0.0482181560133991,0.348893580856033,-0.138203047172988,0.890079946913224,0.936050284370334,"AREL1"
4.9419794131339,0.948571410692445,0.397279515823169,2.38766755624687,0.0169556716691345,0.0569383408555351,"FCF1"
9.59246526885174,0.597763491079258,0.222324644928069,2.68869648379584,0.00717316072638611,0.0299617405725204,"YLPM1"
13.1788149526418,-0.30022410817057,0.179419700113744,-1.67330626447509,0.0942670198596875,0.203082689084746,"DLST"
1.53669978489997,-0.096486212370066,0.49644192489311,-0.194355487584657,0.845897541045533,0.91090206204804,"RPS6KL1"
8.84654141416497,-0.240502937574877,0.211983007328718,-1.13453875669352,0.256568626143615,0.415255699550153,"EIF2B2"
6.72069386237999,0.772845761662899,0.252819910171741,3.05690228723641,0.00223637164845414,0.0126297431628767,"MLH3"
22.9767357727184,-0.450377360757467,0.167432462551192,-2.689904657048,0.0071472435731592,0.0299456270079124,"ACYP1"
1.29485277256918,-0.251968703009891,0.457338987858007,-0.550945162558766,0.581671266760481,0.724088715843515,"ZC2HC1C"
3.81272602919954,0.0826912169642708,0.35247953779288,0.234598630837007,0.814520272333043,0.890984101282921,"NEK9"
61.0331656657054,0.157172312556861,0.11240185570355,1.39830709709446,0.162020867572847,0.299707070708531,"TMED10"
450.352020286723,-0.175264431130271,0.398235974149908,-0.440101955892855,0.659863265407083,0.782754239467059,"FOS"
4.26112902316586,1.52625571228001,0.43600896822175,3.5005144928665,0.000464360988088671,0.00380313750425563,"JDP2"
3.15955595190039,0.348285756595588,0.319929704133511,1.08863213417109,0.276316140285241,0.437178508668082,"TTLL5"
23.9847750692904,-0.144399382496286,0.181662376230902,-0.794877758907806,0.426684613006516,0.589241467096995,"C14orf1"
13.3411805478677,-0.734834783684525,0.184955355218929,-3.97303869798585,7.09615150521306e-05,0.000913083001737131,"IFT43"
7.5929381031231,0.476602946716059,0.288189151575715,1.65378517584776,0.0981711690277224,0.209128853597698,"GPATCH2L"
1.95340945304371,0.379217996866448,0.405700438961225,0.934724147297983,0.349930479180898,0.516477983678248,"RP11-488C13.5"
2.50715351789628,0.149338170627355,0.420644602304791,0.355022196431626,0.722572962638589,0.829577020283638,"ANGEL1"
2.93335872312349,0.422946956395372,0.432624018804369,0.977631703307316,0.328256511437319,0.494159372637827,"IRF2BPL"
3.58163367729359,0.817902382508236,0.392353449726253,2.08460606904028,0.0371050731423361,0.101988765305116,"CIPC"
2.32754662233034,-0.193479287993437,0.41742157121348,-0.463510516313224,0.642998478650557,0.769461304335477,"POMT2"
19.9646087372515,0.0699995847614232,0.197372310931224,0.354657572945049,0.722846139177314,0.829577020283638,"GSTZ1"
2.86669237720617,0.838621430958016,0.445566403365037,1.88214691373614,0.0598160711257829,0.145227483216187,"TMED8"
2.73454330644948,0.403666731975336,0.337719950001081,1.19527061393336,0.231981317139496,0.386504848840454,"VIPAS39"
37.3006837104078,-0.0404871005148521,0.144823416386781,-0.279561838306059,0.77981368866518,0.867462878192754,"AHSA1"
12.9683066908684,0.874497053353239,0.192167055099565,4.55071267496996,5.3464515782612e-06,0.000125404890151008,"SPTLC2"
2.29974037649186,0.305849785691876,0.361171336664854,0.846827404733081,0.39709133080318,0.562684218752941,"ALKBH1"
165.983505399082,-0.393556252279482,0.153088390561928,-2.57077790703064,0.0101470376864456,0.0389525730911272,"SLIRP"
22.3444626391482,0.394407651453207,0.154344533210172,2.55537169506445,0.0106074459330637,0.0402364173360363,"SNW1"
2.5598335433052,-0.0429353419033623,0.356930904057538,-0.120290345877254,0.904253151455687,0.943732483981575,"ADCK1"
2.40138311284116,1.42492803667488,0.458480695251518,3.10793464464885,0.00188399725844712,0.0110675763897927,"CEP128"
6.44597468441355,1.11689006506814,0.382177605569123,2.92243723544429,0.00347303611511518,0.0175102935051768,"GTF2A1"
1.86462814559757,0.719449913019228,0.407723374147593,1.76455400557632,0.0776387513194104,0.175914216425787,"STON2"
9.59754364893515,1.80912745172213,0.266159110652766,6.79716522678924,1.06697707836697e-11,6.43742837281408e-09,"SEL1L"
2.12730292540543,1.05058734595636,0.479787373072896,2.18969361204247,0.0285464646773863,0.083901111338678,"GALC"
1.2877633691226,0.629703988970775,0.461597503243472,1.36418413129638,0.172509621257582,0.313548868093278,"SPATA7"
3.14026987984936,0.557188366418675,0.414189557967666,1.34524967059206,0.178544620703801,0.321557973605851,"PTPN21"
14.284380306459,0.422908591547012,0.179409746406199,2.35722194595555,0.0184122384825041,0.0605746470524068,"ZC3H14"
2.21058240775882,-0.22903659773551,0.391482434775872,-0.585049487256398,0.558514442080157,0.703240929717268,"TTC8"
13.680956660306,0.417520427104751,0.229762424136052,1.81718324340763,0.0691890598560083,0.161243173827522,"FOXN3"
6.18407862105814,0.390852159149109,0.272631997571486,1.43362540945556,0.151679188396737,0.286461080227257,"EFCAB11"
4.18433902000916,-0.0521733789964979,0.28088377817297,-0.185747213085297,0.852643001849437,0.914900009888833,"TDP1"
37.8552726593635,-0.136354688512519,0.137260708139081,-0.99339927908835,0.320515412776426,0.48662063228743,"PSMC1"
4.93822937003052,0.245848490749424,0.323998803694214,0.758794439813589,0.447975532271892,0.60919287258612,"NRDE2"
352.699624060446,0.524302609771081,0.119468305563381,4.3886335149612,1.14065099178652e-05,0.00022279621889931,"CALM1"
7.3414380422641,0.56649619997009,0.330668177535356,1.71318632531405,0.0866782665640393,0.190783537674395,"RPS6KA5"
14.8683489318453,-0.310679566149644,0.173329505769058,-1.7924216928397,0.073065442490129,0.168469364212909,"C14orf159"
5.57552998836923,0.225956073407144,0.261590486433485,0.863777870853871,0.387709926488398,0.553289067235742,"CCDC88C"
13.7229166843819,0.679342667822316,0.268723347759707,2.52803737928192,0.0114702139335559,0.0426451637515979,"SMEK1"
12.9291060220644,1.05066509458402,0.30342621709411,3.46267077593414,0.000534842382772246,0.00419681233880534,"TC2N"
15.1912940702986,1.1747511972554,0.233638440879803,5.028073260683,4.95432607780467e-07,2.07737379169725e-05,"TRIP11"
7.84210736198904,0.0768696430152313,0.240410387691367,0.319743434355734,0.749162830957734,0.84775537607596,"ATXN3"
179.730955021825,0.0140342691925459,0.237607368464902,0.0590649578050396,0.952900369512454,0.971963746868155,"NDUFB1"
7.71295021553692,0.794207680787782,0.278879706461426,2.84785038992299,0.00440156111900136,0.0209745299483786,"CPSF2"
3.77887795828844,-0.0480635438553282,0.290399111004094,-0.165508577795373,0.868543698838524,0.92374738707143,"RIN3"
15.3697650123292,-0.27198361162247,0.215022590382342,-1.26490714830866,0.205904614584543,0.355109435348283,"LGMN"
4.71268967985902,0.733903917638217,0.304385825580698,2.41109754778527,0.0159045939596459,0.0542644958849368,"GOLGA5"
1.24867712864771,0.290449704680755,0.799358630919016,0.363353435424633,0.716340881247726,0.825056948812208,"CHGA"
10.6902768985716,0.248925366172061,0.198964284794308,1.25110577724743,0.210895888047778,0.361079827242452,"ITPK1"
4.57732174524014,-0.0940717100023145,0.299644501498131,-0.313944389207827,0.753563275767439,0.850608554272007,"MOAP1"
14.9059376437338,-0.156589513077333,0.202191416737936,-0.774461723468171,0.438657794998824,0.600204567681394,"TMEM251"
13.1105372732147,-0.125226439866125,0.203366550729826,-0.615767142712123,0.538048216025272,0.687308286951164,"C14orf142"
8.22970808280465,-0.0441384434126687,0.210515876551067,-0.209668002887951,0.83392680041606,0.903115781064859,"UBR7"
11.407485303773,1.27829007266272,0.249738316219546,5.11851802323744,3.07945813720113e-07,1.47977501637187e-05,"BTBD7"
29.2197877640351,1.01500284247647,0.193886973902343,5.23502338526211,1.64963976204149e-07,9.28242892008836e-06,"DDX24"
17.7526101231505,-0.395616272014755,0.226372062737988,-1.74763735078324,0.0805268434062432,0.180388102184777,"IFI27L1"
301.752016879446,0.416523590318591,0.340323396165424,1.22390524721999,0.22098797394014,0.373239408552088,"IFI27"
18.2820390510801,-0.147257666986522,0.302259454127834,-0.487189614668735,0.62612396434212,0.756169918323067,"IFI27L2"
16.6865958472506,0.709772277904929,0.368130412863074,1.92804574983303,0.0538494358886248,0.134437902011601,"SERPINA1"
14.1107638119281,1.26992726686432,0.227106413227214,5.59177193113342,2.24763933163109e-08,1.86331016347433e-06,"DICER1"
2.57038836937108,1.18480321282359,0.503272760782741,2.35419697855467,0.0185627714992413,0.0609959753348744,"DICER1-AS1"
15.3610111498123,0.60878225742515,0.18134994614633,3.3569475500915,0.000788080609719664,0.00566791749771891,"CLMN"
5.21948513261791,0.0402985638934675,0.280638036420709,0.143596229532675,0.885819318196968,0.933799048303152,"SNHG10"
59.0696326346447,0.451035388659406,0.152364099902787,2.96024712479632,0.00307392358744099,0.0159345155893123,"GLRX5"
2.29921907848456,0.597979103307719,0.410399562626366,1.45706564471202,0.145098260634552,0.277752980908336,"ATG2B"
24.7252799824852,0.609786561237021,0.222458702989153,2.74112252316222,0.00612296704235183,0.0267694561255882,"GSKIP"
1.19661014151137,1.37956458726021,0.499009633985084,2.76460511642435,0.00569917414303904,0.0253763965532612,"AK7"
2.03886716832566,-0.168917401305869,0.400573142697641,-0.421689282931707,0.673251827966187,0.792991395966076,"RP11-872J21.3"
56.2578684144428,-0.0322915320035521,0.129859600295633,-0.248664957616061,0.803619957288789,0.883470965409127,"PAPOLA"
23.0245597420805,-0.177503360642162,0.152678151448804,-1.16259830864983,0.244992517340913,0.401542218279855,"VRK1"
5.89157040961323,0.938205686862596,0.396760499896953,2.36466504882988,0.0180463841700893,0.0595695234307507,"BCL11B"
14.2858059693498,0.717271460929544,0.185498420609315,3.86672543396051,0.000110306497464683,0.00125818674525393,"SETD3"
11.0735413860473,0.7956668489143,0.255494299583129,3.11422544539166,0.00184428511264788,0.0108912106162893,"CCNK"
4.88032494651445,0.200721158120373,0.382155421975396,0.525234359054301,0.59942028239088,0.736975463236154,"CCDC85C"
22.8252577684601,-0.345330956947626,0.204075999170586,-1.69216839976839,0.0906138698087444,0.196852695763745,"DEGS2"
50.2526947848096,0.766037528558102,0.169874222630595,4.50943949408918,6.49991291248776e-06,0.000144649701290199,"YY1"
4.02455212367147,0.169922540703363,0.296564586559898,0.572969762419841,0.566665167620849,0.710605820410482,"SLC25A29"
6.18218955684135,1.04183699987826,0.350577547514937,2.97177331310378,0.00296085207539289,0.0154866974876557,"WARS"
4.14929083770351,0.0109463041386952,0.288321024345028,0.0379656813566116,0.969715044600167,0.98221197111821,"WDR25"
24.8715147907742,0.307445104386459,0.253495521712504,1.21282262625192,0.225197642795966,0.377764349824558,"PPP2R5C"
1.14623208626203,0.171048465191487,0.505716761820476,0.338229772285474,0.735190041536038,0.837616853869217,"RP11-1017G21.5"
28.4729159116007,0.755632444882908,0.213602124444746,3.53756989471504,0.000403827287596368,0.00343696265148633,"DYNC1H1"
572.40250570299,0.76053761014512,0.190117093205161,4.0003641825325,6.32450773718733e-05,0.00083547581201517,"HSP90AA1"
4.13148921962327,0.231986911665994,0.274912844251212,0.843856213040403,0.398749758977937,0.564237054037642,"WDR20"
1.6010256313402,0.408916466415223,0.460351191984805,0.888270680156553,0.374395167150567,0.540199169861479,"MOK"
2.7203117226412,-0.063393155534432,0.431925544506862,-0.146768711275943,0.883314581976242,0.932626144022374,"ZNF839"
18.5419324441197,-0.23205770669493,0.187876755174168,-1.23515922169192,0.21677125238784,0.368006221812091,"CINP"
1.76322149818997,0.0727744278161889,0.385568875343288,0.188745597661105,0.850292212073321,0.913550991602322,"TECPR2"
18.4249492138473,0.388734912651799,0.166250497282674,2.3382481195881,0.0193743806094954,0.0629392083216033,"ANKRD9"
7.67959598665426,0.901172952576915,0.338812841614313,2.65979573939161,0.00781880533861847,0.032018184757691,"RCOR1"
5.52000518865515,0.158338620606747,0.314778844592958,0.503015445054751,0.614953413213857,0.748407047288349,"TRAF3"
85.08237499877,-0.251892841959109,0.219962843634888,-1.14516087261183,0.252142523248628,0.410253133909551,"AMN"
8.83097087235202,0.656357726971449,0.216365934418754,3.03355391288693,0.00241691521414231,0.0133544917643394,"CDC42BPB"
1.59944264705954,0.807516505945843,0.459852021917796,1.75603556678543,0.0790823357505035,0.17803361655275,"EXOC3L4"
92.2442664679262,0.228214191789449,0.164816864013714,1.38465316128366,0.166158547648561,0.304811119503947,"EIF5"
13.1928552779366,0.209983955718357,0.20675754919014,1.0156047822237,0.309817626662214,0.474424622892223,"MARK3"
185.344446431425,-0.287548592031922,0.351806024232913,-0.817349824122258,0.413728541138623,0.577345953668108,"CKB"
6.80212399782008,0.0714997878827731,0.241348274948145,0.296251497542856,0.767038023545004,0.860185144124199,"TRMT61A"
10.1769083316188,0.978015370674257,0.216500171968044,4.5173884241469,6.26069981990254e-06,0.000141116174827768,"BAG5"
3.8960224323922,-0.17535265968827,0.299753528657951,-0.58498947609843,0.558554793043187,0.703240929717268,"KLC1"
22.2402412771107,-0.501517685150227,0.146191643636635,-3.4305496037569,0.000602359829663184,0.00457776609527094,"APOPT1"
5.8387738631685,0.375089458156373,0.280017948549887,1.33951934188086,0.180401662072204,0.323828438033742,"XRCC3"
14.4962606571038,-0.181182157434405,0.197170871293635,-0.91890935129348,0.358142988283866,0.524606535306553,"ZFYVE21"
4.80640071544053,0.536101388694774,0.322208876950452,1.66383184029164,0.0961460390922645,0.206027226626281,"PPP1R13B"
286.900357715362,0.29117498540756,0.241325183199883,1.20656692992703,0.227598968917696,0.380820986938841,"C14orf2"
1.15465463864149,-1.66251614897542,0.559455523712864,-2.97166812822227,0.00296186654529106,0.0154866974876557,"ASPG"
1.67985606263223,-0.320930213425719,0.499335130195839,-0.642715070537598,0.520409000299672,0.671375830750112,"KIF26A"
17.0752703735219,0.568687215035965,0.233798116371486,2.43238578591612,0.01499972136564,0.0519773369594289,"INF2"
0.942252528328633,-0.837975928265536,0.49607142599578,-1.68922434220725,0.0911764458113885,0.197876938751335,"ADSSL1"
180.163948298625,-0.45189103737282,0.110381815070559,-4.09389025795563,4.24195144795716e-05,0.000610966988070016,"SIVA1"
16.6433795914535,0.28670508806551,0.203867106071743,1.40633324124695,0.159625193729528,0.297142544378243,"AKT1"
2.01853169594259,-0.523107776681262,0.370961665784273,-1.41013971234825,0.158498433125852,0.295602435814315,"ZBTB42"
12.8340268783922,0.580693667129982,0.238607957836914,2.43367267543893,0.0149465044275293,0.0518591175983923,"CEP170B"
9.68481102801654,-0.26138012428144,0.232145251603574,-1.12593353719674,0.260193652528254,0.419368220014372,"CDCA4"
4.45882033781139,-0.419563818179785,0.318257676341139,-1.31831484161927,0.187398274654767,0.332648784365931,"RP11-44N21.1"
31.5186610546396,-1.01612461642336,0.265793890054942,-3.82297958848234,0.000131848697849313,0.00144926807555014,"NUDT14"
4.31780213542017,-0.596805015271182,0.297992235036167,-2.00275357912849,0.045203744713006,0.118000824438847,"BRF1"
14.9298812730676,0.543316868056419,0.238444666760256,2.27858679096688,0.0226916398815178,0.0706106616370439,"BTBD6"
7.76398519235273,0.284661641973729,0.235185931595688,1.21036849458792,0.226137525552523,0.37898974189821,"PACS2"
9.01099850197059,-0.731109353510998,0.206866116424817,-3.53421510562708,0.000408988081048302,0.00347543862299261,"MTA1"
23.0928615641101,-0.135737421150048,0.531256255553207,-0.255502725344292,0.798334838929982,0.879658720655398,"CRIP1"
11.2512387535869,0.168537249289857,0.22740091839122,0.741145860281469,0.458605005716325,0.618382215306592,"C14orf80"
3.96003710627767,0.730857472725699,0.325275086663345,2.24689040966155,0.024647031776472,0.0749137321837352,"TUBGCP5"
11.9776341040582,0.327783107642372,0.205208395895382,1.59731821016466,0.110194793632844,0.226650655085735,"CYFIP1"
19.8247246254598,0.152086227180525,0.153874422115728,0.988378868231535,0.322967132789764,0.488907591594206,"NIPA2"
3.41479435706603,0.188112747988873,0.338002916273449,0.556541789824934,0.577840534536424,0.721055751472546,"NIPA1"
3.49994304879186,-0.515714660366451,0.398424673555842,-1.2943843456376,0.19553269515904,0.343099795836661,"NDN"
15.3942230427206,0.858311366824791,0.259466571127624,3.30798438925919,0.000939700475632258,0.00650009373590212,"UBE3A"
14.1854138813948,0.493937690610602,0.188475145120468,2.62070465734297,0.00877482439665265,0.0348681276793442,"HERC2"
1.87679055689681,-0.259359130743142,0.419448624125452,-0.618333487882824,0.536355531566589,0.685859022239027,"FAM189A1"
4.00127853233251,0.380302396554914,0.288171985844211,1.31970633939591,0.186933082655853,0.332148769247802,"NDNL2"
8.66960898581426,1.18515365415514,0.382259172440699,3.10039297837646,0.00193264041132446,0.011259911409326,"TJP1"
4.09217427180244,0.304208741701967,0.335441858050587,0.906889627519564,0.364465166819637,0.53085993986873,"ARHGAP11B"
4.64376881905555,0.0961902727724682,0.316140031823722,0.304264765893689,0.760926186121903,0.855547336390749,"FAN1"
3.17233004176743,0.259013714037413,0.317583869965873,0.81557578495799,0.414742803700584,0.57838604909469,"MTMR10"
14.19477411463,0.528860006122499,0.244579878435709,2.16232017737926,0.0305935055074698,0.0884572603330997,"KLF13"
1.40147547079655,0.273407664138091,0.596259133909419,0.458538324344774,0.646565735321667,0.772294752045018,"RP11-1000B6.3"
6.10537515012169,1.09488733349735,0.287887600806514,3.80317641478839,0.000142852550372736,0.00153986112843135,"ARHGAP11A"
4.36988471649981,1.4965895262759,0.434688549444117,3.44290073476687,0.000575510513896391,0.00444526613151836,"FMN1"
5.52641390904377,0.777893062410444,0.262985269736164,2.9579339679019,0.00309708460151491,0.0160304088731394,"AVEN"
26.7309000406354,-0.403995014555458,0.155033022294153,-2.60586427702439,0.00916427671087914,0.0359812165871827,"EMC7"
15.7289520229097,0.289354526473948,0.178140908734964,1.62430139449016,0.104311499785995,0.218312369951033,"KATNBL1"
42.3808772442405,-0.854035034411723,0.17038665264937,-5.01233530404051,5.37733951802549e-07,2.20369461002856e-05,"EMC4"
90.6125698065295,-0.406777380057013,0.128111287366962,-3.17518767016867,0.00149739623075431,0.00930837038694435,"NOP10"
13.0916648990318,-0.947194189194753,0.25473427499029,-3.71836176828131,0.000200518968450266,0.00199052650582257,"LPCAT4"
2.59097960658833,1.16610480244286,0.411329719597985,2.83496364809856,0.00458309003624196,0.0216119660415057,"GOLGA8A"
0.995590227489777,0.538195609809805,0.572300679918257,0.94040707742419,0.347008793280448,0.513499649614259,"GOLGA8B"
6.85879915985663,0.827397802730891,0.259165227374931,3.19254944465951,0.00141022798544719,0.0088577651370483,"AQR"
9.38855822177893,0.818918693249435,0.285094721805703,2.87244424611811,0.00407309943181195,0.0198269205869466,"ZNF770"
4.70788021103639,0.034576002374356,0.245255331892219,0.140979615438293,0.887886046016447,0.934798105646013,"DPH6"
1.15565013296214,0.75855322379522,0.532795904471827,1.42372194949057,0.154526977238628,0.290490388231174,"C15orf41"
4.24906188065978,0.912972574917285,0.388700613764741,2.34878089353843,0.018834986605898,0.0616479670102629,"SPRED1"
10.9876699786488,0.254915591090105,0.261136150833159,0.976178864078349,0.328975835296618,0.49489923414895,"FAM98B"
16.6908297476617,0.29432073171411,0.485804046746818,0.605842486667261,0.54461935373002,0.692724592961644,"THBS1"
10.518124158914,0.763871469927551,0.219261542216164,3.48383698393616,0.000494280445311504,0.00395278765543662,"EIF2AK4"
323.614226992285,-0.401839478264225,0.0959945759643067,-4.1860644127814,2.83832833149209e-05,0.000445437076300637,"SRP14"
2.46385222753194,-0.846217792702246,0.373338746292512,-2.26662193813452,0.0234133307525819,0.0722559738485478,"SRP14-AS1"
6.32937453802087,1.13377366194497,0.358809281791966,3.15982255610188,0.00157865250828642,0.00966958050760888,"BUB1B"
3.03838369693975,0.231250151663979,0.333247741662309,0.693928638527169,0.487726962594224,0.642701302896482,"PAK6"
1755.15656053887,0.0110456107391485,0.160864990623976,0.0686638571655888,0.945257188078276,0.968273358351843,"PHGR1"
4.4567663211032,-0.106218370891296,0.321816315420628,-0.330058998880972,0.741355382918399,0.841799680058708,"KNSTRN"
20.8561266583729,0.127034526115176,0.173774590335602,0.731030502617447,0.464760521888166,0.623313382530449,"IVD"
2.9197949638885,-0.714036457615886,0.365446230142069,-1.95387556012905,0.0507159355363054,0.128697388590701,"BAHD1"
7.07657616405191,-0.0581049793748062,0.216484712903679,-0.268402228478179,0.788389724349059,0.872418219526267,"C15orf57"
5.63267580462349,-0.32309212241617,0.285043918395839,-1.13348190073466,0.257011937629285,0.415547968901855,"RPUSD2"
5.98881151610465,2.25155207191434,0.357680228856469,6.29487427670442,3.07649105951863e-10,7.59333929690281e-08,"CASC5"
15.5968434592664,-0.563058390612911,0.175156913889823,-3.21459414937561,0.00130629069191398,0.00835742650405815,"RAD51"
8.23981201503825,-0.124326296318206,0.224912120350595,-0.552777218606118,0.580415969980654,0.723272224209972,"RMDN3"
84.419818177438,-0.357577806611325,0.162822614198925,-2.1961188153782,0.0280834401975858,0.0829608009705281,"GCHFR"
5.90122328212136,-0.0528159148295907,0.258296399941812,-0.204477936361052,0.837980031984651,0.906059652265364,"DNAJC17"
8.00528885141229,-0.532098578430155,0.240497764329756,-2.212488668712,0.0269329182903476,0.0802886337175885,"ZFYVE19"
42.6194898063973,0.0808056734957927,0.17536838676635,0.460776739672318,0.644958791493333,0.771128277435851,"PPP1R14D"
42.2232781550572,-0.580859178140341,0.137737101783617,-4.21715841714792,2.47400175684441e-05,0.000401859714607368,"RP11-532F12.5"
43.9958903436029,-0.0927002068463793,0.118499139292986,-0.782285908568336,0.434046566377416,0.595922340184417,"SPINT1"
9.22711050506584,0.516084835007113,0.354199652434462,1.45704500684852,0.145103957014973,0.277752980908336,"RHOV"
2.0548480391418,-0.265311374348789,0.491932449096656,-0.539324809404188,0.589662753036078,0.730769998627389,"VPS18"
1.27655233030246,-0.072100303439624,0.525055194760514,-0.137319474522122,0.890778277808252,0.936662673992798,"DLL4"
7.34983773849669,0.873270226192543,0.286360206445068,3.04955160157723,0.00229183258191328,0.0128494072481044,"INO80"
30.0388338089505,0.699165944103258,0.281316331473212,2.48533720186748,0.0129428771234543,0.0466975566646888,"CHP1"
9.33406791796694,-0.714413346306575,0.210737538028159,-3.3900621265259,0.000698767859137107,0.00518517321724251,"OIP5"
23.7393912922653,0.883370808844279,0.207269732587332,4.2619382860065,2.02661416337463e-05,0.00034767305080618,"NUSAP1"
7.48661047824468,-0.556592829650239,0.236378668673034,-2.35466606515215,0.0185393577789519,0.0609374774453443,"NDUFAF1"
46.9355398371426,0.146378309998669,0.123358509066618,1.18660894255475,0.235381906919096,0.39062461936757,"RTF1"
5.17235130799793,0.737659883839612,0.288869532729981,2.55360915659158,0.0106612855223966,0.040398311504964,"ITPKA"
3.25415666530597,0.00968076987468018,0.348856088983132,0.0277500384267287,0.977861514158248,0.986152312919364,"RPAP1"
3.71235764511505,1.06585916101783,0.358622426545398,2.97209288132153,0.00295777190080853,0.0154801941410991,"MGA"
7.43086336241218,0.478518475487758,0.336235284898087,1.42316555394475,0.154688168570817,0.290692768762602,"EHD4"
3.75792906451166,0.102291998155745,0.293610037790559,0.348394077142256,0.72754425000365,0.832494504081038,"VPS39"
20.2920422729022,0.308889106961395,0.221979755368365,1.39151926917303,0.164068020609752,0.302355116888157,"TMEM87A"
3.63092992612374,0.621864084710379,0.33211837709489,1.87241696816044,0.0611489393292151,0.147802688874978,"GANC"
15.3267926416558,0.839781940325901,0.198713218227246,4.22610004416283,2.37776310753727e-05,0.000389783129728913,"ZNF106"
9.13200922305225,0.256344846187728,0.232016196887538,1.10485754713057,0.26922132011759,0.429141866501839,"SNAP23"
5.03523119788744,0.55038775541252,0.282294211845582,1.94969550319221,0.0512124226151319,0.129521869958158,"LRRC57"
7.15249449634095,0.568493522385996,0.243832099503612,2.33149582660906,0.0197272298784444,0.0638481712465864,"HAUS2"
1.06813921211768,0.324063062579727,0.54857181637623,0.590739540212676,0.554694950422177,0.700137977868997,"CDAN1"
1.79848072990862,1.05145309377661,0.479619156217793,2.19226667689468,0.028360256419042,0.0834893967771202,"TTBK2"
5.07437155534413,1.23553294900974,0.407236428303578,3.03394505780485,0.00241378384963272,0.0133544917643394,"UBR1"
5.09060542793678,-0.032354857324989,0.244317524481611,-0.132429539770587,0.894644551075283,0.938643918559828,"TMEM62"
16.7178086273177,-0.472199456743061,0.171980219933676,-2.74566143086202,0.00603890491414073,0.0265328764406116,"CCNDBP1"
1.87877372735211,-0.156500408281445,0.443154730052434,-0.353150711632771,0.723975456578018,0.830338406642619,"LCMT2"
4.72504049148381,0.767724494213864,0.28418274179608,2.70151695124666,0.00690239617586018,0.0292127912976779,"ADAL"
2.38535205371067,0.304888673409491,0.411604759213487,0.740731652355251,0.458856163562026,0.618644064094799,"ZSCAN29"
6.31894771160539,0.465147026035134,0.246223274885497,1.88912695703298,0.0588748191219259,0.143423179825957,"TUBGCP4"
4.6469286601867,0.792031799845447,0.347744517086558,2.27762555821492,0.0227488964010717,0.0706875579157764,"TP53BP1"
2.42768785938285,0.241474557041147,0.333967900731887,0.723047204572531,0.469650883564013,0.628186119651748,"PPIP5K1"
38.6506977644402,-0.758688522918081,0.207685672801549,-3.65306143983767,0.000259132195858251,0.00240733588282344,"CKMT1B"
5.37648509043495,0.0187930927991184,0.326513568031813,0.0575568510442034,0.954101620538576,0.972732219212255,"CATSPER2"
40.5112775007176,-0.77456179699964,0.200087649475543,-3.87111248010496,0.000108339783089458,0.00124110764172101,"CKMT1A"
110.184027467625,0.379762399909233,0.137765719759688,2.75658124946955,0.0058409099479867,0.025806461364986,"PDIA3"
1070.47709945399,-0.396643137554995,0.10241172317953,-3.873024740143,0.000107492911154247,0.00123571635945596,"SERF2"
2.75877074826829,0.0160783889689551,0.423718853599325,0.0379458899040614,0.96973082452389,0.98221197111821,"HYPK"
13.1891033421874,0.497509283466847,0.192712000645795,2.58162066606984,0.00983376073013253,0.0380052105086261,"MFAP1"
11.7774257478918,0.823564203915355,0.233759395893767,3.52312770473461,0.000426485809105424,0.00358208498598987,"WDR76"
18.3715573469891,1.08812488455622,0.275935183603504,3.94340754356199,8.03319697310536e-05,0.00099476076542673,"CASC4"
9.01781967700948,1.19632211458946,0.342984850625223,3.48797363034751,0.000486696076559637,0.00390856069979189,"CTDSPL2"
4.81237909088542,0.178691856588712,0.304480921082555,0.58687373893047,0.557288508191504,0.702187399809692,"EIF3J-AS1"
50.7113025238667,0.818214681700217,0.255777943067332,3.19892588034781,0.00137940627884127,0.00870444636154338,"EIF3J"
9.28812439356786,0.734222767238323,0.245396670739197,2.99198340803344,0.00277171326836235,0.0147120264391081,"SPG11"
1463.239647145,0.0422936044220536,0.225900924594013,0.187221918184103,0.851486640450683,0.914291567658139,"B2M"
3.71046630444972,0.649629438220766,0.391219782507762,1.66052297779159,0.0968092893195586,0.207039953133203,"TRIM69"
17.3544289934076,0.458024268460789,0.258538766878637,1.77158835400416,0.0764629143010885,0.173866676991169,"SORD"
1.2212857552524,1.15092936712623,0.86294918511107,1.33371626856347,0.182296861045081,0.326152209382139,"SLC28A2"
1.83482727802882,1.09691460585086,0.654619021139902,1.67565342653927,0.0938060973532519,0.202571926278846,"GATM"
3.28750037470168,-0.343873801113054,0.334793685624806,-1.02712152551893,0.304363243937511,0.467853479003733,"SPATA5L1"
1100.04996486316,-0.246382357749029,0.194334248897857,-1.2678277717199,0.204859462217558,0.353981505120553,"C15orf48"
28.9647833865543,-1.30547093036878,0.268591786717985,-4.86042758909635,1.17132482440959e-06,3.89008794895662e-05,"RP11-519G16.5"
9.49572344497197,1.37128770503951,0.268118395976152,5.11448571086291,3.14596902629997e-07,1.49193116269073e-05,"BLOC1S6"
99.5772457203344,-0.398042388632665,0.141846554763148,-2.80614773687882,0.00501376990631949,0.0231700175245232,"SQRDL"
3.18717249211201,1.37677214731924,0.511819573504651,2.68995602862916,0.00714614344008696,0.0299456270079124,"SEMA6D"
3.11879778909443,0.919947144751683,0.360093086785229,2.5547481429444,0.0106264656371008,0.0402944891127497,"MYEF2"
209.361103528306,-0.153687653511109,0.140620249064599,-1.09292690443541,0.274425894476281,0.435075213724439,"DUT"
7.70519503894889,0.976944835024363,0.273607957252316,3.57060096071491,0.000356163138992427,0.00308693670347786,"CEP152"
62.3844330654489,-0.0916231182317291,0.122690250112976,-0.746784020306098,0.455193942913049,0.615310706999715,"EID1"
3.59895525239355,0.841685301869163,0.307723363784605,2.73520116093073,0.00623421647389072,0.0270922732718901,"SECISBP2L"
10.6925320371929,0.856448557462184,0.257938989253284,3.32035323524197,0.000899036157695349,0.00627879914634822,"COPS2"
8.70413598575207,-0.0329348235799597,0.208445596694414,-0.158002011566802,0.874455213626716,0.927730183108648,"GALK2"
6.95468492216148,0.198665330323938,0.23157419415838,0.857890625706184,0.390952861032113,0.556235827434659,"DTWD1"
14.3194722766168,0.0975583417654674,0.224759044527473,0.4340574679456,0.664246710000767,0.785893808760031,"SLC27A2"
3.66402484730297,0.690685572869778,0.329965257305559,2.09320695915019,0.0363306837945404,0.100522605352537,"GABPB1"
15.9653793841907,1.09723988140533,0.206513608062032,5.31316019172813,1.07740246554699e-07,6.76088507168227e-06,"USP8"
8.78761570279888,0.860378219726069,0.357397639602472,2.40734163964557,0.0160691296203293,0.0546884198297638,"TRPM7"
12.6202099690437,0.500588471380357,0.212268997030339,2.35827406914637,0.0183601321486714,0.060421525798355,"SPPL2A"
1.66836620699377,0.564199634728555,0.412674069847198,1.36717975747171,0.17156896860418,0.312309587502749,"AP4E1"
4.88422695538643,1.12230247274031,0.319663909510853,3.51088264689515,0.00044662151528382,0.00370252645494831,"DMXL2"
7.0185728694486,-0.16539358282874,0.225932241552727,-0.732049492768574,0.464138359824653,0.622832088239307,"LYSMD2"
23.7017653457621,1.21171310009538,0.223345113288409,5.42529488223312,5.78589390645237e-08,3.92717548900454e-06,"TMOD3"
10.7107851603598,0.452725204467096,0.229698862290242,1.97095100930471,0.0487294797386445,0.124841271517263,"LEO1"
8.30669736929236,1.14536717455407,0.331243807389485,3.45777686707761,0.000544652279738782,0.00426147244810027,"MAPK6"
1.29521942654072,0.965714317541427,0.532577661887996,1.81328355777814,0.0697880979387866,0.162290951523602,"GNB5"
14.4734568161656,1.08680855550537,0.235901126035834,4.60705115642508,4.08419549859554e-06,0.000101730190630155,"MYO5C"
24.7134791570726,0.332938069565118,0.250105159937481,1.33119232585342,0.183125735872459,0.327257773831644,"ARPP19"
2.57397200458148,0.904505657071252,0.46735134094045,1.93538688741348,0.052942837186879,0.132511873707734,"FAM214A"
39.7564234404251,0.223720946717821,0.206331091517081,1.0842813124909,0.278240088435705,0.439326455424798,"RSL24D1"
14.2010048721499,0.840750074119476,0.215117556749906,3.90832848244426,9.29368909119319e-05,0.00111033513234717,"RAB27A"
8.52881845231327,-0.234810034372283,0.229377724816351,-1.02368281209643,0.305985116306466,0.469615370702122,"RP11-139H15.1"
2.29125864149442,-0.0714091354422803,0.397972562851001,-0.179432307922733,0.85759826497163,0.917875331221944,"PIGB"
7.16582718503888,0.915556198540264,0.277573642224379,3.29842628861773,0.000972284037607407,0.00669138444132854,"CCPG1"
0.759079000808629,0.629508902423701,0.645195317958105,0.975687338240382,0.329219428697557,0.495059955089376,"C15orf65"
1.48110733650188,1.06405000806921,0.533147021223496,1.99579096517761,0.0459566806465591,0.119313782410144,"RFX7"
1.1148004079462,1.22687850315061,0.55875121667486,2.19575092910185,0.0281097756898748,0.0829995008134965,"TEX9"
8.79897899013573,0.524180966259576,0.241458410757097,2.17089545407012,0.0299390760548918,0.0869819063553037,"MNS1"
7.92220945436449,0.881114353930837,0.268073712929591,3.28683608811081,0.00101319789820754,0.0068770807340837,"ZNF280D"
8.04365878755433,0.748347777800656,0.397317410687452,1.88350109426576,0.0596324916834646,0.144911358174631,"TCF12"
7.40747780989628,0.105787734257556,0.322907976648323,0.327609541751173,0.74320690649682,0.842859962881732,"LINC00926"
6.81397988009269,0.154485483725496,0.29212105421062,0.528840634725739,0.596916006657673,0.735660897050897,"POLR2M"
11.8259009762056,1.00210682102689,0.292945197770073,3.42079961936574,0.000624373174638037,0.00470554661802157,"ADAM10"
5.96167353750906,0.208802480132451,0.304538449747444,0.685635854210239,0.492942766081233,0.6468533639007,"FAM63B"
2.82674950191212,1.45866214796829,0.38781399728716,3.76124162142659,0.000169072010368595,0.00174370563400089,"RNF111"
34.9366953640302,0.659361676564615,0.152674125323519,4.31875195071475,1.56914019489732e-05,0.000285441583192376,"SLTM"
13.5752603106431,0.472431964566256,0.232485009611223,2.03209645798792,0.0421438919070948,0.11190285234989,"CCNB2"
10.9596810481524,0.811495793273569,0.240753589533508,3.37064878179366,0.000749913990510954,0.00545848923388,"MYO1E"
5.73661668037293,0.129693682753303,0.276253075660355,0.469474167638799,0.638730745247271,0.766035539591494,"FAM81A"
4.49248874653594,1.35198794934866,0.519337053759526,2.60329575862438,0.00923322633937678,0.0361995805218887,"GCNT3"
51.4314176909694,0.108300271504347,0.127597114333849,0.848767404104346,0.396010731245859,0.561446023672328,"GTF2A2"
6.21086122343153,1.03329445646075,0.279579192898111,3.69589183568936,0.000219116251612617,0.0021263170009868,"BNIP2"
238.839734055133,-0.249399258302384,0.10827388468754,-2.30341101201004,0.0212557287513954,0.0673593241090166,"ANXA2"
10.009193804929,0.679476419307505,0.259224936333456,2.62118463184211,0.00876247920972834,0.0348318170635614,"NARG2"
10.1991257686235,1.3776389222654,0.354864537143092,3.88215439433976,0.000103535104236443,0.00120255746738799,"VPS13C"
0.501513743336841,2.62900394677883,0.997573681886265,2.63539826131717,0.00840386147358818,0.0337281352035449,"C2CD4B"
10.4442038911706,0.838701715502888,0.246331466511295,3.40476889688972,0.000662200690375647,0.00495282334537158,"TLN2"
132.089197562651,0.440920933481243,0.163973634171412,2.68897457636586,0.00716718775539264,0.0299617405725204,"TPM1"
1.19920882141087,0.623018988889834,0.657930691707713,0.946937111677732,0.343670825640812,0.5105697902133,"RP11-244F12.3"
7.14315209973997,0.252786470201849,0.202070619090573,1.25098082709661,0.210941472597631,0.361100944579173,"LACTB"
228.251900578742,0.212604325831393,0.151833299201507,1.40024834439798,0.161438963440386,0.299328806463978,"RPS27L"
45.6988010992149,0.144353507753272,0.180976921877538,0.797634893198993,0.425082395993827,0.588075773311205,"CA12"
17.7626080396411,0.742945676185752,0.219680754077461,3.38193338467776,0.000719775967904812,0.00529232702196768,"USP3"
6.26165036592639,0.348998151564338,0.254609902391916,1.37071711777782,0.170463156541567,0.310609040275406,"HERC1"
7.36411814587573,-0.165948102739701,0.244228318736806,-0.679479364219578,0.496834178445302,0.650780265096608,"DAPK2"
52.0519033987756,-0.473690451776326,0.146743181671046,-3.22802358775481,0.00124648695402458,0.00807541414840088,"FAM96A"
12.2604613854768,-0.140016196363977,0.194070594980411,-0.721470433880567,0.470620125120824,0.628805925050707,"SNX1"
167.921116289358,0.0521026316003225,0.140212373667297,0.371597956995964,0.710192210426737,0.820585956509667,"PPIB"
5.02862621186235,1.07853753177813,0.431258487170435,2.500907376582,0.0123875571689024,0.0451742346723572,"CSNK1G1"
121.370131059419,-0.285552665171425,0.174251583264884,-1.63873785145096,0.101267867360845,0.213604305604093,"KIAA0101"
3.96475997027086,0.130119860772447,0.333894929839361,0.389703014762903,0.696756166971078,0.810841403054641,"TRIP4"
4.33531296647215,0.686738201643546,0.339272791315647,2.0241475863139,0.0429549686239497,0.113667387732966,"ZNF609"
10.5589693940178,-0.336203454995296,0.198314227967791,-1.69530677874459,0.0900172395439227,0.19590926281503,"OAZ2"
29.0976271585445,-0.159488895769384,0.261471254795838,-0.609967225245909,0.541883518742427,0.69014366289935,"SPG21"
6.47030806592202,0.0874491586706769,0.249370634613214,0.3506794567304,0.725828839156624,0.831341223373079,"MTFMT"
2.95519973271093,-0.00688373704967971,0.443119828575307,-0.0155347077827952,0.987605595023258,0.992540881172736,"SLC51B"
15.149153979673,0.364320346004069,0.233676440649507,1.55908034627469,0.118977364722229,0.240344899717895,"PDCD7"
9.32448321541504,0.39974984871285,0.213025760491846,1.87653290282774,0.060582141031923,0.146890388838286,"CLPX"
2.70380881184205,0.419187247710767,0.350999976538347,1.19426574282113,0.232374033542705,0.38693376330478,"PARP16"
10.1327207563164,0.702365492195054,0.25478705113122,2.75667656215905,0.00583920783545954,0.025806461364986,"DPP8"
49.2856079299522,0.109220383171706,0.152728736736583,0.715126606200393,0.474530814909805,0.631778365842257,"PTPLAD1"
7.95261412137745,-0.02174293672762,0.218124955854238,-0.0996811054584223,0.920597501479764,0.953528931011337,"VWA9"
1.77615198881271,1.26274750897488,0.476567750009571,2.64967050109773,0.00805703065601932,0.0326611992998767,"DENND4A"
56.325386230996,0.128420717882285,0.161661620385881,0.794379751828227,0.426974388223062,0.58941678608141,"RAB11A"
7.47147640762032,0.243850491701783,0.229524603093001,1.0624154814592,0.288047108649078,0.450352732614711,"DIS3L"
8.94843626659047,-0.115374168464894,0.26660320469169,-0.432756120086094,0.665191954559979,0.786412434848832,"TIPIN"
11.0053715434911,-0.449288162301858,0.256046586236825,-1.75471256580745,0.0793084855583303,0.178431769870203,"MAP2K1"
12.3476701139761,-0.330776326695415,0.200126954925442,-1.65283245737011,0.098364966400873,0.209418454246909,"SNAPC5"
558.62188512757,-0.642715731130241,0.143035197592805,-4.493409607892,7.00917806315949e-06,0.000153178924472496,"RPL4"
8.278979072103,0.595162738057844,0.26212051833302,2.27056905671802,0.0231730784353739,0.071677479865611,"ZWILCH"
4.50316947129445,0.852831217345405,0.354904714351671,2.4029864435679,0.0162617902618673,0.0551968029437347,"SMAD3"
6.61613640345873,0.347117567548956,0.241821719612301,1.43542758733777,0.15116528936992,0.285853220016948,"AAGAB"
3.78543108715201,0.284814098244871,0.379288367092676,0.750917040846863,0.452702584070247,0.612958752280417,"IQCH-AS1"
18.3957659017457,-0.157194715137558,0.152917435539588,-1.02797117008193,0.303963389329344,0.467521986731421,"C15orf61"
4.63372254298523,-0.54282890990509,0.301502985912939,-1.80040973147057,0.0717959653503293,0.166106558096416,"MAP2K5"
4.47356751806384,0.821734975078742,0.256785721631327,3.20008047900158,0.00137389218716417,0.00867973772693594,"PIAS1"
7.02508469065732,0.818229891944155,0.270390265122298,3.02610706629571,0.00247724567284303,0.0136148218659288,"CALML4"
21.1895337831163,-0.164323882817573,0.175726969466384,-0.935109069009508,0.349732093289305,0.516255339557137,"CLN6"
6.48057537510198,1.08650297951731,0.323412172273434,3.35949934067018,0.000780838376165574,0.00562008312988836,"FEM1B"
46.5726146144362,0.381697267367357,0.13865550715831,2.75284606569254,0.00590796682098666,0.0260815120633801,"ANP32A"
5.5752878482861,0.574629255274823,0.35988287413146,1.59671186538573,0.110329949532181,0.226842720923795,"GLCE"
5.91056158404226,0.462386961750799,0.267682053695127,1.72737378306813,0.0841005559010887,0.186622811010589,"PAQR5"
4.96420203479836,0.890757016130264,0.295185052995734,3.01762235956824,0.00254766167077015,0.0139061380506337,"KIF23"
4911.960086282,-0.136259722696252,0.139559997522464,-0.976352286580681,0.328889917392446,0.494838529077579,"RPLP1"
2.29285692757171,-0.0862884667754914,0.489716190979167,-0.176200967754326,0.860136060524701,0.919077375842074,"RP11-279F6.1"
11.6755127467635,0.261478150572705,0.276467279017916,0.945783354549384,0.344259097249257,0.510999204220314,"TLE3"
11.2545281844205,0.991956972025957,0.215740122719153,4.59792531645712,4.26718891984264e-06,0.000105321981067025,"UACA"
2.12199702811046,-0.0719887556340025,0.403469870232799,-0.178424117747542,0.858389909964806,0.917982710213471,"THAP10"
4.19116568210568,0.409508925687542,0.33606619141225,1.21853651498434,0.223020157408464,0.37550370689239,"THSD4"
6.10131309757131,0.734155837580985,0.319546709985627,2.29749146099488,0.0215907496290251,0.0681416858387714,"MYO9A"
134.143336949307,-0.096675456182752,0.132062386951314,-0.732043834845968,0.464141813086621,0.622832088239307,"PKM"
3.28683818377463,0.162965583429239,0.334042049481578,0.487859488594793,0.6256493711196,0.755958185398181,"PARP6"
21.3875946939556,-0.125769460799961,0.180384452052645,-0.697230051530465,0.485658834987808,0.641170327771586,"HEXA"
5.53114331117531,1.46338400386802,0.293853211171391,4.97998302633656,6.35898501718787e-07,2.45760061518364e-05,"ARIH1"
2.31573421279438,0.575011357993842,0.348075041730687,1.65197526123904,0.0985395940858875,0.20962585539133,"BBS4"
11.4068384804207,-0.444825650599287,0.252979139226175,-1.7583491348731,0.0786881221591012,0.17736675106846,"ADPGK"
24.511776625679,0.423819953499645,0.210968080775787,2.00892927470897,0.0445446347811768,0.116640872214957,"NEO1"
13.6933451583785,1.45504027306496,0.440260222908069,3.30495510917139,0.000949916133409264,0.00655405921780471,"NPTN"
4.31611925922285,0.00170551689902073,0.303766870711383,0.00561455860879967,0.995520253906368,0.99710459954811,"CD276"
0.664090810472087,-0.23546266755242,0.680550026589588,-0.345988771365397,0.729351153365749,0.833235712167414,"LOXL1-AS1"
1.72767758942218,-0.432172615465677,0.437387493643345,-0.988077212418148,0.323114834976412,0.488994858952597,"STOML1"
4.95833004165793,0.494777149928768,0.308901051105025,1.60173346176328,0.109214562335075,0.225123429177623,"PML"
15.9953727012359,-0.628454103976752,0.186634481720716,-3.36729900167744,0.000759083382048979,0.00551045824134486,"UBL7"
4.32864086309341,0.911035005859377,0.308788503685728,2.95035273329538,0.00317411322035245,0.0163059931755097,"UBL7-AS1"
1.82047930685204,0.190389363696655,0.418676429828447,0.454741060476385,0.649295537215602,0.774788433596466,"ARID3B"
9.23839794262469,-0.34803144848817,0.20569142667908,-1.69200755766631,0.0906445326315365,0.196879924875697,"CLK3"
3.68583050669828,-0.0505203315795969,0.310024088740788,-0.162956148939243,0.870552961153177,0.925159522274538,"EDC3"
12.4907551598837,0.472198749867579,0.295190901001085,1.59963856699581,0.109678787486869,0.225803153006141,"CSK"
6.66949731862106,-0.159160218130006,0.229354698063817,-0.693947930753618,0.487714863438007,0.642701302896482,"ULK3"
28.8568865497728,0.353693921332231,0.132695476832354,2.66545574706427,0.00768840498277412,0.0316512805583499,"SCAMP2"
6.47820782236708,-0.075323553270003,0.239335343295619,-0.314719724353314,0.75297446686585,0.850161114852733,"MPI"
6.97047804148117,-0.283345368095466,0.262902789552147,-1.07775717624808,0.281142135031834,0.442429153230796,"FAM219B"
628.862243318885,-0.341898299998977,0.115475790993855,-2.96077902611786,0.00306862018868246,0.0159146204627944,"COX5A"
16.0445529510189,-0.204987982933009,0.223584247944438,-0.916826586924633,0.359233518319587,0.525353623613078,"RPP25"
6.65969591627747,-0.318306740962103,0.245595061971959,-1.29606327752,0.19495368533087,0.342422290586002,"PPCDC"
5.23614228019981,0.260631213779954,0.27687863765254,0.941319330337882,0.346541239617854,0.513068640369034,"C15orf39"
50.6601614950807,-0.214871329877295,0.15328257352763,-1.40179881464845,0.160975332541137,0.298785183967996,"COMMD4"
4.05424468234588,0.266218075115589,0.297405700059504,0.895134407519175,0.370715242879822,0.536867253990514,"NEIL1"
8.67499070459817,-0.406366747249143,0.250108306563404,-1.62476309896619,0.104213046599055,0.218190415667194,"MAN2C1"
7.79198930003625,0.404547576280266,0.274728579359271,1.47253546472581,0.140876337394614,0.271695440260257,"SIN3A"
4.06330470506183,0.2265109335953,0.269742092924954,0.839731504783418,0.401058945441097,0.56602874836181,"PTPN9"
9.38359119662762,0.121375733192251,0.198700535108642,0.610847540626335,0.541300516944284,0.689747827220391,"SNUPN"
47.6931316628262,-0.387285517382283,0.15082172502002,-2.56783641302919,0.0102335436989683,0.0392291862233659,"IMP3"
1.81279792126047,0.072401379474745,0.388272806906395,0.186470384190978,0.852075901518428,0.914652989076814,"SNX33"
8.33502837324307,1.04776557054992,0.277302793107825,3.77841693842051,0.000157828476441151,0.00165765691890802,"UBE2Q2"
9.90593811102474,-0.0490267417334952,0.208211446551156,-0.235466121318405,0.813846970951035,0.890797702662026,"FBXO22"
76.1125890459351,-0.40334333355738,0.11098557879859,-3.63419588313669,0.000278848953495782,0.00255091155099776,"ETFA"
4.64969455509172,0.916952405941958,0.323321194425691,2.83604174966235,0.00456764746329022,0.0215634183685454,"SCAPER"
36.1133979740917,-0.146000808152682,0.147182992746343,-0.991967926649661,0.321213171459014,0.487408717176794,"RCN2"
52.6402206512595,0.363845652517039,0.123883241231711,2.9370046254804,0.00331399160793667,0.0169125699540377,"TSPAN3"
7.74649249099478,1.06578348202393,0.409808107953112,2.60068910629232,0.00930367259005834,0.0363838258293243,"PEAK1"
4.52589581856587,0.558158727083507,0.357792831524428,1.5600053380203,0.118758619742758,0.240019937910214,"HMG20A"
6.30713059499981,-0.169147749726634,0.271481827660701,-0.623053672447041,0.533249252035336,0.683461228340137,"TBC1D2B"
2.05188795609505,0.691376186855345,0.394579552939777,1.75218452579287,0.0797420835776427,0.179221653073924,"CIB2"
16.920470613126,0.358231108242253,0.209048331502615,1.71362816276662,0.0865970378723074,0.190682042030263,"IDH3A"
9.66101089747955,0.716462085703377,0.327908815865282,2.18494304220759,0.0288930230711075,0.0847405926541934,"DNAJA4"
36.6462272652581,-0.762666987677519,0.155371696837913,-4.90866099295517,9.17003343865877e-07,3.24386199165584e-05,"WDR61"
9.83081615244465,0.754624723636441,0.286379470352946,2.63505174692309,0.00841244571067914,0.0337492280820005,"IREB2"
2.55195471735118,-0.204105487288916,0.358203824943205,-0.569802646080841,0.568811560645439,0.712490605375948,"HYKK"
99.4031392759678,-0.0559237310360642,0.142155186735185,-0.393399159893069,0.694024690053857,0.808615828128407,"PSMA4"
3.05615252716164,0.502890074810188,0.347309036301541,1.44796138956076,0.14762784909261,0.280974139703074,"CHRNA5"
81.0939129511933,-0.0256236688180769,0.193423687167692,-0.132474306499297,0.894609144339015,0.938643918559828,"MORF4L1"
17.6750150029425,0.025267892494641,0.239142853404776,0.105660245058096,0.915851923571963,0.950602302398119,"CTSH"
44.0156480411123,-0.348347390013502,0.150398508555866,-2.31616252952473,0.0205493962310551,0.0656951554516511,"TMED3"
17.3608351807361,-0.95520037581642,0.195963079470783,-4.87438949416405,1.09145460153057e-06,3.68111707224284e-05,"MTHFS"
5.00879681235026,-0.49434071082062,0.272968926574015,-1.81097796377413,0.0701442628405281,0.16290990043801,"ST20"
24.11503819084,-0.112665904023111,0.188605847158276,-0.597361671022653,0.550265938145897,0.697465731947733,"ZFAND6"
10.514631820786,-0.667364999403696,0.208542744560832,-3.20013530467862,0.00137363085890601,0.00867973772693594,"FAH"
17.8615466799117,0.732469054878228,0.394582860609336,1.85631239468209,0.0634090434157794,0.151578739048066,"ABHD17C"
35.8585612140704,0.124096491093288,0.136233786373069,0.910908331898353,0.362343675254992,0.528769977111212,"MESDC2"
10.8907258599859,0.112161059777439,0.266154312565504,0.421413647955955,0.673453054893834,0.792991395966076,"MESDC1"
6.15321214328877,0.158902710683133,0.291644392980443,0.544850902358298,0.585856066349563,0.727796485993623,"STARD5"
5.1679172404466,-0.265351493863063,0.298721018899893,-0.888292008511081,0.374383697274111,0.540199169861479,"EFTUD1"
9.09608658329925,-2.50134354312704,0.457022357014067,-5.47313168543754,4.42151297605549e-08,3.14812049934678e-06,"RPS17"
4.59397468946065,-2.1943173153186,0.583735669076728,-3.75909410982075,0.000170529688780741,0.00175540513759133,"RPS17L"
3.81583560042773,-0.582672676070107,0.325928711265819,-1.78773043285191,0.0738195093162134,0.169686752764505,"RP11-752G15.6"
5.34196427104677,0.263564015474996,0.268716651823443,0.980825020282583,0.326679037619002,0.49301477884135,"WHAMM"
18.3799029683078,-0.378519810256612,0.177950067982668,-2.1271124790662,0.0334107386585555,0.0946607423474195,"FAM103A1"
12.1367265184646,-0.122636914243347,0.197956886552091,-0.619513250482832,0.535578295553106,0.685247442236891,"C15orf40"
4.04436500201387,0.787155028205004,0.331882542767445,2.37178798752478,0.0177022451766985,0.058629576888974,"BTBD1"
2.83879100752059,1.05372856958593,0.561798374318787,1.87563477887175,0.0607054473360824,0.147092079919844,"HDGFRP3"
5.07227686838164,0.270982097503218,0.258295598105963,1.0491162044196,0.294124638934781,0.456843589890084,"WDR73"
3.46938202804743,0.193477023867771,0.326925345488436,0.591807966368316,0.553979188033266,0.699559765353635,"NMB"
90.1562480678564,0.0920744535796613,0.119796750482835,0.768588907533464,0.442137392562877,0.603586384375101,"SEC11A"
5.28198108449482,-0.164976760119399,0.337679749751078,-0.488559826998842,0.625153360196238,0.755609210455642,"ZNF592"
11.3763416852382,0.0876564991181302,0.254515497586604,0.344405350359081,0.730541465713969,0.833820419458577,"PDE8A"
11.6679819347187,0.599362491828514,0.218407620546167,2.74423800016548,0.00606515475558935,0.0265916756744854,"AKAP13"
28.016637000764,-0.471070119318475,0.156369657099364,-3.01254174279564,0.00259069803364446,0.0140184258322765,"MRPL46"
38.2977481715944,-0.270873803778969,0.142995210813217,-1.89428584522868,0.0581870788038451,0.142515037395074,"MRPS11"
1.33869732493409,-0.342755365781975,0.446584846429472,-0.76750335019732,0.442782302069498,0.6040974623712,"DET1"
4.29143084998262,0.233667671487854,0.3241477386175,0.720867813190535,0.470990847748403,0.628991712561198,"AEN"
3.6892886530434,0.337051463744675,0.416926250953286,0.808419865561402,0.418848919777336,0.582745592907312,"ISG20"
12.0739994718827,0.518217137649513,0.212395296983768,2.43987105650986,0.0146925051537342,0.0513551998614592,"ABHD2"
12.7285282123507,0.47487227015188,0.206241275505605,2.30250840423539,0.0213065180251539,0.0674500088089233,"FANCI"
7.13968198471063,-0.244219989046837,0.27679695881851,-0.882307342137264,0.377610627080339,0.543778361483362,"POLG"
2.20030858169816,-0.0688995871274997,0.402014528885231,-0.171385813638515,0.863920408820561,0.921537731047175,"TICRR"
6.68649362302254,0.0576013277278733,0.277377490074931,0.207664031109059,0.835491304406469,0.904232047654009,"PEX11A"
28.8265521379225,-0.319044469746819,0.229432721378337,-1.39057963410856,0.164352935630757,0.302662893986381,"MESP1"
1.59415798598882,0.897020270777566,0.506571797901481,1.77076630498096,0.0765995713060979,0.174068077920951,"MESP2"
26.4728465040938,-0.0702066271784484,0.576481291279742,-0.121784745212798,0.903069495571558,0.943272498105089,"ANPEP"
6.16165100973881,-0.00716243123675087,0.258425897976049,-0.0277156093597658,0.977888974017369,0.986152312919364,"AP3S2"
7.19107023697894,0.0273188809625262,0.236416604358169,0.115553985883066,0.908006032464445,0.945906631138436,"C15orf38"
2.53019156376047,0.377676186041632,0.331059612531381,1.14081020984048,0.25394891095721,0.412301565704186,"ZNF710"
139.570770059523,-0.211112499356702,0.130974234654406,-1.61186282106364,0.106991794160402,0.221911933648199,"IDH2"
5.65027853315119,0.642141029669107,0.296112794874608,2.16856900743188,0.0301154202680202,0.0874240748758888,"SEMA4B"
117.47627565601,-0.13082011951877,0.13136027979725,-0.995887948173422,0.319304591646625,0.485371081324197,"CIB1"
1.18518565756099,1.30770752887984,0.499742045535469,2.61676507022466,0.00887674126823896,0.0351445170153391,"ZNF774"
41.4161600702706,1.53490148093848,0.266370683615564,5.76227631398697,8.2986989009056e-09,8.80754396322536e-07,"IQGAP1"
5.08714548675556,0.13293324978083,0.341572220022782,0.389180507044641,0.697142622171613,0.810943538644357,"CRTC3"
4.88106760062128,0.901430474344577,0.322185552415369,2.79786125599584,0.005144220466606,0.0236021268556574,"BLM"
4.23215192783975,0.242281821298043,0.331580369395081,0.73068807342259,0.464969702050552,0.623480795686998,"FURIN"
4.15544531386085,0.273181930777352,0.300171267610143,0.910086874577737,0.362776696019974,0.529252407143594,"MAN2A2"
8.14393784633767,-0.340468720822369,0.225346385788107,-1.51086834444512,0.130821997511884,0.257471347042237,"UNC45A"
21.2788808455712,-0.602644749893792,0.169299819659638,-3.55963019396805,0.000371377385770299,0.00320346180259368,"HDDC3"
12.6186370020741,-0.387558569120228,0.187329525934227,-2.06886003254129,0.0385592230458502,0.104505406108793,"RCCD1"
18.5566797437462,0.690060085957595,0.217460015218969,3.17327341885241,0.00150730501960298,0.00934322632014177,"PRC1"
2.0897263115393,0.173502638770367,0.422447728043495,0.410707946220753,0.681286699566066,0.798831090184353,"VPS33B"
5.57524056367437,0.840567325289078,0.308023275005062,2.72890847380044,0.00635443378310699,0.0275046436367246,"SLCO3A1"
3.75166035773695,-0.0377145705026822,0.391512762199745,-0.096330373218947,0.923258188911711,0.955185665578849,"FAM174B"
18.8622351823617,0.775768946346666,0.208779372671898,3.71573559408001,0.000202613375057797,0.00200581700376269,"CHD2"
5.75455134611544,0.957127911994509,0.317303077511171,3.01644698659064,0.0025575593549488,0.0139210394203418,"MCTP2"
2.29792528129547,0.925805799505859,0.427165324541537,2.16732432694413,0.0302101328307828,0.0876287506790334,"RP11-4F5.2"
12.3535162315043,0.88402582666972,0.316068870786564,2.79694050372549,0.00515890322736667,0.0236591066482686,"NR2F2"
6.64006640877099,0.254523006349695,0.37645549120426,0.676103848387203,0.498974713475258,0.652701026243751,"ARRDC4"
9.35427957842448,0.758408937230033,0.246054166587552,3.08228447316364,0.0020541842487902,0.0118034079057468,"IGF1R"
2.42585987519987,0.305510418338958,0.352270621025214,0.867260566464017,0.385799257653334,0.551649761437157,"TTC23"
6.31985955513693,0.0732459050893349,0.227914243073016,0.321374847406397,0.74792634183889,0.846797338654122,"LRRC28"
5.01866075386662,1.33361229001084,0.311185122311277,4.28559141936367,1.82253680576102e-05,0.000321310871924751,"MEF2A"
1.34595353221734,-0.76460164055632,0.43149367964708,-1.77198804205357,0.0763965422322047,0.173752135841203,"LYSMD4"
2.88815991620034,0.419127877719053,0.321652504745081,1.30304558968451,0.192559197637444,0.339405377804004,"LINS"
1.95947150213402,0.713650101822592,0.389390478505926,1.83273639499567,0.0668417820930748,0.157694566691496,"ASB7"
1.19128441480879,0.740456407762726,0.526895937238078,1.40531811963498,0.159926702608914,0.29748398127228,"RP11-66B24.4"
2.87740699360422,0.30159922085112,0.384764393712367,0.783854290520921,0.43312561339832,0.595034049526345,"LRRK1"
4.25442095752829,0.662782729245275,0.472575881465896,1.4024895371075,0.160769112736338,0.298555500054144,"CHSY1"
53.7497422525492,0.309503333787697,0.142225043834553,2.17615214200766,0.0295438861099126,0.0860409233450391,"VIMP"
37.7961606455888,-0.183605326282234,0.169058668101774,-1.08604503007029,0.27745907040397,0.438348196768565,"SNRPA1"
3.29646703110496,0.626016217409167,0.311592826994103,2.00908417388252,0.0445282077363185,0.116640872214957,"PCSK6"
12.6703257317769,-0.271188477948035,0.177854007395047,-1.52478137501662,0.127313636912263,0.252599413088345,"TM2D3"
3.11041876616599,0.851767056761607,0.40555408617544,2.10025514671584,0.0357064025976555,0.0994796131889529,"TARSL2"
23.6289711430101,-0.989872186297095,0.191704373095142,-5.16353471918883,2.4232960882581e-07,1.22404630318525e-05,"WASH4P"
31.1953850516354,-0.365854630398189,0.176138000884701,-2.07709085240315,0.0377931747099384,0.103253805622624,"POLR3K"
62.5707689803812,-0.398719845521353,0.1791196098328,-2.22599773354542,0.0260143332301982,0.0781509429820062,"SNRNP25"
23.7070855376812,-0.373196532671855,0.153913734607109,-2.42471234698127,0.0153205206147372,0.0528025559746258,"MPG"
7.356515350954,-0.0659835145278009,0.24057321447612,-0.274276230924081,0.78387234933553,0.869833016736077,"NPRL3"
0.746045070533429,2.57630231934823,0.854346352256751,3.01552445626173,0.00256535249799775,0.013936832480368,"HBA2"
10.2665081405254,0.340258177109333,0.224834445083907,1.5133721035598,0.130185166887227,0.256496899926576,"LUC7L"
16.9672596091642,0.185964416312279,0.170654267343884,1.08971442206918,0.275838961159936,0.436678005568062,"ITFG3"
4.55207708047189,0.109096489899237,0.325041017432106,0.335639147210168,0.737142999587797,0.838857463299269,"AXIN1"
25.106064256301,-0.265837214989156,0.176552370039344,-1.50571309198463,0.132140841655239,0.259483167434439,"MRPL28"
8.33989038888559,0.498835525218888,0.220100943785588,2.26639430362838,0.0234272520579193,0.0722783969741486,"TMEM8A"
40.8637704325312,-0.395692189743454,0.180420184058702,-2.1931703030228,0.0282951113060858,0.0833202030325627,"NME4"
12.9600756663137,-0.461704032068796,0.236547122860666,-1.95184801440496,0.0509562518157819,0.129144666212227,"DECR2"
2.03613891802754,1.16115941638836,0.423627632397608,2.74099073711631,0.00612542343205218,0.0267694561255882,"RAB11FIP3"
7.94411704158205,0.732887490837154,0.294720624102101,2.48671939084676,0.0128927047546526,0.0465474646394704,"CAPN15"
5.20539113589654,0.246940124087876,0.305744369943165,0.807668589723434,0.41928139013241,0.582791534609432,"PIGQ"
6.42750677701428,-0.176912554553535,0.278463369623373,-0.635317150664423,0.525221590131619,0.676218905611071,"RAB40C"
73.5290801516527,-0.388546946821609,0.130087583541653,-2.98681039529956,0.002819045008547,0.0149195072089768,"C16orf13"
87.765182631955,-0.686000786819115,0.128444887762273,-5.3408181420873,9.25280419223402e-08,5.94588482412198e-06,"FAM195A"
9.77329605335234,0.313076629159331,0.29793193541041,1.05083273039548,0.29333542043531,0.456181324470601,"WDR90"
17.6078262083507,-0.140688726288941,0.198283536338998,-0.709533070100236,0.477993737006501,0.635219283393368,"RHOT2"
1.62015633512299,-0.25218072065537,0.428377978458799,-0.588687405367232,0.556070988183858,0.701141406208835,"RHBDL1"
53.7025947621909,-0.324558261180002,0.134920872344519,-2.40554523210647,0.0161483527600635,0.0549064217201908,"STUB1"
10.2688760438416,0.244918237301191,0.200319804305899,1.22263616495545,0.221467147256901,0.373700002984765,"JMJD8"
1.78043981367009,0.0103045748968163,0.429222204226633,0.0240075531865436,0.98084658387296,0.987942302064584,"WDR24"
7.35747365594938,1.3781096648802,0.365829361719818,3.7670832608993,0.000165165928866945,0.00171196353877314,"METRN"
32.6311200946397,-0.150016521239412,0.158597133330447,-0.945896802099459,0.344201224736425,0.510999204220314,"FAM173A"
6.71635951137264,-0.113075551732087,0.216733987805447,-0.52172505511037,0.601861777214156,0.739056863471928,"NARFL"
7.01630406282534,-0.111403192362502,0.266295280685309,-0.418344598807033,0.675695186167798,0.794736399576746,"RPUSD1"
6.70292000465064,-0.08779545870985,0.272744231842145,-0.321896665300196,0.747530979553851,0.846501247565224,"CHTF18"
1.90696583280252,-0.355878221563316,0.41678938837383,-0.853856243681805,0.393184646523814,0.558679217748086,"LMF1"
7.93914773473555,-0.438029086959828,0.353065617766464,-1.24064498188992,0.214736927144715,0.365581286846152,"TPSG1"
62.4252963740128,-0.25833149797174,0.121956252049061,-2.1182308707537,0.0341555199345609,0.0961952662057396,"UBE2I"
17.7351305892949,0.210021384689416,0.17320710369292,1.2125448680313,0.22530387833962,0.377884188226761,"TSR3"
9.74561851898438,-0.159697645736582,0.217047506236424,-0.735772773922719,0.461868992876256,0.621317634415476,"GNPTG"
1.79267994406375,-0.247953451030187,0.455975536786803,-0.543786740792019,0.586588234082282,0.728206243956742,"UNKL"
16.1994484547467,-0.50198297317721,0.180347244434807,-2.78342469135241,0.00537883478442704,0.0243798605003663,"C16orf91"
3.31358278291755,0.270498791704515,0.315845131259614,0.856428562396218,0.391760771529588,0.557166314668848,"CLCN7"
10.0953850021416,0.096718133156829,0.223254382231589,0.433219416300191,0.664855374494383,0.786310217485738,"TELO2"
0.84393265903379,0.422983875335781,0.567209316202018,0.745728011253486,0.455831734550541,0.615636442882587,"IFT140"
0.769686285270803,1.01347181439987,0.71684387348651,1.41379713475217,0.157421475099454,0.294169377753593,"LA16c-395F10.2"
3.07362861417943,-0.15617837667858,0.392627383300462,-0.397777596065078,0.690794133230652,0.806495838194461,"CRAMP1L"
1.48944293241356,0.0114216545419772,0.547634571711968,0.0208563431382205,0.983360252169753,0.989556369399881,"LA16c-431H6.6"
26.1358836956042,0.119556443028458,0.191912195852085,0.622974702038246,0.533301146312553,0.683461228340137,"HN1L"
2.30316906957692,0.060541285090115,0.395075763609714,0.15323968379372,0.878209264079452,0.929734048181324,"MAPK8IP3"
43.850068865877,-0.298976496208487,0.156743789447526,-1.90742164179064,0.056466009091033,0.139526930313679,"NME3"
109.12117143672,-0.280430828252158,0.122602008923608,-2.28732653497457,0.022176770794628,0.0695666466867879,"MRPS34"
1.77767980876938,0.195360526698053,0.443886699946141,0.440113494551103,0.659854908701946,0.782754239467059,"EME2"
18.2020291996322,-0.462879786522948,0.187420071525198,-2.46974501053222,0.0135209391882534,0.0482700195872557,"SPSB3"
28.0427151869892,-0.338360675576515,0.154935961895127,-2.18387436614326,0.0289714811120564,0.0849204547576066,"NUBP2"
19.3118120818896,-0.112504202995911,0.15984783986199,-0.703820602724722,0.481544501520163,0.637898620728068,"HAGH"
17.5275467995152,0.276362539130388,0.194457156432479,1.42120014609156,0.155258582246346,0.291318588369395,"FAHD1"
13.662649876009,-0.413698906032077,0.200855718191956,-2.05968199340339,0.0394289519384736,0.106259575258339,"MSRB1"
207.748495748458,-0.187240410194795,0.110332249536849,-1.69705966279841,0.0896853813106162,0.195471690237644,"NDUFB10"
5060.07819580517,-1.02830662953116,0.137946572244422,-7.45438333697152,9.02891280865494e-14,9.80539931019926e-11,"RPS2"
17.2181077305065,0.62530835515281,0.405076373541434,1.54368014526735,0.122665838555093,0.24573395130094,"SNHG9"
7.08939441520953,-0.0542202533012382,0.220263397437269,-0.246160977865966,0.805557621397599,0.884709900822008,"TBL3"
16.7151772545511,0.209638800319815,0.218779999539835,0.958217390806992,0.337953149590756,0.504560242583944,"NOXO1"
18.6117595951363,-0.0110182460236633,0.195949383887672,-0.0562300620959313,0.955158532951893,0.973718358007843,"GFER"
7.91302001802961,-0.157910639003395,0.244051879782712,-0.647037175636543,0.51760788359543,0.669074351322195,"ZNF598"
6.25312628841258,0.240623169907632,0.285722970581582,0.842155495646181,0.399700921187044,0.565054934143622,"SLC9A3R2"
25.6537087524033,-0.289236886318953,0.21517252326993,-1.34420920442575,0.178880746062691,0.321949768352805,"NTHL1"
8.50530600857925,0.251938973260006,0.232817657049854,1.08213000874782,0.279194763235441,0.440570811810527,"TSC2"
6.63027224338869,-0.11004692315846,0.266697587118682,-0.412628116914641,0.679879097884905,0.797733912147834,"PKD1"
23.1082277784997,-0.152670555561298,0.249118135708129,-0.61284400321689,0.539979492104715,0.688877836433901,"RP11-304L19.5"
14.2195679412111,0.0115886814700394,0.157363417576262,0.0736427922609351,0.941294620261255,0.966024731482716,"TRAF7"
18.3003221635018,-0.445925852520651,0.176314412059352,-2.52915145910217,0.0114338674257589,0.0425472353766047,"MLST8"
1.21519654138003,-0.101516041370199,0.516318525543369,-0.196615144233619,0.844128718556321,0.909718952418542,"BRICD5"
35.8646036771119,0.308293945074995,0.141100617519809,2.1849227203539,0.028894513314777,0.0847405926541934,"PGP"
5.76885390386917,-0.394992312375993,0.262359926579275,-1.50553599219979,0.132186330601087,0.259483167434439,"E4F1"
74.2405230854017,0.27049572586317,0.168754305891682,1.60289673459825,0.10895745474913,0.224744151676269,"ECI1"
49.3821510242102,-0.238539649730748,0.127552249991833,-1.87013282592836,0.0614653750614037,0.148347139216123,"RNPS1"
0.881733672602468,0.122267285350891,0.559154150691359,0.218664719200806,0.826911233879404,0.898834551089013,"MIR940"
3.95958428255105,0.501791936489767,0.371608921018726,1.35032263249805,0.176912515663915,0.319459707283085,"CCNF"
6.56480199487168,-0.281063294730121,0.267413461443431,-1.05104392730647,0.293238415302977,0.456111313404516,"C16orf59"
1.3178631606264,0.63277913329956,0.466743176749057,1.35573301297508,0.17518413154827,0.316924815694521,"TBC1D24"
5.55640201839366,-0.0212070216770793,0.274435552513,-0.0772750523133286,0.93840473692049,0.964621933320121,"AMDHD2"
10.3878744988289,0.26192448210478,0.260883579856992,1.00398991093406,0.315383476599894,0.480847199701547,"PDPK1"
6.78632762589045,0.106550283827143,0.254069713046125,0.419374204621547,0.674942673135344,0.793964193051325,"KCTD5"
79.1674097540356,0.468703571969139,0.144332059443081,3.24739752053477,0.00116465597402794,0.00768418218587084,"SRRM2"
335.467304636687,-0.253691167176257,0.137472825355401,-1.84539138204516,0.0649806258687716,0.154249092226199,"TCEB2"
2.13866282297308,-0.381204015440665,0.678613072243144,-0.561739864781269,0.574293269134022,0.717453687196075,"PRSS21"
11.8190375054551,0.244965781980984,0.291724369933264,0.839716551747196,0.401067331366863,0.56602874836181,"ZG16B"
15.0758680978024,-0.476818784997139,0.212558216044078,-2.2432385530478,0.0248814354215518,0.0753940816624032,"FLYWCH2"
1.66209758475744,0.273387149232162,0.495201426279559,0.552072620804256,0.58089859941052,0.723624545721294,"FLYWCH1"
13.379032009029,-0.107066217774976,0.216410372649053,-0.494736996496019,0.620785782651716,0.752140750145183,"PKMYT1"
9.30134480031191,0.196591182190724,0.25157398611108,0.781444795742597,0.434540933166185,0.596450269740239,"PAQR4"
2.18126111549017,0.141200127994747,0.395964807043007,0.356597671013249,0.721393021268222,0.82876633988923,"LA16c-380H5.5"
10.899957556329,-0.344118011979133,0.345478035655709,-0.996063357040935,0.319219362409675,0.48533141197943,"TNFRSF12A"
19.5515215187916,-0.347690018185203,0.176831808950888,-1.96621874903608,0.049273347614702,0.125967173986738,"HCFC1R1"
23.7462672192918,-0.780381341840667,0.180916532496225,-4.3134882759095,1.60698665541967e-05,0.000290380616936067,"THOC6"
17.5155371324025,0.082284173110141,0.188238869564657,0.437126366623646,0.66201970656593,0.784626652112408,"CCDC64B"
21.2536958792031,0.674658500159225,0.497060481231429,1.35729659796693,0.174686987877847,0.316367131979307,"IL32"
3.4319262230931,0.225607590460795,0.318225404463469,0.708955310595556,0.478352209768652,0.635384662192705,"ZNF205"
1.8126375701486,0.213346653800908,0.504565082974246,0.422832774204864,0.672417273677609,0.792387373778799,"RP11-473M20.14"
0.910404875573304,0.29216166924369,0.553625871736497,0.527724017534258,0.59769090087858,0.736099249664479,"ZNF213"
2.30043584879072,0.230443005306114,0.390545236172519,0.590054580013667,0.555154058214092,0.700473227861629,"ZNF200"
5.53754294556073,-0.0294911054385451,0.274082100891798,-0.107599530733996,0.914313369250984,0.94954616300973,"ZNF263"
4.39028172401652,0.268514549812128,0.267513057731609,1.0037437128827,0.315502161330904,0.480936397584867,"ZNF75A"
1.05696016031108,-0.914412808481767,0.525470996635116,-1.74017750615593,0.0818278540846745,0.182370135394895,"ZNF174"
5.34581007150706,-0.0967898478946643,0.238635950925975,-0.405596254542085,0.685039281330022,0.801932369865693,"CLUAP1"
2.71729329338335,-0.474493553689404,0.357921519728482,-1.32569160426384,0.184941869509214,0.329581342774872,"DNASE1"
41.1556253168425,-0.590963981480472,0.164625701333029,-3.58974313667453,0.000331003968538942,0.00291304951242537,"TRAP1"
9.17700106083593,0.508594894612725,0.315985724520709,1.60955022694195,0.107496081598522,0.222617743356208,"CREBBP"
2.11321892989408,0.482343724254484,0.502449280411428,0.95998490406737,0.337062812600768,0.503369381854282,"ADCY9"
5.75811360930601,-0.252779535653011,0.35937818487169,-0.703380300457751,0.48181877982637,0.637953790952934,"TFAP4"
1.75848152390413,0.676533027124297,0.670046019616,1.00968143577961,0.312647939413449,0.478017263414059,"PAM16"
6.22851854718658,0.0723089748737612,0.262254610127242,0.275720510074839,0.782762741274709,0.869168790129259,"CORO7"
14.0239990384375,-0.232372126176763,0.214547087412609,-1.08308217547542,0.278771949884049,0.44003828135767,"DNAJA3"
24.5106014453189,-0.325918683359178,0.168327047262138,-1.93622289857922,0.0528404071083978,0.132399219481632,"NMRAL1"
20.5625538501461,-0.27446332794789,0.213468906949778,-1.28572976678267,0.19853738889467,0.346642450706772,"HMOX2"
0.913434185342994,0.3229873015998,0.624333636698621,0.517331251456685,0.604924941913223,0.741309509047349,"CDIP1"
5.42201728864854,-0.670536671265588,0.266376796262677,-2.51724880197284,0.0118275275148295,0.0436597378691533,"UBALD1"
6.20936561795579,-0.0746371935981982,0.281522358064987,-0.26511995036987,0.7909170589185,0.874146067561053,"MGRN1"
26.9370320920896,-0.33754754085,0.152834827555793,-2.20857736582834,0.0272040511154333,0.0808970413783148,"NUDT16L1"
3.46576220323258,-0.159211092535552,0.358039166011776,-0.444675073704969,0.656554585287749,0.780705441391104,"ANKS3"
2.93717970396197,-0.640665670287209,0.418584373176238,-1.53055324408269,0.125879844814894,0.250376394631822,"ZNF500"
216.109386227781,0.00796083453818755,0.190383585588168,0.0418147106201066,0.96664640789089,0.980917584535139,"SMIM22"
8.76195345555959,-0.476881995051642,0.239043040213426,-1.99496289298306,0.0460469271208171,0.119462405287165,"ROGDI"
15.4891780394577,0.467707739328316,0.22521881561048,2.07668146225059,0.0378309686674191,0.1032791150649,"GLYR1"
11.971493652157,0.701215342171003,0.200428134548071,3.49858738022043,0.000467729799995731,0.00381633781213647,"UBN1"
1.69303789161586,-0.464739083310155,0.506527751378942,-0.917499746154037,0.358880825878507,0.525049948678511,"PPL"
4.73671014416704,-0.297762173768555,0.287221333967713,-1.03669936231835,0.299875989298783,0.462896298072307,"NAGPA"
10.3470637899928,0.136442940803679,0.180163763293282,0.75732732437193,0.448853784586055,0.609582369537597,"ALG1"
6.71312883318623,-0.10842142845186,0.250295260157308,-0.433174117575051,0.664888280586697,0.786310217485738,"FAM86A"
1.6574204803723,-0.880520274754354,0.423290581782259,-2.08017922592782,0.0375090969458368,0.102672529964591,"METTL22"
1.21698245773607,-0.469156171637585,0.500120684838808,-0.93808591777962,0.34820025815473,0.514553654042777,"ABAT"
12.3570196770727,-0.454223253891575,0.211036415494114,-2.15234537995763,0.0313701621645387,0.090198559996529,"TMEM186"
10.5301012998021,2.7990073631612,0.362495862303562,7.72148775816164,1.14979647531364e-14,2.08113162031768e-11,"PMM2"
90.8599760603236,-0.496013349965004,0.136700872065376,-3.62845783257177,0.000285119307419987,0.00259546997366392,"CARHSP1"
26.4052666867294,0.653891582415967,0.218365232031478,2.99448578115086,0.00274907868752205,0.014620467456655,"USP7"
5.37555842942732,0.629141984229497,0.497374096805019,1.26492712079482,0.205897454250721,0.355109435348283,"C16orf72"
8.28549500686318,0.468898076088994,0.295693846231991,1.58575527378785,0.112794835193274,0.230644306194494,"ATF7IP2"
78.4796829908281,0.398371335117708,0.111002481523825,3.58885071440682,0.000332138956730193,0.00291830830913422,"EMP2"
0.40422349709619,0.308350577079987,0.912659232431695,0.337859483718163,0.735469081265267,0.837654696505762,"RP11-27M24.1"
10.890802044387,-0.0363913297908907,0.200206230076413,-0.181769217556323,0.855763842877932,0.916788755162558,"NUBP1"
7.84399731013896,-0.296535418159505,0.21742105159658,-1.3638762943237,0.172606502872986,0.313672460040266,"DEXI"
1.82570908326974,0.0694012945958474,0.42438600495816,0.163533419540283,0.870098462322933,0.924767009280393,"CLEC16A"
29.8159039154992,-0.44109214484419,0.18648525225352,-2.36529237306412,0.0180158419467504,0.0594867873340556,"RMI2"
2.31251073445532,0.871469832813709,0.534953505172638,1.62905715055082,0.103300921065423,0.216686719370981,"SOCS1"
23.1637474768305,0.669169033460467,0.200128600314846,3.34369516604683,0.000826705218589901,0.00587182385473271,"LITAF"
9.95901154500106,0.0518658166459097,0.257559696304638,0.201373962580556,0.840406173028425,0.907598552017571,"TXNDC11"
7.50607500393398,0.620989974932231,0.250155201520662,2.4824187990388,0.0130493805640317,0.0469259181872132,"ZC3H7A"
56.2447554907666,-0.0166469599374071,0.133658530818153,-0.124548428263482,0.900881058640915,0.942255476332769,"RSL1D1"
42.4204460943427,0.771155350027567,0.202772944308128,3.8030485411098,0.000142926336782579,0.00153986112843135,"GSPT1"
6.37982109859905,-0.0326673039156683,0.256699624837651,-0.127258868945868,0.898735513388868,0.941202283066838,"CPPED1"
2.01535764696325,0.839532788535907,0.371911656254808,2.25734465273311,0.0239865472387207,0.0734686630321034,"ERCC4"
4.09043260808811,1.02484185710293,0.423304849485112,2.42104917614221,0.0154757835721422,0.0532700505842993,"MKL2"
6.21140636026706,0.453904995479863,0.275030291173586,1.6503818308267,0.0988648648636426,0.210144938165321,"PARN"
11.0930543341994,0.55826867353318,0.183528173715111,3.04186906147595,0.00235114144772742,0.0131302682059098,"BFAR"
15.3646066975061,-0.0886107450371567,0.270363531778338,-0.327746661890058,0.743103219196188,0.842859962881732,"PLA2G10"
2.78254020214256,-0.742286514028931,0.371344610398076,-1.99891554433283,0.0456174925759665,0.118731934433837,"NOMO1"
2.00431616250936,-1.55557746517333,0.497213731111155,-3.12858911136058,0.00175647741165963,0.0104809586212217,"NPIPA1"
35.0089108381701,0.810000982350935,0.184456632850825,4.39128140762498,1.12684586131121e-05,0.000221742684736267,"PDXDC1"
13.0535599726941,-0.282042585023968,0.200836235217933,-1.40434112757549,0.160217292822783,0.297836323186481,"NTAN1"
5.27405070386133,0.673600939843341,0.315557058959789,2.13464069561244,0.0327903706033758,0.0933185075347644,"RRN3"
6.95608535924436,0.302239092335338,0.296247955841666,1.02022338509189,0.307622529329409,0.471528675866955,"MPV17L"
5.7049639478576,0.858715553074038,0.344876549130749,2.48992155378034,0.0127771293401591,0.0462532082113761,"KIAA0430"
3.55100336228518,1.02742987778404,0.31807256664084,3.23017444929224,0.0012371470686024,0.00802593617982202,"NDE1"
11.0200746631415,0.323089681727535,0.194860522752601,1.65805611708092,0.0973061401517975,0.20793874105638,"FOPNL"
1.81753905636007,0.513097534638094,0.419212673005015,1.22395520860591,0.220969125004051,0.373239408552088,"ABCC1"
7.48228773490553,-1.15957964594778,0.268376860551365,-4.32071395263172,1.55525176799753e-05,0.000283866121016019,"ABCC6"
2.41640564604055,1.1539200552884,0.474268043495031,2.43305462199138,0.0149720420904723,0.0518979818393007,"XYLT1"
2090.88699756119,-0.271361239116207,0.167469443009474,-1.6203627016354,0.105154387077386,0.219484267472691,"RPS15A"
75.9792512191043,-0.123479804451533,0.209544106821207,-0.589278344901831,0.555674569107186,0.700885693438333,"ARL6IP1"
18.1090393830492,1.0336704363108,0.259275403715566,3.98676627824199,6.69799478891159e-05,0.000869058822073834,"SMG1"
1.54404413982783,0.969903586647555,0.667749319838308,1.45249655496828,0.146363586384024,0.279316231412348,"TMC7"
13.7684762778892,0.0988127179190632,0.199280714844468,0.495846866046135,0.620002456363227,0.75162750204069,"COQ7"
5.74388989962321,1.35808222649106,0.433472094828692,3.13303265122009,0.00173010194974364,0.0103748797207156,"ITPRIPL2"
1.26436716158535,-1.0313797050652,0.818818695701844,-1.25959471917182,0.207815601523069,0.357496821248302,"CTA-363E6.2"
21.9195776581919,0.998884995076692,0.199916159876609,4.99651951944863,5.83742692641939e-07,2.31366629273411e-05,"TMC5"
20.40903869613,0.373285444615628,0.174183568209107,2.14305774335441,0.032108462004935,0.0918109261120573,"GDE1"
4.24749401373572,0.680334693550274,0.412066497464557,1.65103132076102,0.098732179595835,0.209953293599132,"CCP110"
6.32674926209093,-0.117891506231269,0.235395020044413,-0.50082413047237,0.616494901532926,0.749121343141342,"C16orf62"
22.6014051013051,0.585388249398323,0.173102473018781,3.38174399931773,0.000720272342738191,0.00529239353324544,"KNOP1"
2.14481800570695,0.0510838492761855,0.378834599990762,0.134844729804065,0.892734639510987,0.937539714252907,"IQCK"
2.82177734002721,0.0190775095909983,0.533895337281807,0.0357326769102847,0.971495514775588,0.983082490725203,"GP2"
11.4564824542842,-0.220951421356482,0.237239606259619,-0.93134289354151,0.351676220665877,0.518247244258884,"ACSM3"
16.1141495664913,0.855962790725968,0.230275920156659,3.71711809964173,0.000201508261419286,0.00199852029133648,"THUMPD1"
3.56457364245,0.806679258323177,0.331271645101807,2.4350990199456,0.014887715002132,0.0517084316533565,"ERI2"
2.02322342290203,-0.0979377439888045,0.380869737229219,-0.257142362376412,0.797068876287581,0.878854337249515,"AC004381.6"
9.93498137254453,-0.0585807261632127,0.214050350010671,-0.273677320127215,0.784332608468634,0.869833016736077,"LYRM1"
9.32321189263764,0.671315113647373,0.302559260235367,2.21878885189349,0.0265010928028022,0.0793498394922614,"TMEM159"
7.52442266955564,0.381942349430246,0.203725118098816,1.87479262741174,0.0608212578534781,0.147190948032507,"ANKS4B"
4.98911421764019,-1.0548152969714,0.345201760490784,-3.05564866028417,0.00224574242059472,0.012669487110472,"CRYM"
31.3060980296666,-0.154232996856841,0.151954443151321,-1.01499497914155,0.310108220868212,0.47473573141088,"METTL9"
133.843631088191,-0.484256523675175,0.110901740134613,-4.36653674764149,1.26232058630565e-05,0.000240927971305437,"UQCRC2"
3.33432015527931,1.46619390003357,0.434089679052328,3.37762902641328,0.000731136435036565,0.00535049978739697,"C16orf52"
1.40211178725552,0.712063808010393,0.503454682299144,1.4143553194472,0.157257601929514,0.293944502057577,"EEF2K"
5.88200978573994,0.14677993271761,0.236288061381882,0.621190642723116,0.53447419540685,0.684150861687956,"POLR3E"
2.34053453571846,0.770768946431294,0.392288054568924,1.96480350970226,0.0494369838395205,0.126318334760038,"CDR2"
2.24030743052821,2.05908291652671,0.460324183554876,4.47311479624065,7.70883648107215e-06,0.000165124189712906,"NPIPB5"
3.6062802426742,1.19253413009995,0.34304642736858,3.47630534807654,0.000508373115128238,0.00404463885003126,"USP31"
2.67548701597873,0.355807559720347,0.551042604348684,0.64569882058557,0.518474424551706,0.669675576906699,"SCNN1B"
5.10135501657543,0.0321819970918986,0.284715319157071,0.113032193656374,0.91000503191461,0.947158773873171,"COG7"
3.05407020624506,-0.957994652378284,0.35227832404177,-2.71942548547123,0.00653954274046256,0.028104247788454,"CTD-2270L9.4"
6.64934124949232,-0.0285000174943287,0.224198495989105,-0.127119574859742,0.898845758649191,0.941226973187755,"GGA2"
2.38473155049373,0.240566878489592,0.361485694338012,0.665494879209928,0.505734017750171,0.659098935889458,"EARS2"
4.9792972562259,0.730255066771504,0.306246086226553,2.38453681406815,0.0171006369278117,0.0573011160246947,"UBFD1"
188.797883878499,-0.407907737906191,0.113300175359836,-3.60023924597377,0.000317924516223384,0.00282080085472708,"NDUFAB1"
2.30777613302058,0.633613471146622,0.400677147577736,1.58135664830671,0.11379651382395,0.232080777488845,"PALB2"
6.39117046622232,0.0520620281290546,0.291523876093359,0.178585811998404,0.858262935773638,0.917982710213471,"DCTN5"
4.84342502329247,0.90375739485308,0.412788921301697,2.18939353314801,0.028568249282983,0.083942420782791,"PLK1"
18.3518043594235,-0.133103271312964,0.204165124213036,-0.651939315424303,0.514440321049788,0.666158158064296,"ERN2"
42.8414891363146,-0.543353169725656,0.17683939272714,-3.07257993451742,0.00212216987872837,0.0121043933208982,"CHP2"
24.698047817904,0.892680674881477,0.243939594297037,3.65943330132168,0.000252773622194779,0.00236852591633761,"RBBP6"
11.7508420594894,0.588293604464961,0.274101993036735,2.14625803317716,0.0318523978268031,0.0912228482065089,"TNRC6A"
6.74882090218522,-0.152195511548939,0.296803291885853,-0.512782424284809,0.608103525472994,0.743846744886646,"ARHGAP17"
20.2648002978033,-0.553744622106761,0.176060532742912,-3.14519451622558,0.00165976433729023,0.0100612213430645,"LCMT1"
26.2917908467465,-0.739451846747728,0.174420610633618,-4.2394751632936,2.24042978905481e-05,0.000374324115525158,"NSMCE1"
7.28326020861202,0.100531501140733,0.281612769347012,0.356984881665133,0.721103123742915,0.828563407463921,"IL4R"
5.88439468200663,0.227965074470566,0.28944488928983,0.787594056436414,0.430934192367311,0.592848407538511,"GTF3C1"
10.083934270634,0.282398311228937,0.227542270243383,1.24108066130693,0.214575952788937,0.365421804498644,"XPO6"
35.6283715047323,-0.470823045852657,0.178396454015918,-2.6391950919083,0.00831031416458291,0.033472473798841,"CLN3-ENSG00000188603"
11.2828375322806,0.17890437450254,0.292447507665386,0.61174867220014,0.540704053941061,0.689531003499286,"APOBR"
227.252843256613,-0.750812125886368,0.15747147584122,-4.76792461539776,1.86133400675771e-06,5.46326684145642e-05,"NUPR1"
8.56753663356259,-0.204902087487315,0.263995923731095,-0.776156254958041,0.437656731553045,0.599548129049147,"CCDC101"
2.37530643117486,-0.614946393727462,0.458776053097534,-1.34040647844522,0.180113230663662,0.323471090624668,"SULT1A2"
14.4194748899677,-0.51560121887708,0.280877269691309,-1.83568153964092,0.0664047697479695,0.156807088380724,"SULT1A1"
2.39616215930875,-0.0928175731392927,0.433953104433718,-0.213888487467819,0.83063401816407,0.901077358631685,"EIF3C"
10.4663598495424,0.0301798447037937,0.26587983524879,0.113509340321178,0.90962675843628,0.947037349881891,"ATXN2L"
177.294779285308,-0.380256908060214,0.105709582623913,-3.59718484002599,0.000321679896337663,0.00284640458474693,"TUFM"
10.3776718319614,-0.265759313461445,0.223200597746808,-1.1906747389759,0.233781298427342,0.388740244562051,"SH2B1"
1.37151050270346,-0.281547145818053,0.479070060842726,-0.587695138625,0.556736939186892,0.701709164175211,"RP11-22P6.3"
6.03169053272963,-0.177194087559437,0.25136393790081,-0.704930424941699,0.480853535045234,0.637226283171597,"RABEP2"
24.0907630993982,0.556077565545833,0.162864635490335,3.41435428183445,0.000639333823005956,0.00479500367254467,"NFATC2IP"
11.2727456941212,-0.587806132228583,0.208585737749591,-2.81805524466993,0.00483154959668751,0.0225099221879135,"SPNS1"
1.16184153910864,0.864723250824268,0.600254797615818,1.44059365166077,0.149699514960734,0.283795078050737,"SNX29P2"
24.0213264409439,-0.149530559297799,0.211967700202964,-0.705440306021248,0.48053626827602,0.636961292991283,"RP11-345J4.5"
24.4254202994875,-0.202866165921482,0.222591261357956,-0.911384232623788,0.362092958422625,0.528538915116896,"QPRT"
384.775619047966,-0.640777650916617,0.563940786701501,-1.13624987946791,0.255852000505907,0.414771268173482,"ZG16"
29.675879438185,-0.416584604856259,0.170854840586788,-2.43823706384631,0.0147590914389879,0.0514719759240234,"KIF22"
64.8506062534958,0.162953816021968,0.185088134550544,0.880412007056391,0.378636154281057,0.544345861198343,"MAZ"
2.53628031299442,0.776190256834258,0.447005167483087,1.73642345390476,0.0824889881828244,0.183684726607643,"AC009133.14"
1.76563524573612,1.12620424646709,0.448591377193579,2.51053476219875,0.0120548452594054,0.044258153994977,"AC009133.12"
62.020740220881,-0.00856919459903153,0.160371753878919,-0.0534333159784565,0.957386660806706,0.975165929127821,"MVP"
11.4678065835294,-0.42666379069249,0.220384915551088,-1.93599362109511,0.0528684822360523,0.132415063903028,"CDIPT"
6.16195319914575,0.842593996037324,0.290986054292991,2.89565078328092,0.00378373204925081,0.0186778772976654,"SEZ6L2"
1.79830528852106,-0.684284261879854,0.473298600750023,-1.44577706503989,0.148239740911426,0.281694415800191,"ASPHD1"
2.73003147003856,0.130623166343004,0.414708215294961,0.314976076010691,0.752779818591569,0.850131074898309,"KCTD13"
93.6364463705348,-0.364181807590346,0.130593685462671,-2.78866322135034,0.0052926070286108,0.024079477306541,"TMEM219"
5.89674579303779,0.0338270846246735,0.294845472370895,0.114728180672625,0.908660576463009,0.94639434740465,"TAOK2"
9.83891647421542,-0.131236202267171,0.190914665026396,-0.687407655399471,0.491825874817679,0.645947920218823,"HIRIP3"
14.9011952435647,-0.0341638389711229,0.250969330620198,-0.1361275454921,0.891720452059395,0.937199662185719,"INO80E"
1.74946979514643,0.690794921119522,0.419197233201935,1.64789952415252,0.0993732910875433,0.210763051315452,"DOC2A"
329.435104319405,-0.0958441026422022,0.148343837412665,-0.646094265281688,0.518218309076942,0.669653427680845,"ALDOA"
62.676873798489,-0.818745591549945,0.161553122857716,-5.06796511925698,4.02091063386789e-07,1.78963481491005e-05,"PPP4C"
6.94950811301685,0.285516550412016,0.306446622677342,0.93170075727229,0.351491195015768,0.518077412848974,"YPEL3"
2.64205364891864,-0.403081869663966,0.407440791638833,-0.989301704531512,0.322515550347356,0.488687645336095,"GDPD3"
21.7160205444648,0.157980853039035,0.18325669075821,0.86207413429437,0.388646723917291,0.553970786421024,"MAPK3"
0.805177840053047,0.346448522966874,0.733631913518314,0.472237530269634,0.636757254224684,0.764869348620735,"CORO1A"
4.18528761711836,0.722502754799433,0.43623183570019,1.65623573446847,0.097674089233402,0.208478893292992,"BOLA2B"
2.14486387515943,-2.81210165526256,0.601264589100686,-4.67697866503104,2.91132533893858e-06,7.78743674405738e-05,"SLX1A"
2.99060562176189,-0.357761308889701,0.398541053067242,-0.897677431562714,0.369357544702277,0.535472291478671,"SULT1A3"
15.2427101121614,-0.311151550898545,0.168280858247107,-1.84900144995483,0.0644576033499004,0.153342732175229,"CD2BP2"
8.51894095959381,0.484108920242794,0.252703198721748,1.91572137864328,0.0554005697342385,0.137269036576279,"TBC1D10B"
3.01696963281943,0.355515242257352,0.362064646568688,0.981910953269243,0.3261437191308,0.492412177083343,"ZNF48"
7.56137800322812,-0.0998543267426445,0.286749504018173,-0.348228420078858,0.727668645758127,0.832494504081038,"SEPT1"
3.3339536566622,-0.626299784783573,0.355141908668078,-1.76351979165862,0.0778128622396848,0.176088285876844,"ZNF771"
114.663677456912,-0.541828901953799,0.163208579827485,-3.31985550347,0.000900640515509191,0.00628596143857957,"DCTPP1"
37.2060689418079,-0.120533068184777,0.133126126597712,-0.905405056582254,0.365250837879991,0.531505306093623,"SEPHS2"
10.3698672448184,-0.321527707575668,0.226101450046315,-1.42205062156747,0.155011555926591,0.291098996604319,"ZNF768"
3.27121738013195,0.139104379079191,0.305505548465201,0.455325213496197,0.64887528963008,0.77437204894315,"ZNF747"
1.86938648683711,0.0666552236226523,0.403328014546395,0.165263064351274,0.868736929404424,0.923771962531288,"AC002310.12"
2.31666928452936,-0.250076469507486,0.466572354968051,-0.535986469932644,0.591967901405645,0.732373138444442,"ZNF764"
9.49499005592043,-0.445266871892736,0.229721839421297,-1.93828707368193,0.0525882085632071,0.132046933572039,"ZNF688"
1.2166701911453,1.0731913071169,0.547866789260224,1.95885446636766,0.0501298328245292,0.12761603011589,"ZNF785"
2.62909819783046,0.611478936202571,0.356648902261017,1.71451231820995,0.0864346767176143,0.190495389479241,"ZNF689"
6.8314346296588,-0.0577085971606772,0.198962184228282,-0.290048068101546,0.771779464360114,0.862564679053465,"PRR14"
5.15517616987857,0.316385746927141,0.273081045946022,1.15857820095532,0.246628158746396,0.403386440195649,"FBRS"
14.2815929427652,0.0331699559076236,0.194008590831868,0.170971583090202,0.864246109977956,0.921704090578474,"SRCAP"
12.0448939177034,-0.00666689457920723,0.183591978717853,-0.0363136484816312,0.97103226720342,0.982705285791552,"PHKG2"
2.64327665306405,-0.506096123429657,0.434077449448908,-1.16591203729238,0.243650011645735,0.400126890438936,"C16orf93"
11.7689080134001,0.297834977275908,0.193576308630426,1.53859209002963,0.123903910822073,0.247534303077209,"RNF40"
3.56564624266579,0.0574909087872734,0.34107921381619,0.168555885138916,0.866145982519637,0.922748893498183,"ZNF629"
52.4247953064374,-0.102094089644035,0.124104058290406,-0.822649082152763,0.410707578518527,0.574630804265808,"BCL7C"
2.76555165689076,0.170444804113973,0.391604969388016,0.435246785505141,0.663383306354599,0.785671237259317,"MIR4519"
2.67313160855637,0.561359264128853,0.404752556384039,1.38691962601522,0.16546627256969,0.303872118126821,"FBXL19"
2.02127128363592,-0.285164722576014,0.444523272240825,-0.641506846511117,0.521193434099759,0.672148283377673,"ORAI3"
3.11574796636862,0.249039639548301,0.354410631207096,0.702686707506742,0.48225101328072,0.638263102458959,"SETD1A"
10.0539110015254,0.030696923446991,0.245578646658001,0.124998341121003,0.900524863633561,0.942226983303343,"HSD3B7"
15.8421089264021,-0.063084231941113,0.209398271881296,-0.301264338880859,0.763212931868865,0.857400686882784,"STX4"
2.12518426979685,-0.256633689026233,0.366869153716459,-0.699523757793429,0.48422477101977,0.640053677370338,"ZNF668"
1.79755767245327,0.120369970430205,0.436486675919195,0.275770091210043,0.782724657004761,0.869168790129259,"ZNF646"
32.7631833229602,-0.609004107656585,0.174546518296215,-3.48906476967401,0.000484713685384967,0.00389792136263514,"VKORC1"
12.8906143761788,-0.278128714001577,0.180085251517803,-1.54442805092277,0.122484668885798,0.245557228004387,"BCKDK"
10.5270630655498,0.395998299475166,0.205750456834339,1.92465331823785,0.0542727442548323,0.135339151000569,"KAT8"
41.1373501770207,0.0356940979365108,0.151771148162261,0.235183685230804,0.814066168204586,0.890936066381316,"PRSS8"
1.6561669779732,-0.317089293404311,0.414620883247616,-0.764769229472077,0.444408973737418,0.605632005871296,"PRSS36"
86.9917907221641,0.188726103369033,0.126708133127756,1.48945532311447,0.136367509686597,0.26518499619347,"FUS"
116.415126397971,-0.454648306357892,0.140998844335807,-3.22448250196354,0.00126200568723188,0.00815744046982867,"PYCARD"
2.56750653902854,-0.44345601009433,0.476504927213118,-0.930643073698989,0.352038225516393,0.51853182274624,"C16orf98"
2.70124088489893,-0.0496953815096765,0.342926258384307,-0.144915649632127,0.884777470248666,0.933425619477415,"ARMC5"
4.23259780757207,-0.0114497771077803,0.280844587178105,-0.0407690859305015,0.967479984713244,0.981121732560074,"TGFB1I1"
1.61922489502838,-0.993679774784051,0.584541404420921,-1.6999305220619,0.0891439949608459,0.194750308846266,"AC026471.6"
7.26981266589798,0.0946868321767362,0.242855506544735,0.389889583003111,0.696618197126985,0.810841403054641,"C16orf58"
3.60989460646183,0.215246434951988,0.301809103434826,0.713187350886083,0.475729832463666,0.632907752119982,"ZNF720"
1.68197427213906,1.06168723069002,0.492666869042149,2.15497996192472,0.0311634022986705,0.0897228390677524,"ZNF267"
3.98129840332892,0.365079704891983,0.312303755927664,1.16898915867199,0.242407999349104,0.398810918486785,"SHCBP1"
36.9959665540822,0.83912335700013,0.197658821046636,4.2453119600574,2.18289505581573e-05,0.000367538609397811,"VPS35"
19.49701926966,0.490200197291273,0.195387220723448,2.50886519331326,0.0121119697535115,0.0443778648863477,"ORC6"
6.61915891394373,-0.0574451242134886,0.24871489328107,-0.230967769785184,0.817339841070165,0.892181191478741,"C16orf87"
6.32273597121942,0.187030525726821,0.326865578693405,0.572194008541513,0.56719054610523,0.710882487284642,"GPT2"
19.7140815185966,0.378166531083495,0.204923351219558,1.84540477614151,0.0649786788961765,0.154249092226199,"DNAJA2"
5.15325964595845,0.275247292418791,0.381250819401776,0.721958559592563,0.470319956101298,0.628559527843969,"NETO2"
13.3045644392638,-0.072680275955854,0.219038987657928,-0.331814334667025,0.740029459463171,0.841189023421607,"ITFG1"
15.6452870424762,0.773195169664306,0.207929216466987,3.71854991233071,0.000200369704694083,0.00199052650582257,"PHKB"
14.2375881478071,0.637152850697097,0.229689805219705,2.77397096526614,0.00553766202956094,0.0249278910245927,"LONP2"
10.5203298735013,-0.0804810286190517,0.280228777139616,-0.287197587059213,0.773961033780792,0.864111938609993,"SIAH1"
6.64287471146587,0.867017714237932,0.270747085522588,3.20231596423075,0.00136327377878801,0.0086327424126168,"N4BP1"
1.78001001730005,1.25182937364371,0.499528333182169,2.50602276285134,0.0122097759112168,0.0446458472713181,"CNEP1R1"
3.19004794086535,1.25636600783259,0.406914537708553,3.08754269362685,0.00201818779298094,0.0116396810577658,"HEATR3"
7.55652914860894,0.602566508106586,0.330908579060621,1.82094556090731,0.0686151325392772,0.160352988891016,"PAPD5"
22.1480967433244,1.10131731677946,0.184265704056205,5.97678945423035,2.27578016008842e-09,3.16858622289234e-07,"BRD7"
5.32435301540168,0.679083518575871,0.289117848365418,2.34881216229021,0.0188334050559657,0.0616479670102629,"CYLD"
14.026407029705,1.16821974163433,0.320932617264482,3.64007794406136,0.000272555523136977,0.00250207352600809,"TOX3"
19.2543532333768,1.05679048357988,0.229687772667113,4.60098711963865,4.20493432504716e-06,0.000104021837744902,"CHD9"
0.890149019812582,1.08520415182542,0.576216743084279,1.8833263088065,0.0596561601666511,0.144936442820991,"RP11-44F14.8"
6.60372568729682,0.706000086136484,0.25741522457584,2.74265085641227,0.00609454482861019,0.0266882084027043,"RBL2"
4.23601084238772,0.0449367562614441,0.31482175566584,0.142737137611103,0.886497785436084,0.934060924598416,"AKTIP"
2.48477755011178,0.438236578091868,0.341497251865265,1.28327995525062,0.199394012666166,0.347411997040681,"RPGRIP1L"
3.44054503727838,0.22911248384162,0.367446619588777,0.623525899076247,0.532938988335621,0.683158334906143,"FTO"
3.65946384881257,0.929439690033156,0.386940958758277,2.40201940114016,0.0163048436554859,0.0552482377842674,"LPCAT2"
6.97382944615616,0.22398150777972,0.334157904210726,0.670286427336678,0.502675217652741,0.656530711209713,"AMFR"
31.536421563667,-0.170651717006708,0.151070984570804,-1.12961279422076,0.258639417501766,0.417479800729968,"NUDT21"
5.13006429341857,0.6532333223705,0.238476757808084,2.73919072187401,0.00615906328066302,0.0268732130285257,"OGFOD1"
4.07038064303651,-0.233673056931594,0.338182960075549,-0.690966383638585,0.489586666796878,0.644203464919988,"BBS2"
9.38695300181397,-0.167791610742722,0.35497116258256,-0.472690822324749,0.636433775264813,0.76456535391326,"MT3"
384.466174225697,0.132663030139846,0.218297832748729,0.607715745362195,0.543376018290411,0.691476864147394,"MT2A"
408.430018841598,0.0939567677182548,0.24393539089447,0.38517071005454,0.700110942408603,0.813350966469558,"MT1E"
73.4118260266528,-0.104870325455856,0.375431388819317,-0.279332865016054,0.779989387013289,0.867462878192754,"MT1M"
9.30630741415724,-0.56997555471851,0.42255689472802,-1.34887292534979,0.177377785944429,0.320040331509636,"MT1A"
67.0003380726343,-0.769963998045419,0.257329989937723,-2.99212695042564,0.00277041030397831,0.0147120264391081,"MT1F"
562.114513938339,-0.366631630671378,0.260254346848661,-1.4087435430409,0.158911014490041,0.296321019464603,"MT1G"
43.1525644729947,0.116854500212654,0.277079206217474,0.421736808791553,0.673217134142428,0.792991395966076,"MT1H"
141.755740546378,-0.317393091413546,0.299320383583828,-1.06037914161852,0.28897214757837,0.451285234785893,"MT1X"
9.36402049494221,-0.470306568244462,0.194741171350299,-2.41503409363025,0.0157337368890439,0.053884699657842,"NUP93"
55.9525063970371,0.425390138248194,0.32869046604246,1.29419676624646,0.195597463492447,0.343099795836661,"HERPUD1"
5.59778617097615,1.05719074638896,0.391010518686629,2.70373991456797,0.00685639319772814,0.0290660176429508,"NLRC5"
8.7272317742098,0.174484043364333,0.221916353157578,0.786260412455661,0.431714939788249,0.59369687806767,"CPNE2"
20.3465888863627,0.0346639184297687,0.137446554586951,0.252199253258398,0.800887055238192,0.881129917929973,"FAM192A"
8.40560438951677,0.515581736276746,0.258876478875182,1.9916129055716,0.0464135462741704,0.12018689633486,"RSPRY1"
9.15254014317715,0.392181647614918,0.237941030740162,1.64823043085491,0.0993053944820965,0.210759543497277,"ARL2BP"
2.15735652201058,0.932378143924362,0.613775955898444,1.51908548219284,0.128740980526043,0.254459908664997,"PLLP"
12.1015572532314,-0.117717494216824,0.206435319302056,-0.570239117098852,0.568515528302205,0.712284106756108,"CIAPIN1"
29.633085460509,-0.50492696755338,0.143258240944028,-3.52459282081132,0.000424134190535257,0.00356509079660441,"COQ9"
15.5726004315782,-0.106927900002048,0.171696831073571,-0.622771540589645,0.533434662691617,0.683471028413279,"POLR2C"
6.9013742080597,0.18622573530711,0.251869717165203,0.739373265683082,0.459680371455192,0.619420634466571,"DOK4"
13.0669513335647,-0.167298790531269,0.239582127470041,-0.698294118588579,0.484993276611515,0.64077472430864,"GPR56"
4.32106366188136,-0.432210020417372,0.285807182506289,-1.51224338250443,0.130471958408013,0.256922115740893,"KATNB1"
3.74968532157254,0.210071025062228,0.276903221133596,0.758644208623617,0.448065419558508,0.609238820133392,"USB1"
14.6455835636668,0.0822439578791079,0.237515470982439,0.346267792741757,0.729141470831053,0.83308536278014,"MMP15"
16.1268377159488,-0.569481251949839,0.173967759100663,-3.27348731106159,0.00106229160083971,0.00711989604933916,"C16orf80"
7.1135880240877,1.1090800010611,0.258187956547924,4.29563026831282,1.74197706994441e-05,0.000309621456294539,"CSNK2A2"
3.31271294618305,0.0413708816104148,0.299430102156994,0.138165405924097,0.890109694907223,0.936050284370334,"GINS3"
4.19789940755368,-0.0599427655008176,0.296866556760056,-0.20191821589815,0.839980661152273,0.907229237206731,"SETD6"
28.0884593858541,0.301539858542597,0.180038631976378,1.67486197396878,0.093961315956572,0.202587048851065,"CNOT1"
24.8953675993835,0.144532212939702,0.145466159027633,0.993579633268837,0.320427563675138,0.486555277057047,"GOT2"
3.66905770380013,0.632931952687151,0.331547389396779,1.9090240880458,0.0562589843456639,0.139173706148954,"TK2"
70.6946232773632,-0.500983318900216,0.134884458765064,-3.71416635754019,0.000203874651281298,0.0020159474855209,"CKLF"
21.0030620577503,0.229308022846433,0.205175665360287,1.11761802962242,0.263730165097569,0.423361977535655,"CMTM4"
26.8700421762404,0.887396017459797,0.159072444564665,5.57856528758542,2.42510454598798e-08,1.96470500849241e-06,"DYNC1LI2"
20.3537588056926,0.0113366878749344,0.181103620214711,0.0625977982190195,0.95008678274752,0.970917705903648,"NAE1"
1.25980307899547,-0.524280292015942,0.507425253111414,-1.03321679163813,0.301502456489545,0.464512581073741,"RP11-61A14.1"
5.59772675706874,0.266360697240753,0.509223196198215,0.523072592194076,0.60092373762912,0.738322410980003,"CA7"
2.44041729936252,0.159078427232524,0.370007270782539,0.429933246706435,0.66724420004927,0.788323761154816,"RP11-61A14.3"
2.04660490212118,0.172453457859458,0.790023780408127,0.218288945391452,0.827203987090203,0.898972810947624,"RRAD"
89.6529647667454,-0.322551572488341,0.129416653293798,-2.49234981958692,0.0126900983692022,0.046014847509027,"FAM96B"
98.1569776496882,-0.0447977111721544,0.128556489228905,-0.348467132548935,0.727489393275001,0.832494504081038,"CES2"
20.0948767504626,0.17048011164183,0.211643606632345,0.805505606120096,0.420527972589137,0.584080499098542,"CES3"
6.36117791536407,0.095318216988647,0.31947025891216,0.298363350983652,0.765425857578677,0.859006800192917,"CBFB"
3.22809772660659,0.297972654897664,0.393993058160559,0.7562890988202,0.449475882580865,0.610163510603524,"C16orf70"
10.1216844498704,-0.260390773639984,0.227652488862204,-1.14380815663999,0.252703206398244,0.410893370487338,"TRADD"
2.33030206013438,0.116128651377728,0.383499862684251,0.302812758692799,0.762032559625941,0.856340397096204,"FBXL8"
6.05989945057799,-0.43650629164391,0.294788209847636,-1.48074542014256,0.138674425650501,0.268545695892375,"NOL3"
3.21525955463815,0.30869374869197,0.300896026069504,1.025915007002,0.304931648263899,0.468461974840281,"KIAA0895L"
13.0667107550904,0.238591562584869,0.185589117570029,1.28559026363623,0.198586096489373,0.346671758218066,"E2F4"
14.1497533264189,-0.179895369694369,0.171798824500497,-1.04712805932993,0.295040519555274,0.457603547896354,"ELMO3"
49.0011812584259,-0.285265618212956,0.128847728648351,-2.21397475303191,0.026830515734718,0.0800902547812781,"TMEM208"
4.86604107213909,-0.129754024042243,0.279989400714716,-0.463424771477157,0.643059926164713,0.769461304335477,"FHOD1"
1.86139783231144,-0.841382807167378,0.454592265701088,-1.8508515666666,0.064190910144775,0.152981455482019,"PLEKHG4"
3.13058920420169,-0.072822657814139,0.497040545007988,-0.146512509986421,0.88351681494288,0.932626144022374,"TPPP3"
1.62798296814905,-0.14978812688594,0.466825702849177,-0.320865209374158,0.748312539894132,0.847057971987729,"ZDHHC1"
40.6345215954241,0.110485363091392,0.187909996280758,0.587969587984638,0.556552706057469,0.701585883666177,"HSD11B2"
31.9790542430546,0.429328053463262,0.143993932478757,2.98157044587,0.00286774060405648,0.0151036192822761,"ATP6V0D1"
12.4566102540467,0.873909499810298,0.25402203039635,3.44029019233781,0.000581090773868591,0.00446747422206285,"CTCF"
7.70671646531627,-0.146831664243169,0.245806812426475,-0.597345788726214,0.550276539672029,0.697465731947733,"ACD"
3.17339935013423,0.428903685593158,0.303664816053279,1.41242469630695,0.157824949006683,0.294599337609586,"PARD6A"
3.17255275484063,-0.141301316802602,0.372067054222943,-0.379773793994495,0.704113336840224,0.816167236427029,"ENKD1"
7.70331265842379,-0.0351245891316083,0.200155620683154,-0.175486399091487,0.860697456906045,0.91927364103065,"GFOD2"
3.48631666588883,0.0820794507218306,0.343381966074465,0.239032502667979,0.811080379655026,0.88879287936052,"RANBP10"
6.86089701931803,-0.431696903901859,0.238497863204869,-1.81006612847946,0.0702855328559846,0.163168210093201,"CENPT"
10.0974173575489,-0.0692015158145398,0.25253816129819,-0.274023994864002,0.784066181935166,0.869833016736077,"THAP11"
37.7964100933138,-0.479849203134399,0.151382104746205,-3.16978815916766,0.00152550111977283,0.00942910766120259,"NUTF2"
3.77529989433963,0.86876694712625,0.310150508146126,2.80111405368691,0.00509265166705067,0.0234208542693749,"PSKH1"
1.89167662662147,-0.739189260969595,0.521439372635755,-1.41759387526332,0.156309369330265,0.292625366475897,"CTC-479C5.12"
25.779190884694,-1.59533709517451,0.307082747534426,-5.19513749301614,2.04568592044036e-07,1.09008939206429e-05,"PSMB10"
5.32414742183163,-0.345951760546813,0.277026182872605,-1.24880528244474,0.21173630140981,0.361795098680954,"DUS2"
5.4307186146263,-0.547135315820698,0.280524877373632,-1.95039855624628,0.0511286338146226,0.129385701803551,"DDX28"
15.8559176709228,0.499853131721045,0.250632738749115,1.99436487912858,0.0461121937328456,0.119517523613056,"NFATC3"
2.6465475052706,0.948692077360614,0.447279603052784,2.1210269166883,0.0339195373534426,0.0956795261450354,"RP11-96D1.11"
5.6977084250803,0.696237182981654,0.278028390387377,2.5041945608921,0.0122730523411609,0.0448172391476248,"ESRP2"
1.58123255914769,0.0154630417100654,0.509393034042321,0.0303558169756611,0.975783281547627,0.985217833606281,"PLA2G15"
4.28788328154247,0.482200762076092,0.325451421005307,1.48163667740824,0.138436994343178,0.268277258844916,"SLC7A6"
5.7972177405003,0.72635403509463,0.259541746043768,2.79860194425963,0.0051324365146788,0.0235779443948443,"SLC7A6OS"
8.51707953355029,0.0934267075614833,0.216956804376735,0.430623541998952,0.666742120611839,0.787870540479396,"PRMT7"
4.9208638023789,0.583520272377504,0.325517523429834,1.79259250386649,0.0730381059126411,0.168442096031277,"SMPD3"
2.47020263090972,0.599293354361535,0.363095257326141,1.65051275738156,0.0988381062338784,0.210137398923242,"ZFP90"
39.0056189809097,0.80501819308913,0.244396305385938,3.29390492142623,0.0009880591400932,0.00676565085839354,"CDH1"
2.14399597414418,-0.733086021831758,0.427610929931869,-1.71437624840076,0.0864596477664068,0.190495389479241,"HAS3"
15.1385853866704,-0.0955919172081535,0.180774485157384,-0.528790980236674,0.596950455464735,0.735660897050897,"CHTF8"
8.08232574811029,-0.49211245507876,0.252776472194808,-1.94682855886802,0.0515552918654887,0.130049550049506,"CIRH1A"
7.95196144869773,0.979641739558208,0.225970747049889,4.33525910918871,1.45588529535163e-05,0.000270272039444764,"SNTB2"
14.4940707167017,0.0617223199877672,0.179660726953241,0.343549316728699,0.731185246375649,0.834105308025687,"VPS4A"
4.90935125003906,0.0902822190831048,0.293178249497368,0.307943100273936,0.758125629017761,0.85375632528633,"COG8"
11.1029089801919,0.0652138141924533,0.250120515514635,0.260729568937089,0.794301061806475,0.876651402843195,"NIP7"
4.29177376665952,-0.776269841744103,0.416921707144767,-1.86190795163985,0.0626160660368812,0.150112688114907,"TMED6"
4.97214147393935,0.958653175528338,0.332492318657042,2.8832340530464,0.00393614858904629,0.0192552133680373,"TERF2"
21.763413634706,0.125153327013759,0.169236623123374,0.739516806137889,0.459593238421216,0.619407119540134,"CYB5B"
5.70294829368817,0.793789220813375,0.305103425177981,2.60170537367885,0.00927615055044785,0.0363131880309564,"NFAT5"
36.5036590582944,-0.0528717783752813,0.25872071859693,-0.204358501561106,0.838073356782434,0.906070348895693,"NQO1"
16.2849576016543,-0.543794985992233,0.192805397708624,-2.82043445077217,0.00479586705035572,0.0223917094440512,"NOB1"
6.7119477578112,0.281804970671307,0.295335867092594,0.954184716693943,0.339990149452214,0.506556869673625,"WWP2"
2.28328441605171,1.07609284538935,0.377675941867385,2.84924912100226,0.00438225519281104,0.0209008745691383,"PDPR"
5.60175727343923,1.12826985324494,0.381759311907561,2.95544815294025,0.00312215168234048,0.0161306219173252,"EXOSC6"
10.2246459054973,-0.136777164441993,0.241494809175671,-0.566377243920371,0.571137360741952,0.714415081508592,"AARS"
5.97568013741074,-0.182063800765017,0.261154785410164,-0.697149012525547,0.485709543947076,0.641170327771586,"DDX19B"
6.13077878838789,0.074303416018763,0.261769334687078,0.283850727235053,0.776524777900653,0.866350841175375,"DDX19A"
4.05693727279129,-0.288907175046446,0.348445245198402,-0.829132206645395,0.407029601119322,0.571694447511101,"FUK"
8.41201142927887,-0.133361814154325,0.221410905976575,-0.602327214037209,0.546956349279773,0.694811785375873,"COG4"
17.3774897179188,0.0598023334957612,0.178831460785318,0.334406111951142,0.738073127957755,0.839580409513063,"SF3B3"
4.8298366132141,-0.0630932012353871,0.304952679849185,-0.206895054231332,0.836091819106246,0.904738656386392,"VAC14"
6.05170830234336,0.571603500155639,0.354304312898671,1.61331228366705,0.106676679167571,0.221512186569755,"CMTR2"
19.2457020574539,0.402591047172526,0.16336280620021,2.46439845480573,0.0137243445983766,0.0488516494062178,"MARVELD3"
3.38897993494647,0.362028765330413,0.372384685598378,0.972190262735096,0.330955903837455,0.496639645664608,"PHLPP2"
9.12774839693462,0.889468913546034,0.356536430100385,2.49474903110349,0.0126046244784423,0.0457813450956133,"AP1G1"
4.46039144713002,0.472089148450195,0.387500497054264,1.21829301391602,0.223112643910441,0.375601195608028,"ATXN1L"
19.5559723048933,0.592250548325075,0.25462152750609,2.32600343783151,0.0200183672829706,0.0645102280988311,"IST1"
1.29277945182197,-0.128042836686481,0.512739629114881,-0.249722918642967,0.802801633106154,0.882967969974968,"ZNF821"
5.7614598877592,-0.623246322944183,0.256617152856929,-2.42870095005559,0.0151530252544694,0.0523582100743039,"DHODH"
5.87586753857025,-0.30078127517552,0.363323843022935,-0.827859995845448,0.407749792645139,0.572483871768094,"TXNL4B"
6.28687918503234,0.11578219730811,0.266456897331252,0.434525052523494,0.663907206438967,0.785851116178642,"DHX38"
11.9539221078645,0.84495674229697,0.263256215111941,3.20963644462365,0.00132902952132979,0.00847022335777085,"ZFHX3"
52.127581282053,-0.210993687823826,0.127431510757106,-1.65574186926181,0.097774104398759,0.208642509711096,"PSMD7"
2.74926489173744,-0.101054656104494,0.532418226571355,-0.189803149218354,0.849463388037499,0.913278130964429,"NPIPB15"
3.62837368982234,0.454149865335587,0.318788650835631,1.42461114642927,0.154269636190058,0.29005682981718,"RP11-252A24.7"
10.8258200766442,0.566476222101987,0.193433298710491,2.92853518953748,0.00340563280232965,0.0172666537036881,"GLG1"
8.13045222508707,0.093975103898075,0.225986403077075,0.415844062379381,0.677524113928029,0.79586929699052,"RFWD3"
4.33619184414873,0.606486411006899,0.370383684439926,1.63745444652616,0.101535549757019,0.213779773237928,"MLKL"
5.48446917564239,0.149783934019255,0.278008450766302,0.538774751653741,0.590042287185844,0.731044905577693,"FA2H"
5.48925382225577,-0.13691012314702,0.301520975573042,-0.454065004555061,0.649782040362835,0.775198611264461,"WDR59"
5.9602275617707,0.622089313460423,0.336330610718797,1.84963632103218,0.0643659841854798,0.153226836647102,"ZNRF1"
4.85444170893969,-0.486671472586856,0.411429911836065,-1.18287819768625,0.236857423463856,0.392353816171062,"LDHD"
10.7582321824851,0.246527484690008,0.2168548446197,1.13683180618974,0.255608604288436,0.414500439386652,"BCAR1"
41.9468695677399,-0.0703310820125238,0.133743367151443,-0.525865943937879,0.598981352585784,0.736602591901439,"CFDP1"
21.8833936748964,0.241001172401639,0.210304504564996,1.14596295928201,0.251810478656457,0.409932813402656,"TMEM170A"
49.4156763967427,-0.338312677017271,0.15508692435912,-2.18143907628133,0.0291509560298429,0.0852394675509138,"GABARAPL2"
4.89583443156139,0.488198233278242,0.337504921323031,1.44649219147528,0.148039200586398,0.281375195204771,"ADAT1"
34.7733799277609,-0.405585858659819,0.132268908664311,-3.06637336586156,0.00216672567187464,0.0123197072233291,"KARS"
13.6255564742233,-0.218537382578306,0.17236869693337,-1.26784843458428,0.204852081727664,0.353981505120553,"TERF2IP"
7.13728829947182,0.89251193746971,0.272339803602488,3.27719975436435,0.00104842168570007,0.00706757262985896,"MON1B"
18.377903915681,-0.312220315410982,0.278394959640449,-1.12150132248881,0.262074528902145,0.421461481397497,"SYCE1L"
6.43788753802188,-0.261651933719141,0.231872364564535,-1.12843086846737,0.25913799742157,0.417914857736598,"NUDT7"
3.68108224587286,0.202998143938216,0.334731844923769,0.606450049544722,0.544215942017216,0.692302346293424,"WWOX"
26.0114381231407,0.0305439229873235,0.16692456457919,0.182980396350431,0.854813400366621,0.915982003906097,"CMC2"
17.4266828665651,-0.294165099731966,0.179264939443462,-1.64095165873047,0.100807450340362,0.21315594055614,"CENPN"
5.04928550814051,0.87618996780604,0.328808675399779,2.66474102832211,0.00770476308243686,0.0317066036662616,"ATMIN"
43.9330865962193,-0.0574861168222768,0.169498360441076,-0.339154412306313,0.734493409779897,0.836998785961142,"GCSH"
5.61039023946197,1.22777132686598,0.378161093386399,3.24668864232276,0.00116756043609497,0.00769357085879757,"GAN"
13.87226550779,0.161829104627348,0.332736692439233,0.486357856841721,0.62671346487009,0.756654611282843,"CMIP"
30.5480511860737,2.30668495038399,0.886599396133101,2.60172177022067,0.00927570710374564,0.0363131880309564,"7SK-ENSG00000260682"
2.15344881742541,0.03917294265083,0.357642538545221,0.109530993740771,0.91278134019679,0.948312146065848,"SDR42E1"
11.6126662098526,-0.978596043507876,0.305888909754808,-3.19918771913729,0.00137815401188123,0.00870160033083151,"HSD17B2"
19.3645006862163,-0.430463032504613,0.180829864863777,-2.38048639160843,0.0172897996371915,0.0577567591694554,"MPHOSPH6"
95.7993975892204,-0.157805255876871,0.0977083304901361,-1.61506449946764,0.10629672782115,0.221048475275596,"HSBP1"
5.86886222521108,-0.471738675626736,0.249611061682319,-1.88989491269871,0.0587720160815129,0.143233795124378,"MLYCD"
15.2223691288178,0.106958032992097,0.170043791772083,0.629002869657584,0.529347177513522,0.679747529698947,"MBTPS1"
1.70987333309828,-0.47827369745201,0.443014114346917,-1.07959020257644,0.28032470622102,0.441605099313061,"RP11-505K9.1"
1.65045369540506,0.370786813399566,0.428282795168266,0.86575229633936,0.386626014461093,0.552395542303312,"HSDL1"
3.74285027651887,-0.232472268249105,0.292401200067993,-0.795045533995921,0.42658701559629,0.589241467096995,"TAF1C"
1.12767081326795,-0.341174733123873,0.503245952732213,-0.677948290039044,0.49780448029848,0.651773073424571,"WFDC1"
29.0863687811531,0.206818809291858,0.183877659533577,1.12476311595696,0.260689428042236,0.419731236254809,"ATP2C2"
53.9905334085888,0.11255762149011,0.153187725206532,0.734769194714237,0.462480071123516,0.621754589304454,"COTL1"
9.79073764392585,0.422878351602797,0.299843438609749,1.41033051636384,0.158442111762722,0.295602435814315,"KLHL36"
14.0141851422901,0.295640416868418,0.208049925406112,1.4210070793889,0.155314701370513,0.291318588369395,"USP10"
11.3590393269715,-0.148282129574144,0.193944512768263,-0.76455955086144,0.444533863164774,0.605726192467936,"ZDHHC7"
1.75836514932119,-0.119971727315503,0.474480769143012,-0.252848450596198,0.800385325694004,0.880845625966446,"KIAA0513"
8.88787809356333,0.127326832411149,0.32502833088661,0.391740720151463,0.695249799540908,0.809782585050865,"GSE1"
57.2372391461726,-0.509485515186881,0.191955633521211,-2.65418370818788,0.00795005317340653,0.0323993497262939,"GINS2"
15.9836354298847,-0.137052346960003,0.164431464224012,-0.833492224902232,0.404567181018132,0.569709489867338,"EMC8"
1267.72373730026,-0.7245974403234,0.144483410498499,-5.01509092167315,5.30083927254558e-07,2.18886366919563e-05,"COX4I1"
6.65605990266668,0.563744267038028,0.319652981954899,1.76361335217442,0.0777970981653305,0.176088285876844,"IRF8"
2.66417995796923,-0.33835159982875,0.379432063580271,-0.891731701944505,0.372536757039001,0.538704254433428,"MTHFSD"
1.7888048153985,-0.294867598250732,0.422395221129757,-0.698084598263367,0.485124289435141,0.64077472430864,"RP11-178L8.7"
4.31523735372195,-0.096830985150378,0.304179015322654,-0.318335520442349,0.750230443187543,0.848786604127171,"FBXO31"
28.3422202584842,0.300694081048009,0.197181861887443,1.52495811820488,0.12726954428694,0.252585389429125,"MAP1LC3B"
5.45660833676923,-0.0137220999895066,0.334050784206097,-0.0410778858733064,0.967233804236937,0.981106219190682,"ZCCHC14"
8.87699628794146,-0.11091557324813,0.231605134337415,-0.478899457757884,0.632010156739871,0.760850271831836,"KLHDC4"
0.906564960629289,0.411405421822479,0.673212687703524,0.611107647459635,0.541128317342528,0.689747827220391,"SLC7A5"
5.39816917464297,0.407808413228634,0.297033189031652,1.37293887783421,0.169771349012385,0.30994305460522,"BANP"
5.24691553684865,2.94956673754493,0.49251292151521,5.98881086910497,2.11380795805279e-09,3.02052031900701e-07,"ZFPM1"
9.11574593210362,0.636966264122548,0.238513081275255,2.67057161274714,0.00757222172774326,0.0313512497000731,"ZC3H18"
493.564153434808,-0.390466892023916,0.362340518611703,-1.07762414625882,0.281201521990592,0.442458494467955,"CYBA"
13.3317010808936,0.194989553647112,0.223769782283752,0.87138465103324,0.383544163674718,0.549148268623261,"MVD"
1.58209151077437,0.400475696560886,0.419909407593101,0.953719276870676,0.340225759772597,0.506768859022137,"RNF166"
4.50690510124899,-0.20843369911886,0.307897092352289,-0.676958971994368,0.498431986012019,0.652165225071147,"CTU2"
9.79283448791386,-0.411567681150137,0.23021593526024,-1.78774627692429,0.0738169518937969,0.169686752764505,"PIEZO1"
34.4145589798199,-0.172155999814184,0.164225748009341,-1.04828872391187,0.294505603273806,0.457053424874657,"CDT1"
189.438070605284,-0.218841166334062,0.142700855225151,-1.53356590602613,0.125136481269054,0.249265954256472,"APRT"
3.33566415448441,0.0647502418292185,0.351182059710914,0.18437798867778,0.853716936279802,0.9155152660185,"GALNS"
53.1508685275068,-0.45484063188527,0.128991477696535,-3.52612932270864,0.000421681003414491,0.00355074925074451,"TRAPPC2L"
12.6687063587732,-0.295963595644936,0.204804943193941,-1.4450998644338,0.148429837068832,0.282006303458277,"ACSF3"
26.811426242532,0.850645482094749,0.192730339960236,4.4136563151928,1.01639269370216e-05,0.000205549807329711,"ANKRD11"
18.0799949214008,-0.268669204710021,0.16078185139422,-1.67101698593626,0.0947183227844343,0.20377198602198,"SPG7"
4725.41196517557,-0.435049960036364,0.121216229141008,-3.58904053623282,0.000331897235657872,0.00291830830913422,"RPL13"
6.80713111699776,1.4109220358692,1.03139684113021,1.36797203520918,0.171320829681121,0.311962476582323,"DPEP1"
19.1005729458059,0.159974455528932,0.147230154560095,1.08656039930757,0.277231134272465,0.438196683271912,"CHMP1A"
9.16670826028188,0.407560718636442,0.205262770918326,1.98555596230654,0.0470826503907671,0.121510832519898,"SPATA33"
19.8474770800871,-0.275782083113018,0.194318450553283,-1.4192274708232,0.155832709510393,0.291984683451151,"CDK10"
1.67957788309939,-0.0917226238755581,0.495262987178999,-0.185199835743848,0.853072297920779,0.915270218871731,"SPATA2L"
2.26415614934094,-0.100023901828465,0.436069344916105,-0.229376137063036,0.81857658163483,0.892902940594039,"VPS9D1"
4.36384878346096,0.19868094599103,0.289298921227609,0.686766978417853,0.492229581890973,0.646229842763052,"ZNF276"
10.626358297941,0.0343876012022398,0.193503869750911,0.177710147329382,0.858950615685179,0.918401465623811,"FANCA"
9.76651536052148,-0.0495159838169581,0.248150619571078,-0.199540037024873,0.841840327977724,0.908434524745082,"SPIRE2"
52.4258095274678,0.380021553853733,0.116643861360037,3.25796445198899,0.00112214462195758,0.00743572887010465,"TCF25"
6.32133297172421,-0.438894026543332,0.268006418672821,-1.63762505658168,0.101499932829896,0.213779773237928,"DEF8"
1.34231894622165,-0.136615649651631,0.448244938503988,-0.304779012357806,0.760534467218431,0.855453579905972,"CENPBD1"
1.79160377464024,-0.273387867161662,0.393880374394751,-0.69408857341968,0.487626664019491,0.642701302896482,"GAS8"
4.79242159577602,-0.254340202432702,0.314965749788714,-0.807517016067047,0.419368675013718,0.582791534609432,"RPH3AL"
2.22668143386824,0.0705107188911759,0.505240837554372,0.139558629568592,0.889008729465933,0.935695306638786,"C17orf97"
6.92311240948585,0.243891343043996,0.237888225586916,1.025235033984,0.30525230131631,0.468755655019108,"VPS53"
6.67969421168951,0.103568050262023,0.268794440593137,0.385305775050569,0.700010883358816,0.813321728177676,"FAM57A"
6.32442169129348,-0.251916370859213,0.235271277927407,-1.07074851243398,0.284282523308546,0.44601389816972,"GEMIN4"
36.2226501218776,-0.220203030535392,0.13526802505134,-1.62790157135669,0.103545758189255,0.217044380222991,"GLOD4"
8.94721182303555,-0.172208139494776,0.222746401737713,-0.773113002730137,0.439455506493043,0.600934448909025,"RNMTL1"
8.27901188375115,-0.153071951887035,0.221949250915507,-0.689670955209968,0.490401135033923,0.644920843602374,"TIMM22"
20.7800793667535,-0.50369696908809,0.208836848681405,-2.41191615497184,0.0158689303626054,0.0541971106084396,"ABR"
124.536313625347,0.426611358389295,0.188426023927156,2.26407875885669,0.0235692711586091,0.072531109317794,"YWHAE"
21.4653796842686,0.536731114086675,0.192328334502658,2.79070224090802,0.0052593831346583,0.0239785477927746,"CRK"
29.4054515295879,0.530340966660832,0.18694702322298,2.83685162522364,0.00455607793763692,0.0215313343789108,"MYO1C"
6.52208240450976,-0.465579194845966,0.290160315591245,-1.60455847967107,0.108591005042008,0.224286480554624,"INPP5K"
9.25170536303512,-0.102123389544846,0.192076438012272,-0.531680983892054,0.594946964651321,0.734385546273398,"PITPNA-AS1"
10.5622270475403,0.760533879771467,0.26916201062262,2.82556174258104,0.00471977909025969,0.0220744190009562,"PITPNA"
3.58786116249635,-0.201289349190379,0.369784658864807,-0.544342076840917,0.586206097143881,0.727981499712126,"SLC43A2"
9.67118621655524,-0.0666956479157647,0.236520302745126,-0.28198698860806,0.777953487214519,0.866579159043062,"RILP"
23.3848980289738,-0.128538313597809,0.179920409863072,-0.714417634417531,0.474968970805093,0.632050364286645,"PRPF8"
5.35746675579534,1.47123237393027,0.531885593360345,2.76606923048118,0.005673648846061,0.0253250417049825,"MIR22HG"
1.12877866592603,-0.277481778347786,0.523976951549705,-0.529568671917935,0.596411020012371,0.735336759170172,"WDR81"
3.30138893096055,0.256649754490424,0.311256717767579,0.824559727838771,0.409621593169239,0.574057060655685,"SMYD4"
19.5255281652928,-0.372110299004407,0.180761183506531,-2.05857414620747,0.039535051568342,0.106459375162954,"RPA1"
4.47295464808698,1.33566613079962,0.314588415001857,4.2457575266773,2.17856126289873e-05,0.00036737849868137,"SMG6"
2.28207344032259,-0.277486681670462,0.421642035724119,-0.658109624183728,0.510467692049121,0.662755423679116,"SRR"
8.69042649583896,0.571332740023353,0.211691270738647,2.69889607648828,0.00695698975389537,0.0293751589141927,"TSR1"
3.87741162376325,0.193589616576268,0.349658485580443,0.553653420579524,0.579816058772504,0.722856434194626,"SGSM2"
7.1789873387161,0.379590273941064,0.286470935677793,1.3250568440493,0.185152298351741,0.329902208383906,"MNT"
5.25214627487427,0.222064576180716,0.238447514493035,0.931293314811226,0.351701859133331,0.518247244258884,"METTL16"
16.8804317603651,0.552152090926647,0.184130896639637,2.998693326342,0.0027114007495599,0.0144648755671278,"PAFAH1B1"
23.6297765976413,-0.0814985146106366,0.24757684777093,-0.329184717167264,0.742016073738633,0.842239965748085,"CLUH"
1.35215346881549,-1.58421885521722,0.637175642550867,-2.48631421137658,0.0129073945915462,0.0465850133812536,"RP11-74E22.3"
3.23633652710987,0.0331082764854651,0.401262672958876,0.0825102326147796,0.934240981631428,0.962836390015256,"RAP1GAP2"
1.67680046245157,-0.214108410828148,0.421670421430535,-0.50776246079053,0.611619938872512,0.745993248584572,"SHPK-ENSG00000197417"
18.1806855543908,-0.553446325373014,0.222998348029771,-2.48184047219546,0.0130705776588844,0.046986585029952,"TAX1BP3"
41.9328834516511,-0.334140700060615,0.133747275587166,-2.49829911371053,0.0124790848686202,0.0454165086036243,"EMC6"
24.075561890004,-0.522242876687073,0.183618680548738,-2.84417072994082,0.00445271816475978,0.0211533330136882,"ITGAE"
1.65021215964956,0.539570702391131,0.428918651087518,1.2579791086796,0.208399311731706,0.358217240488498,"CTD-3195I5.1"
7.87886521403164,1.16123515472674,0.261103383542154,4.44741519230165,8.69097539509604e-06,0.00018046652541251,"C17orf85"
11.6056247661645,0.932899708487331,0.275959254625432,3.38057047499126,0.000723355221611998,0.00530922626748057,"ATP2A3"
7.40953464980136,0.397662061499473,0.259882227959194,1.5301625841145,0.125976490206023,0.250486781076981,"ZZEF1"
3.902099833766,0.364137901263166,0.289243417452112,1.25893237077194,0.208054760384074,0.357700602587348,"CYB5D2"
6.68546734456754,0.365587965253226,0.260155184642053,1.40526880429555,0.159941361088327,0.29748398127228,"ANKFY1"
13.7418884382861,0.2656401987778,0.248674546071449,1.06822432361644,0.285419335289675,0.447151468731372,"UBE2G1"
1.08039859073818,0.0515447547267321,0.525190689571162,0.0981448371996472,0.921817284424965,0.954240368778488,"RP13-580F15.2"
5.57386680609581,0.278803472813081,0.266515298613966,1.04610682487279,0.29551171456563,0.458105752813849,"MYBBP1A"
24.5910512097565,0.296551710025975,0.156845291075321,1.8907275315238,0.0586607253023691,0.143180913023904,"GGT6"
12.6228435024938,0.202110234748937,0.226077468454329,0.893986632682801,0.371329043281384,0.537469466884691,"PELP1"
5.19349838120367,-0.0555665860623351,0.258957699701943,-0.214577848530056,0.830096465962137,0.900764150714309,"ARRB2"
15.3600381248529,-0.238988255698143,0.195090906610237,-1.22500971393611,0.220571560547362,0.372709996506046,"MED11"
4.5700026072787,0.526574169592479,0.351459045861591,1.49825186118513,0.13406782600487,0.262054821888569,"CXCL16"
11.2195357193707,-0.540208181841046,0.238260167180362,-2.26730379750011,0.023371673652124,0.0721479180960963,"TM4SF5"
102.7540886435,-0.575155998035486,0.142743520789707,-4.02929670540227,5.59439720558738e-05,0.000759439420658487,"PSMB6"
11.9313713964561,0.258025656041633,0.227695905675805,1.13320287984893,0.257129065095864,0.415560981893176,"MINK1"
45.4225672712962,-0.321557653390917,0.147974032644949,-2.17306812312446,0.0297751904582033,0.0865752525772657,"SLC25A11"
27.7138253376617,-0.189946619497677,0.164757543537613,-1.15288572176553,0.248957293342494,0.406262390037488,"RNF167"
814.40256950763,-1.05052804505463,0.161589022117059,-6.50123400272577,7.96637990808592e-11,2.51419996053128e-08,"PFN1"
34.5608702842454,-0.667233380357052,0.191241442918175,-3.48895809493833,0.000484907160305716,0.00389792136263514,"SPAG7"
3.81521335012987,-0.0510876345392916,0.348842957257046,-0.146448805906801,0.883567101056127,0.932626144022374,"CAMTA2"
22.9683256166384,-0.0431750106514035,0.210915326096223,-0.204703050510926,0.837804136915954,0.906049883181364,"KIF1C"
2.46646806072241,-0.193015339216981,0.356248319796922,-0.541799998739668,0.587956292262532,0.729487642405016,"ZNF232"
6.6461280044876,1.01277094458901,0.30019069367494,3.37375863385587,0.000741493531518809,0.0054117068227784,"RABEP1"
8.05912027849656,0.296326746057796,0.244307112926053,1.21292721488419,0.225157649544409,0.377755611625564,"NUP88"
31.8268432569226,-0.475491185047968,0.158997400751562,-2.99055948588077,0.00278466885773107,0.0147663592748825,"RPAIN"
8.14003316577747,-1.10654835954319,0.305326036011632,-3.62415329526969,0.000289909626093653,0.00262368211614756,"CTC-524C5.2"
201.550839723314,-0.434851852743059,0.141446219422509,-3.07432644377811,0.00210978437376184,0.0120400726742268,"C1QBP"
6.13188414995982,0.442721363129371,0.299884820547314,1.47630467698021,0.139862119165468,0.27002713140213,"DHX33"
16.7785539565752,0.108977596518873,0.18341122024411,0.594170827574397,0.552397862335855,0.698537585580739,"DERL2"
7.3994216464629,0.848780197721026,0.279855293026264,3.0329252970083,0.00242195547539317,0.0133650591782367,"MIS12"
2.69293420323914,0.319182335968974,0.375273340976875,0.850532934575394,0.395028857844864,0.560664085281961,"WSCD1"
4.16967322806185,-0.375087987830711,0.364425653760318,-1.0292579129937,0.30335849478031,0.466837643944192,"FAM64A"
3.47361889801381,0.573153312551264,0.309937177033884,1.84925641394935,0.0644207962010838,0.153322342043342,"PITPNM3"
1.87741060094199,1.07146450349001,0.422648638023511,2.53511878921612,0.0112409200624974,0.0420953075443869,"KIAA0753"
152.599461894463,-0.0451058211661322,0.124763385041575,-0.361530918314709,0.717702596247233,0.825837062433243,"TXNDC17"
9.8064806509151,0.667917067323702,0.257163589357586,2.59724585814115,0.00939746332140313,0.0366582082149562,"MED31"
3.50918453486586,1.23195387130794,0.431297198344847,2.85639201004715,0.00428485737216925,0.0205718616541813,"XAF1"
1.64368633239566,-0.366329427886558,0.470292421562643,-0.778939678996641,0.436015248822096,0.598045074198494,"AC027763.2"
3.40169860430731,1.28201723742764,0.477306676898796,2.68594029682822,0.0072326011199302,0.0301701701504563,"RNASEK"
1.60940260629594,-1.54678864038131,0.514470790718368,-3.00656260430548,0.00264219640990377,0.0142050757482945,"C17orf49"
95.6008985657714,-0.6044308189505,0.141491915595809,-4.2718399592323,1.93866695194718e-05,0.000336480662762394,"ACADVL"
6.25134526634519,0.134092684757164,0.242107920323686,0.553855010517167,0.579678076888248,0.722767384042063,"DVL2"
5.80796127505893,-0.304413400989657,0.259847163312666,-1.17150942542084,0.241394071456294,0.397477563743243,"PHF23"
13.7609710505718,-0.905243668973398,0.310121529555468,-2.91899653104054,0.00351160131466929,0.0176525845379679,"GABARAP"
38.4101804563897,0.221210402619599,0.227208160235123,0.973602367057075,0.3302540105917,0.495950329042843,"CTDNEP1"
27.7176682693082,-0.506071329363169,0.348518833428936,-1.45206307614466,0.1464840675293,0.279371677606767,"ELP5"
300.237494052009,-0.235149906441927,0.14068327451157,-1.67148445512325,0.0946260266172858,0.20361376046438,"CLDN7"
14.2586373532341,-0.0878904072827672,0.230930042330633,-0.380593215138854,0.703505116605639,0.81572342156067,"YBX2"
157.361592964162,0.185251036669062,0.220843226405049,0.838835040062732,0.401561884683206,0.566505854463447,"EIF5A"
5.89589620324603,1.14377027957739,0.260052668637024,4.39822550397988,1.09139548768211e-05,0.000216287499931164,"GPS2"
1.87714231532189,0.185128036956737,0.443613508797015,0.417318303625975,0.676445602179865,0.795215332287653,"NEURL4"
1.24542657270132,-0.0867731365885683,0.514072202116625,-0.168795620987268,0.865957402848616,0.922713637650703,"KCTD11"
2.40667768241651,0.344179328898897,0.394886293489008,0.871590973335409,0.383431556811811,0.549113595954059,"TNK1"
61.0359136353311,-0.380437494011779,0.154998473355699,-2.45445961999078,0.01410965101427,0.049870405506329,"TMEM256"
4.6104640990797,0.687951188219728,0.305788804808305,2.24975923710155,0.0244642329114844,0.0745249844091781,"TMEM102"
1.42715521068507,-0.624006300640716,0.448023223283667,-1.39279900730866,0.163680578697876,0.301948545041437,"CHRNB1"
2.90589939526082,-0.231552729768799,0.36102528811886,-0.641375375601293,0.521278827678411,0.672178588053615,"ZBTB4"
13.9206042632291,0.820398527519314,0.261882073786372,3.13270211915515,0.00173205127508704,0.0103808371122766,"POLR2A"
1.35854531939791,0.041013917192316,0.457740962421022,0.0896007142891271,0.928604516770932,0.958616449822464,"TNFSF12"
304.17740495701,-0.253671852629398,0.133394539159977,-1.90166594694837,0.0572148404419946,0.140823964810666,"EIF4A1"
5.77643358863942,0.129812532615408,0.354306004244514,0.366385359153613,0.714077543079916,0.823351496224456,"CD68"
3.6590073226564,-0.901051265377028,0.352215276962937,-2.55824015683409,0.0105203410042236,0.0400429703697975,"AC113189.5"
24.8477791513612,-0.0365584150925307,0.133488623748433,-0.273869143796307,0.784185184980811,0.869833016736077,"MPDU1"
3.53901234103821,-0.0469572293399182,0.297628587939728,-0.157771233149913,0.874637067335932,0.927730183108648,"FXR2"
27.38950445687,-0.491195258046196,0.151804533071727,-3.2357087638095,0.00121341118482656,0.00790026706667655,"SAT2"
29.2576463898983,0.605523043599216,0.279784492048358,2.1642480580895,0.0304453167675276,0.0881461317236336,"TP53"
4.91873381428834,0.230297201753937,0.294705578018445,0.781448397761658,0.434538815374699,0.596450269740239,"WRAP53"
16.9805444469718,0.494669896008924,0.415312550328345,1.19107861204252,0.233622725331562,0.388655452987249,"KDM6B"
154.8796042137,-0.118118849036805,0.128494952746314,-0.919248939450608,0.357965378487331,0.524482122313075,"LSMD1"
3.06689408034673,0.947556458209931,0.391281500392252,2.42167456744064,0.0154491788266765,0.0531953335630015,"CYB5D1"
14.8583089812724,0.42028886477853,0.233865676251671,1.79713787638611,0.0723137339650958,0.167087377812252,"CHD3"
1.15557653985124,0.279835769730571,0.518075161022267,0.540145119442513,0.589096956760714,0.730221591233972,"AC025335.1"
70.514073294339,-0.556775814627088,0.157812761840126,-3.52807851617942,0.000418587975896746,0.00353838946715684,"TRAPPC1"
5.0812827377776,-0.0286709658368943,0.307267007960094,-0.0933096137695914,0.925657594722953,0.956579317404704,"CNTROB"
3.13244385917947,0.409715726966858,0.556792877176508,0.735849440180562,0.461822329419752,0.621317634415476,"PER1"
30.5962751738667,-0.213124755018495,0.205900121020355,-1.03508805124707,0.300627792226926,0.46375253175915,"VAMP2"
12.126161830291,0.21498097261938,0.208037840586658,1.03337437080266,0.30142873556071,0.464512581073741,"TMEM107"
3.75434187348938,0.270957306456121,0.297989243890592,0.909285526277601,0.363199428623122,0.52958455892147,"C17orf59"
17.2961496313729,-0.111921690000083,0.247817306129599,-0.451629838723014,0.651535670344832,0.776454858825157,"AURKB"
1.27355928392485,0.0303865646757973,0.50420482858337,0.0602663103429064,0.951943533606673,0.9719006087213,"CTC1"
3.0235813969719,0.323482754533967,0.309429306129123,1.04541731544646,0.295830137303372,0.458369994452078,"PFAS"
2.58899044002954,0.0655600223018174,0.373289310930447,0.175627912137117,0.860586272471245,0.91927364103065,"SLC25A35"
15.0573902207027,-0.848193584135909,0.206975545755535,-4.09803767415952,4.16667475585659e-05,0.000603334504648034,"RANGRF"
2133.96639651542,-0.378512460459919,0.15139905902942,-2.50009784001608,0.0124159011326009,0.0452320316336953,"RPL26"
5.12642707712154,0.372168119031893,0.351684166209077,1.05824530869166,0.289943619739717,0.452347034962409,"NDEL1"
0.971610934878024,0.495983573230435,0.622581410320158,0.796656573756962,0.425650511195023,0.588411984671327,"MYH10"
2.19532774935456,0.104641278551747,0.38718401606128,0.270262392585921,0.786958395495931,0.871544786364043,"MFSD6L"
21.025373040628,-0.639658248748784,0.170003077144502,-3.76262747411964,0.000168137558519242,0.0017390227481133,"STX8"
3.66690493764362,0.606664456375981,0.422723290951834,1.43513373727284,0.151248991381916,0.285961707243664,"USP43"
1.69206394636547,0.765597151810284,0.42015141238996,1.82219345034523,0.0684256380356594,0.160116877627076,"CTC-297N7.8"
18.2982190512883,0.129991781468149,0.163277253019419,0.796141404049031,0.425949850983626,0.588629174966316,"SCO1"
1.79254168529949,-0.116724468359131,0.43791321068854,-0.266547036056763,0.789817939611635,0.873464646047083,"ADPRM"
6.47081513603176,0.165710383380758,0.253123413697767,0.654662407400285,0.512685133963587,0.664648508397344,"TMEM220"
17.8418796661292,-0.114001273462892,0.173849093313063,-0.655748449936416,0.511985989627813,0.663979919674953,"LINC00675"
1.092634859609,0.0523295254438178,0.468690384006598,0.111650520747789,0.911100512651592,0.947753981551369,"ZNF18"
3.88475780501689,0.77117775209771,0.334993396734271,2.30206851721748,0.0213313085252781,0.067499420333485,"MAP2K4"
12.9666075178047,-0.206289784522703,0.211359409037436,-0.976014199993174,0.329057427521873,0.494953415912402,"ARHGAP44"
10.1550672727769,-0.252167906032692,0.191935668187353,-1.31381471934932,0.188908562984325,0.334509537585157,"ELAC2"
7.75705611087345,0.451347732608186,0.246986772903182,1.82741661548456,0.0676371529925755,0.158824308721516,"COX10"
4.14817278073794,0.0105757320589292,0.297835812473779,0.0355085977441356,0.971674190691654,0.983092262870877,"TRIM16"
2.97673545854465,-0.109593029127829,0.316185420545251,-0.346610001621327,0.728884331007382,0.832925537808208,"ADORA2B"
14.3288022566157,-0.0582538953905866,0.221337510739503,-0.263190343091673,0.792403873596617,0.875254888858753,"ZSWIM7"
24.6482607386461,0.249839801645909,0.195714711948515,1.27655095091488,0.201760827871908,0.350243380864597,"TTC19"
40.5453828802216,0.392072338149677,0.129937451472681,3.01739285868717,0.00254959151530574,0.0139068628107586,"NCOR1"
6.16066052694407,-0.183885050130226,0.318082301067597,-0.57810525613353,0.56319305863684,0.707410581847671,"PIGL"
44.4008230569238,-0.67887832964871,0.151539739706479,-4.47986997314135,7.4688524152235e-06,0.000161577165795473,"CENPV"
453.942042532552,-0.516138758169875,0.140562700354721,-3.67194680286704,0.000240709795118701,0.00228306408295991,"UBB"
24.6589943418867,1.51533378502176,0.380184479868841,3.9857854943067,6.72572531677526e-05,0.000871615476613118,"FAM211A"
10.711124910685,0.31129327595214,0.223191072439456,1.39473892279712,0.163094582958042,0.301225709340874,"MPRIP"
2.63750210951763,0.0264582370846784,0.385421506482275,0.068647536890615,0.94527017912028,0.968273358351843,"FLCN"
25.0306567721461,-0.0188231600006097,0.141744239282633,-0.132796649062238,0.894354204549372,0.938605205006395,"COPS3"
1.31332811998574,-0.10962002051539,0.4454347629546,-0.246096689419284,0.805607385748512,0.884709900822008,"NT5M"
3.04072594245536,-0.0158609228499123,0.342664336000856,-0.0462870546582726,0.96308145713721,0.97885490168555,"MED9"
13.2470620785582,0.0213821931260198,0.361598670178369,0.059132388721099,0.952846661299643,0.971963746868155,"RASD1"
12.7363422941747,-0.539888227655701,0.204734387400962,-2.63701781859613,0.00836384380829687,0.0336412384289274,"PEMT"
2.56604340160843,-0.0846607076552821,0.387802802357961,-0.218308653626325,0.827188632445317,0.898972810947624,"RAI1"
3.99589250719964,-0.996271315361921,0.85061693743464,-1.17123380868309,0.241504809138958,0.397565897718521,"SMCR5"
12.9670336375865,0.00891854856935023,0.210625868099375,0.042343082783841,0.966225200970652,0.980836885712338,"SREBF1"
4.21774825938665,-0.0381900604694027,0.322065789210652,-0.118578444991014,0.905609343251796,0.944349250384542,"TOM1L2"
10.5581697393129,-0.724426265274947,0.206560595193321,-3.50708839019831,0.000453038636160744,0.00374144455414881,"ATPAF2"
2.50326508193468,0.158762965706314,0.415110959774367,0.382459103928765,0.702120857685486,0.814709625126902,"GID4"
11.0856942263827,0.11359024584821,0.230081006290786,0.493696753501896,0.621520358361222,0.752140750145183,"DRG2"
12.5488653136219,0.184429105895481,0.183469826056995,1.00522854280239,0.314786814166017,0.48027322307431,"ALKBH5"
13.4160636028037,0.0582838650400474,0.191607523683074,0.304183593210312,0.760988023700672,0.855547336390749,"FLII"
2.25914579649833,-0.12411083313259,0.392229488325159,-0.316424024268419,0.751680684294173,0.849521398301149,"MIEF2"
4.5942840467264,0.388442373164191,0.307812169467349,1.26194612070201,0.206968174622542,0.356547331281854,"TOP3A"
26.5039936174965,-0.542884721418066,0.19635005721315,-2.76488191102858,0.00569434059370104,0.0253652743427372,"SHMT1"
1.24930393901597,-0.220200839016334,0.487059762223336,-0.452102300570178,0.651195286422316,0.776240697349846,"TRIM16L"
2.51630578405794,-0.624620255774999,0.421045575883844,-1.48349796685031,0.13794215623103,0.26746149199589,"TVP23B"
8.21832104619609,-0.162588179147747,0.215663985171985,-0.753895830210539,0.4509117746119,0.611577603632476,"PRPSAP2"
5.14197703661015,0.460719786240888,0.335901915180908,1.37159023339523,0.170191035912215,0.310217296073625,"FAM83G"
3.31825223372112,-0.801406519359249,0.576797825745518,-1.38940627649458,0.164709242790237,0.302971269766594,"SNORD3B-2"
4.12643500540798,0.850005564294517,0.306347270159851,2.77464709853947,0.00552616367803894,0.0249040574363027,"EPN2"
6.57376619492542,-0.919205956500507,0.285172566550973,-3.22333234089754,0.00126708449683018,0.00817619586189883,"B9D1"
2.62282082695811,0.24564917359329,0.35470895178921,0.692537282620571,0.488599981018069,0.643643351996147,"MAPK7"
19.161297713242,-0.0396812377528509,0.173628153321115,-0.228541495108013,0.819225301113255,0.893431087576818,"ALDH3A2"
6.60639314457761,-0.840087724572588,0.337748647132039,-2.48731632741127,0.0128710896867586,0.0465153163356897,"ALDH3A1"
2.40575962103736,0.432716883614954,0.390826942028178,1.10718283997871,0.268214885150906,0.427977321883461,"ULK2"
3.6380459829157,0.665597502102192,0.355172927264922,1.87400967530874,0.0609290915719005,0.147369695873238,"AKAP10"
10.0682567069345,0.750138183168774,0.196477739472509,3.81792963000643,0.000134576296707595,0.00147424780632577,"SPECC1"
3.33094858209178,-0.979753138493682,0.485900997325468,-2.01636371171599,0.0437619571872456,0.115269005250275,"LGALS9B"
23.1415889912754,0.123795193442247,0.200858200300524,0.616331288725207,0.537675892403355,0.687040850864859,"USP22"
16.7147779204081,-0.480266343930172,0.179903287036665,-2.66958070550591,0.00759460192415628,0.0313960323168395,"DHRS7B"
25.1101912266041,-0.545148842672835,0.148798580975053,-3.66366963381347,0.000248627425123969,0.00234383145559575,"TMEM11"
14.0653442646061,0.20723425983176,0.253551569490342,0.817325880681066,0.413742220421602,0.577345953668108,"MAP2K3"
1.50362972714481,-0.483063444262115,0.565443057956674,-0.85430962050847,0.39293345807633,0.558395361778192,"KCNJ12"
2.36655739629272,-1.36114636725728,0.455107571569,-2.99082338394125,0.00278226360752237,0.0147608122998012,"UBBP4"
50.9765382433292,-0.7824719052063,0.745458017858563,-1.04965254442371,0.293877889555698,0.45670806811918,"MTRNR2L1"
26.4686472753151,0.562857153403953,0.28912663647533,1.9467495636708,0.0515647663455962,0.130049550049506,"WSB1"
57.1616022695261,0.0500988371492887,0.187763144161456,0.266819334396153,0.789608267070651,0.873464646047083,"LGALS9"
7.16529032061863,0.267976536565494,0.384736683678713,0.696519328500728,0.48610365701948,0.641522143058883,"NOS2"
2.94928071712489,0.37488321212844,0.42148529551929,0.889433667351468,0.373770057744454,0.539995054823037,"LYRM9"
3.08080385026221,1.0257295428472,0.443949963802469,2.31046204860957,0.0208625873121577,0.0664421402375462,"NLK"
28.8106695156937,0.239534105139386,0.196745014045354,1.21748500871371,0.223419736819007,0.376001602642866,"TMEM97"
17.8517607464236,-0.219591436112992,0.145454368192276,-1.50969296310657,0.131121787686462,0.257934467098266,"IFT20"
3.63499612873984,0.233610974343162,0.350844628073619,0.665853074695339,0.505505016695616,0.659047904444357,"TNFAIP1"
29.4133223265039,-0.272400679197034,0.138372774335713,-1.9686002575633,0.0489990129816444,0.125413452976823,"POLDIP2"
7.94700117613337,-0.244322747918385,0.216080573821643,-1.13070205061587,0.258180517971668,0.416989950204091,"TMEM199"
1.7639931409584,0.279782771272295,0.431279363254681,0.648727472515481,0.516514543840774,0.668097659136589,"SARM1"
2.1465357157215,-0.0223115359541849,0.543985897050297,-0.0410149161497876,0.967284004500427,0.981106219190682,"SLC13A2"
4.12659109682308,0.248929493182535,0.280032031283257,0.8889322126537,0.374039512034198,0.54015448967264,"UNC119"
10.4119717115131,-0.116116514841085,0.177601946128716,-0.653802040868008,0.51323935147354,0.665128801551628,"PIGS"
1.00691776294477,0.331503548482289,0.539939685115552,0.613964036392961,0.539239092568473,0.688309419992197,"ALDOC"
6.06165998565569,-0.255385324996576,0.337761509661717,-0.756111391296052,0.449582412760046,0.61023184634097,"SPAG5"
7.85464455108967,0.633777208087053,0.298534507442625,2.12296130693989,0.0337570943603393,0.0952708016510615,"KIAA0100"
17.7601762164913,-0.500436184608421,0.178568652450409,-2.80248620203594,0.00507103855575323,0.0233452643982535,"SDF2"
9.87817050959435,0.716830246835302,0.263163482120986,2.72389710402809,0.00645166033675522,0.027803583832207,"SUPT6H"
1657.8668527705,-0.415037324351226,0.174488134484178,-2.37859912697307,0.0173785636444767,0.0578781437164681,"RPL23A"
7.90364320194315,-0.484380296652399,0.240863121354486,-2.01101893028913,0.0443234572270479,0.116268779102836,"TLCD1"
3.10991754760759,0.151836324949443,0.316738146643197,0.479374923919364,0.631671929447658,0.760742682021472,"NEK8"
18.8692142828734,-0.122614798923235,0.186577069322754,-0.657180431487681,0.511064906507715,0.663181369897692,"TRAF4"
6.31829158641589,1.02424298169122,0.259284732834658,3.95026336681522,7.80652452692064e-05,0.000980102385692002,"FAM222B"
13.529892533123,-0.640534120829691,0.177152624620583,-3.61571905695191,0.000299515072334529,0.00269266033572267,"ERAL1"
12.0389606133837,-0.0183417335716731,0.214712397433748,-0.0854246601076338,0.931923788884729,0.960764414969448,"FLOT2"
5.10491038357334,-0.599038491598673,0.282612778308645,-2.11964404151767,0.0340360753909215,0.0959335008423067,"DHRS13"
4.81333380900698,0.427875664049519,0.293465428502927,1.45801045878646,0.144837660217631,0.277511818977324,"PHF12"
19.1308699241312,1.66610212463924,0.354906809674034,4.69447775930104,2.67288687802527e-06,7.29335464707399e-05,"NUFIP2"
10.7186675106179,1.30637018805095,0.334074899223262,3.91041108173142,9.21391750184806e-05,0.00110338818715091,"TAOK1"
3.1031204309795,-0.137959262463572,0.316789828861878,-0.435491451727519,0.663205742474037,0.785603660914926,"ABHD15"
14.6037322524462,-0.443675834297788,0.181294488473085,-2.44726598163328,0.0143944568191133,0.0506066044207091,"TP53I13"
7.32987048365111,0.329212507219637,0.293253856094875,1.12261953381826,0.261599115607817,0.420883910444576,"GIT1"
9.78137543159657,0.100351544810945,0.206009580721155,0.48712076622677,0.626172750964949,0.756169918323067,"SSH2"
23.2708599411608,0.716557885761395,0.185361335706295,3.86573544601978,0.000110754943499406,0.00125894665633569,"NSRP1"
5.59047584627668,0.152156076218974,0.265923719913426,0.572179406442231,0.567200437598658,0.710882487284642,"BLMH"
0.71195069675656,1.19815910776273,0.888813627185405,1.34804313425856,0.177644509597068,0.320386088080024,"TMIGD1"
10.2705934715282,1.02046069066782,0.343545561359216,2.97037949385938,0.00297432072453986,0.015521923627344,"CPD"
13.8890468161516,0.559084720289329,0.175155675780294,3.19193036593696,0.00141325399093587,0.0088665155063914,"GOSR1"
1.92277743202629,-0.022712578383069,0.440960787099095,-0.0515070252220974,0.958921503966203,0.97590874190008,"CRLF3"
12.0319583598215,1.32922971602928,0.201086998766996,6.61022206398079,3.83743947045914e-11,1.51664186131143e-08,"ATAD5"
4.72169083893221,0.282666603333117,0.285824423055709,0.988951889804125,0.322686680843501,0.488687645336095,"TEFM"
6.79795659175672,-0.449103675286397,0.210553748225839,-2.13296452364595,0.0329276365356712,0.0936460295961037,"RNF135"
8.33429913580375,0.917386393009616,0.276516153172596,3.31765932110665,0.00090775128967284,0.00631934551656862,"NF1"
7.29824556471772,0.423949602901197,0.226042258463687,1.87553250344693,0.0607195022357881,0.147092079919844,"RAB11FIP4"
21.7543661768867,-0.0350309601628503,0.179293728066376,-0.195383076366628,0.845093064401022,0.91021627287465,"COPRS"
12.0316869954976,0.350773008525894,0.192195843602269,1.82508113573874,0.0679887864461011,0.15940376096819,"UTP6"
21.9062839080602,1.27750345460828,0.292953117837529,4.36077780649113,1.29600921178332e-05,0.000245792867582358,"SUZ12"
3.73351585270588,-0.20774923260721,0.325249039200628,-0.638738958669334,0.522992763987642,0.673988538851998,"LRRC37B"
4.57630292949466,0.281546076161196,0.311900528767477,0.90267906012782,0.366696253059525,0.532965913841869,"RHOT1"
4.08084859067943,-0.0928697870876652,0.327302996539877,-0.283742550692934,0.776607683526472,0.866354334165125,"C17orf75"
34.7321069567772,0.365342196899697,0.145199162683034,2.51614534236145,0.0118646243798781,0.0437520613804673,"ZNF207"
23.5799432316961,0.287253101608034,0.171495543188478,1.67498872721337,0.0939364434404419,0.202587048851065,"PSMD11"
32.5263569323687,0.225206553379681,0.163162969445219,1.38025530024012,0.167508052607125,0.306830567796063,"MYO1D"
59.919957774872,-0.750851627017064,0.171442269534551,-4.3796178681929,1.18887603127242e-05,0.000230557030350329,"TMEM98"
0.436747313500073,0.214814211726666,0.775441445499676,0.27702183443167,0.781763340543385,0.868625933937094,"CCT6B"
6.84549500874616,0.14899756806132,0.279748952178777,0.53261171096756,0.594302393743475,0.733923583813297,"ZNF830"
2.44915407642572,0.599778231690484,0.38261329123542,1.56758336793231,0.116978396138857,0.237100668545724,"LIG3"
6.69902083430433,0.63039422560406,0.290850495134805,2.16741671803543,0.0302030936505635,0.0876287506790334,"RFFL"
2.06875078936811,-0.259275119697604,0.361070262798262,-0.718073866532916,0.472711742766166,0.630607023534024,"RAD51D"
4.68312419859094,-0.0208655719913661,0.241608940302142,-0.0863609267325657,0.931179506794334,0.960322325850292,"NLE1"
0.702041418154622,2.86742800232515,0.816266731846102,3.51285663185128,0.00044331661631255,0.0036800145213306,"SLFN5"
3.86998012759372,0.973992458037674,0.399984931120113,2.43507287964603,0.0148887905874812,0.0517084316533565,"SLFN13"
13.9250318358568,-0.560961793626295,0.181279350952283,-3.09446051455664,0.00197171177901439,0.0114323491297898,"RP11-1094M14.11"
33.4504784190514,1.1895130414928,0.209253748956675,5.68454829327373,1.31158857155654e-08,1.2242807048594e-06,"AP2B1"
6.70595313104233,-0.0973891706616455,0.332221350988906,-0.293145429611168,0.76941099342284,0.861689531666705,"MMP28"
35.5807219168073,0.261537275521962,0.162137429994211,1.61305921483583,0.106731643585696,0.221583951317273,"TAF15"
1.98722765639961,1.43663700451445,0.631939335227891,2.27337803556154,0.023003408598292,0.0712744700078319,"CCL5"
1.84496576450996,-0.831493525655082,0.410491480281571,-2.0256048312738,0.0428052960587442,0.113492557421377,"RDM1"
22.5975196836172,-0.80451657340781,0.231399382966157,-3.47674467881132,0.00050754088962424,0.00404394281828265,"CCL15"
0.934690746069526,0.432389838819037,0.911993328120907,0.474115133835401,0.635417807177549,0.763904179804458,"CCL3"
0.714488879739815,0.972121749519911,1.08543902212985,0.89560235969075,0.370465174983177,0.536602602881259,"CCL4"
21.5236742635103,-0.729296912849738,0.182766138320839,-3.99032840300802,6.59818719602959e-05,0.000861253761404824,"ZNHIT3"
19.6323847958751,-0.00904314356426926,0.18208483772052,-0.0496644513484944,0.960389785197498,0.977125076564065,"MYO19"
3.5382005429967,0.127760786979803,0.322944979415264,0.395611621555881,0.69239156238141,0.807377610541859,"PIGW"
29.0130151404936,0.425204852638872,0.149541634923925,2.84338774853694,0.00446367296341367,0.0211926761037931,"GGNBP2"
54.7348361381011,-0.0394274347802731,0.129419852415398,-0.304647502252771,0.760634637069431,0.855477646911146,"DHRS11"
4.53074960551749,-0.589634005174722,0.289506113327054,-2.03668930648319,0.0416811868135247,0.110862655018107,"MRM1"
14.6886516805458,0.237505310106386,0.184584050773658,1.28670548246675,0.198196961449039,0.346270753110772,"AATF"
6.49524235089846,0.279883067312262,0.259368375400771,1.07909480822322,0.28054546544992,0.441874366176379,"ACACA"
3.53017678993534,0.396914070079566,0.321916220618138,1.23297319196099,0.217585766145896,0.369100503021623,"TADA2A"
1.87622954295102,0.00161359341503421,0.452447603208353,0.00356636526216971,0.997154458251188,0.997981514755129,"DUSP14"
4.56848339290211,1.05698634867979,0.308587718853325,3.42523789542703,0.000614261304021416,0.00465518336474011,"SYNRG"
20.5485129236897,1.07965040272778,0.206235262414535,5.23504268905126,1.64946736154223e-07,9.28242892008836e-06,"DDX52"
8.34161102262575,0.0405754460307229,0.224908208858429,0.180408915426754,0.856831555663449,0.917581174884632,"HNF1B"
17.795530999476,-0.461877893826886,0.173983025964732,-2.65472962816794,0.00793719973919867,0.0323687529732248,"MRPL45"
2.57081556693553,-0.256035075485192,0.40575662263868,-0.631006522629668,0.528036259600904,0.678346492600275,"CTB-58E17.1"
19.5501022183645,-0.116077468442318,0.204610032370107,-0.567310737883823,0.57050308291958,0.713786115265742,"MLLT6"
161.179961690772,-0.56332470654563,0.134396883144935,-4.19150127118748,2.77114635279782e-05,0.000437422229525934,"CISD3"
5.51724634457368,0.205791551001499,0.293844078296367,0.700342685803389,0.483713320136611,0.639533315885512,"PCGF2"
140.153674409967,-0.559745401573892,0.166333539656864,-3.36519864080698,0.000764885711319002,0.00553408316117545,"PSMB3"
3.27384229151365,-0.0822512026222306,0.317580753375392,-0.258993033261706,0.795640615802399,0.877847921123037,"PIP4K2B"
10.6258130747469,0.530532853383594,0.231567342700031,2.29105212849827,0.0219603989014701,0.0690874658371857,"CWC25"
625.279268184099,0.328945439585767,0.149681920053937,2.1976297435738,0.027975501856153,0.0827160645335817,"RPL23"
27.4183935754896,0.539422446078056,0.262922440205471,2.0516409541023,0.0402045689919282,0.107814391959993,"LASP1"
2077.64843557054,-0.307809528002827,0.123519555897154,-2.49199024208861,0.0127029527242809,0.0460460836400836,"RPL19"
1.56992143408605,-1.09229642216562,0.403537666086523,-2.70680165437499,0.00679348322472681,0.0288869333674758,"RP11-690G19.3"
7.10993324658104,0.617598394844841,0.315641450891754,1.95664540604535,0.0503891726651483,0.128096070960559,"MED1"
11.8640660951807,1.09139312645956,0.303414206474792,3.59704029399242,0.000321858639969543,0.00284640458474693,"CDK12"
140.395781851636,-0.286235269989235,0.113545823948546,-2.5208788842727,0.0117062136806503,0.0432707558107086,"PPP1R1B"
3.71761570870548,-0.465386700358348,0.316379644446385,-1.47097548318161,0.141297747274957,0.272234382157026,"STARD3"
5.41176850080212,-0.590780049583119,0.300958542716163,-1.96299478410317,0.0496467801048186,0.126653519365358,"PGAP3"
22.1075908739405,-0.211336253057317,0.181591903600296,-1.1637977732889,0.244505974756794,0.401047407621022,"ERBB2"
51.4837717096591,-0.56004594480814,0.142765973862948,-3.92282509378441,8.75166864150056e-05,0.00106193431784018,"MIEN1"
6.50423275349124,0.243174313429245,0.238833805606033,1.01817375815873,0.308595388040124,0.47295313493025,"GRB7"
11.4705755179042,0.919782240917811,0.305171916849367,3.01398061267812,0.00257844282352632,0.0139729985346786,"GSDMB"
7.09216443869924,0.0589814567946519,0.315488763012527,0.186952638919535,0.851697766811123,0.914390346328242,"ORMDL3"
28.923787645926,-0.318529681390409,0.137296698711265,-2.32000976265479,0.0203403492209028,0.065257368549189,"PSMD3"
10.7382995670444,0.144342813832314,0.231871766755487,0.622511381407318,0.533605662277462,0.683609471786391,"MED24"
11.128853615149,0.182576156656889,0.216966842186285,0.841493358234582,0.400071604303441,0.565358181227764,"THRA"
11.4624454847165,0.322870386396443,0.262054398373446,1.23207390679369,0.2179214774928,0.369381496109226,"MSL1"
8.72439139838939,0.63140067878832,0.252438555238373,2.50120540498301,0.012377136867938,0.0451513961658738,"CASC3"
12.4712107220673,0.170231674938542,0.235531390635035,0.72275578418472,0.469829936629426,0.628291234059299,"RAPGEFL1"
13.9279618812566,0.235711525566299,0.254856190439846,0.924880518536727,0.355028061289193,0.521732712530532,"WIPF2"
14.3393879365605,0.151341483355011,0.200492354075003,0.754849151496299,0.450339498446614,0.611106704127231,"CDC6"
2.02500375811911,0.0106967133231144,0.434961867057458,0.0245923013791492,0.980380160053572,0.987564097781449,"RARA"
1.65441665362181,-0.0567039520200268,0.54048382211952,-0.104913319695048,0.916444589710109,0.950918559150886,"CTD-2267D19.2"
33.7614115436652,0.978125866343785,0.342633117928455,2.8547324095741,0.00430731036407011,0.0206522695601772,"TOP2A"
35.5059602655424,-0.207807102001831,0.183014797608548,-1.13546611922775,0.25618006988738,0.415025600470016,"IGFBP4"
19.1728066395012,0.210550606569929,0.185566237831577,1.13463854756288,0.256526795062421,0.415255699550153,"SMARCE1"
66.7058094640384,-0.319337361401992,0.125981967887178,-2.53478626153841,0.0112515954367497,0.0421207605801798,"KRT10"
5.81444205187638,-0.243270070002956,0.265098396076707,-0.917659531718044,0.358797140427302,0.525000212374768,"TMEM99"
13.3787274649047,1.31413002415875,0.535023729259586,2.45620886007684,0.0140411524415114,0.0496861894802262,"KRT20"
184.839191376069,0.320882823260369,0.24438918422776,1.31299928134839,0.189183190333967,0.334921100529995,"KRT19"
29.9635512307629,0.402335331701349,0.192995807079881,2.08468431407332,0.0370979654245002,0.101988765305116,"JUP"
466.34827178442,-0.010034263354801,0.156629706883353,-0.0640636029682021,0.948919582911345,0.970473213712479,"EIF1"
4.00503911653226,-0.178827499375175,0.272651341314172,-0.655883438948921,0.511899124665395,0.66394655366848,"LEPREL4"
9.9837270469109,-0.316542633308251,0.248214388442696,-1.27527914596027,0.202210456278649,0.350803817570323,"NT5C3B"
11.4923610208511,0.567579173525866,0.297392528527256,1.90851860447411,0.0563242209148079,0.139239936065289,"ACLY"
7.0765181097518,-0.0663104824392469,0.249920731939414,-0.265326057284924,0.790758292816254,0.874059548090028,"CNP"
29.8966389058186,0.331483944604294,0.139491319799206,2.37637686044878,0.0174835959459051,0.0580825487832759,"DNAJC7"
5.30063540201175,0.19990208785615,0.272592646834026,0.733336317680884,0.463353329518355,0.622361001991233,"NKIRAS2"
9.48184212788503,-0.204608215564232,0.217262298295522,-0.941756656214333,0.346317240888356,0.5129576153911,"KAT2A"
34.972515301278,-0.160197346328643,0.130968333191922,-1.22317618636781,0.221263157927133,0.373529907521943,"RAB5C"
5.16282658409874,0.0375972983870013,0.268610444615519,0.139969607067279,0.888684004001234,0.935456846317088,"GHDC"
4.19420221808165,0.643456435369675,0.334667347636857,1.92267467953844,0.0545209186881932,0.135770964676399,"STAT5B"
2.76116961172566,0.669745444190159,0.353431988599865,1.89497687191073,0.058095465807498,0.142354864320719,"STAT5A"
22.8408546062415,0.845604211792308,0.239178026454174,3.53545944135602,0.000407066728809107,0.00346182041884644,"STAT3"
6.9476186654045,0.265570140374923,0.234553994064042,1.132234568994,0.257535830237348,0.416134372322214,"ATP6V0A1"
4.90616127826595,0.409469647001375,0.282939197230113,1.4472001440944,0.147840876216337,0.281133236860343,"NAGLU"
1.12460805800687,-0.355224325034115,0.590283167261314,-0.601786303143657,0.54731639356113,0.695106541231887,"HSD17B1"
1.17785637936835,0.100050609385914,0.531743676406502,0.188155710777891,0.850754590011184,0.913776564881956,"RP11-400F19.6"
17.639320626123,-0.201942304869791,0.154198247524663,-1.3096277559023,0.190321794063037,0.336353894796514,"COASY"
15.2370148790865,0.000716442749817432,0.196154963183937,0.00365243243499077,0.997085787030141,0.997981514755129,"MLX"
5.16990407881135,0.0412424200481703,0.338065512205366,0.121995348709562,0.902902701948665,0.943201552824404,"PSMC3IP"
7.15788116614887,0.165123278574458,0.326256891842546,0.506114300427246,0.612776412081658,0.746801911705398,"FAM134C"
17.7278532867232,-0.311079811586637,0.2077792277431,-1.49716511590494,0.134350299825797,0.262512460616797,"TUBG1"
1.51145507352094,0.438382827285836,0.470840863174078,0.931063681114182,0.351820624206563,0.518336056255807,"PLEKHH3"
2.54557450841444,0.361631847025604,0.333284922323441,1.08505312662975,0.27789812598718,0.438850319648215,"EZH1"
36.1107022432865,-0.231472900855105,0.138735747482136,-1.66844454335685,0.0952275120949104,0.204671302540407,"VPS25"
6.28805990984292,-0.208383242679892,0.36550795628104,-0.570119580433059,0.568596595592413,0.712303498458139,"WNK4"
126.549089318725,-0.56208134131462,0.131541664620245,-4.2730289519851,1.92835407232955e-05,0.000335954279436284,"COA3"
16.8717635606494,0.447789735887698,0.213790795704701,2.09452298641616,0.0362134176067531,0.100300360930716,"BECN1"
13.7325411847538,0.365498568306635,0.197336176916677,1.85216200099469,0.0640025635141248,0.152661506646913,"PSME3"
3.14906781505864,-1.06098991784571,0.389166286029646,-2.72631508929034,0.00640458267904141,0.0276445818340182,"AARSD1"
5.28148929140032,0.645149302735895,0.293566339537751,2.19762696142803,0.0279757002791755,0.0827160645335817,"RUNDC1"
755.269729513915,-0.314512388576553,0.140405645237741,-2.24002666021018,0.0250891921285639,0.0759812120792536,"RPL27"
16.9711045932187,-0.0629430480755397,0.244841144222726,-0.257077086759086,0.797119265369035,0.878854337249515,"IFI35"
14.279722615888,1.00651936064726,0.226473790955189,4.4443083519824,8.81750667370286e-06,0.000182744508542773,"BRCA1"
18.974974198609,0.182008725951561,0.192572759884648,0.945142636272054,0.344586060690137,0.511230139220614,"NBR1"
2.37136712304417,-0.266859637527,0.487273245086415,-0.547659121895095,0.583925985653629,0.725813918301295,"LINC00910"
2.5811512167836,-0.770905158998128,0.454333918589801,-1.69678099621293,0.0897380728755291,0.195536812084319,"ARL4D"
4.20986889378969,0.44056179692182,0.306122367998082,1.43916891732844,0.150102669646229,0.28436580958681,"DHX8"
5.23985490672946,0.690205109798245,0.300107010918858,2.29986333103315,0.0214559641143584,0.0678345765012904,"DUSP3"
1.32926407969982,0.0624513698233207,0.76841181380257,0.0812733077518333,0.935224601079236,0.963164657756207,"PYY"
1.14109230099487,-0.940725199725993,0.580009739162868,-1.62191276491969,0.104822027956784,0.219037345653114,"NAGS"
16.8988171341893,-0.850876947197612,0.17217267582599,-4.94199757955537,7.73261761063797e-07,2.86608284134909e-05,"TMEM101"
14.8656946970224,0.823570109330004,0.202786650462755,4.06126393157851,4.88077552577954e-05,0.000681692511875321,"LSM12"
10.8391287946379,-0.304393503352315,0.181473186762829,-1.67734698873246,0.0934746490707605,0.20197665915409,"G6PC3"
3.27523251292665,-0.195779721899961,0.44073231528327,-0.444214583571273,0.656887449444039,0.780961114583818,"HDAC5"
2.08572713264977,0.094830428654559,0.425382521790647,0.222929772138664,0.823590164585535,0.896390978893457,"C17orf53"
3.38397982880541,-0.625564666792172,0.368967985220129,-1.69544429828771,0.0899911684919405,0.195891779880231,"ASB16-AS1"
9.59665238617585,-0.0421412688487125,0.215575591179549,-0.195482561908476,0.845015187921228,0.91021627287465,"TMUB2"
4.58097069038965,0.436290144597566,0.356119813211522,1.22512179444064,0.220529334680162,0.372696634706902,"ATXN7L3"
16.5616810429852,0.451444139298131,0.193676226415352,2.3309218051883,0.019757483265609,0.0639160763373587,"UBTF"
1.49422412109577,1.39187402052823,0.551041746973816,2.52589577499718,0.0115403712521216,0.0428180498114248,"RP5-882C2.2"
77.1565246801601,-0.379573478693292,0.142385337502306,-2.66581858323119,0.00768011250066512,0.0316346717670061,"SLC25A39"
75.1026290317406,0.09629332846271,0.161900918201918,0.594767031170361,0.551999208206802,0.698440102659428,"GRN"
10.2745095065059,0.89244977041754,0.222908221728993,4.00366466295065,6.23687547262247e-05,0.000826005702837561,"GPATCH8"
9.47142304241638,0.703151887308917,0.21414625699109,3.28351238629482,0.0010252213939727,0.00693269261428614,"CCDC43"
11.2121474532469,-0.0426555955180311,0.216583322718839,-0.196947738092489,0.843868435614337,0.909629045597727,"EFTUD2"
3.64643344319396,0.048241271618654,0.37059553459657,0.130172295980763,0.896430112662053,0.939762509656439,"KIF18B"
5.14474606380706,0.651859680138318,0.298583196883069,2.18317603583566,0.0290228488229899,0.0849667260863479,"DCAKD"
20.9703876598181,1.01155778403677,0.347174709866399,2.9136851138323,0.00357189995443945,0.017892450878788,"NMT1"
7.69170187566453,-0.218604787822621,0.314328349031364,-0.695466344337936,0.486763095760804,0.642158311462868,"PLCD3"
3.93042705346973,-0.618890168190124,0.438126267900039,-1.41258402778837,0.157778068067309,0.294562458176204,"ACBD4"
11.3501860437376,0.821572822924662,0.331804853839441,2.47607234619364,0.0132836657949633,0.0475479929246216,"HEXIM1"
2.2489272418801,0.241120900793495,0.467627851932465,0.515625619383162,0.606115913377942,0.74260140109256,"HEXIM2"
3.7404175406123,-0.439143096955017,0.360328371034089,-1.21873028120084,0.222946580787049,0.375496257342951,"CTD-2020K17.4"
14.4542043787231,-0.185790472154922,0.232522051049678,-0.799023023047514,0.424277062279844,0.587404180550351,"ARHGAP27"
4.58956449149566,0.135286905488495,0.264123930462595,0.512209951031508,0.60850407942991,0.744016471809144,"PLEKHM1"
7.76447077950911,0.47671623482173,0.313582045798838,1.52022809088867,0.128453659657256,0.25409958904878,"KANSL1"
11.2485525579724,-0.214802838752763,0.375758107823802,-0.571651906586369,0.567557822541658,0.711200396752484,"KANSL1-AS1"
4.20932504483523,0.937646633189632,0.3354384903642,2.79528634943351,0.00518537633556902,0.0237208032873966,"ARL17A"
8.11713845308139,0.890959366700173,0.249276528566872,3.57418073744219,0.000351326198219725,0.00305721355181588,"NSF"
5.20238663955074,-0.0210697485914025,0.288901129480865,-0.0729306549588898,0.94186129976069,0.966239723729557,"GOSR2"
7.63662923780953,1.04933402528912,0.313599152839148,3.34609968103884,0.000819569269860791,0.00584023771042532,"CDC27"
18.7951706034551,0.321820801647616,0.221270994876586,1.45441928268597,0.145830097091163,0.278675849799407,"NPEPPS"
65.204207648569,0.545221963337551,0.133603546195302,4.0808943988698,4.48627353703823e-05,0.000634387117346813,"KPNB1"
6.8998642634021,-0.208903843109646,0.286723823340479,-0.728589067611507,0.466253067839052,0.624815932469411,"OSBPL7"
12.6939985656193,-0.27281306850113,0.190138125978121,-1.43481517500874,0.151339772449269,0.28608353852029,"MRPL10"
13.6347409241708,-0.718374038396887,0.182970539533076,-3.92617325297345,8.63079996267389e-05,0.00105196955774005,"SCRN2"
3.23637616471285,0.591072359097035,0.313159485758977,1.88744836409635,0.0591000452672563,0.143810551557787,"SP2"
5.40474785758391,0.907473093434463,0.264656834066632,3.42886703317092,0.000606106390675161,0.00459980112000856,"PNPO"
31.8247871620494,-0.0560092305902195,0.164650762183031,-0.340169883501406,0.73372859672035,0.836409769821395,"PRR15L"
23.9728050040274,-0.601907234719522,0.185400077836326,-3.24653172611337,0.00116820426760195,0.00769357085879757,"CDK5RAP3"
13.7702719776349,0.579764759622334,0.231100346053411,2.50871437244989,0.0121171419029915,0.044378693642023,"NFE2L1"
15.2102956284156,0.788390888212883,0.199345266704417,3.95490146942833,7.65661998620652e-05,0.000965747886761938,"CBX1"
2.00439604368129,0.155401109671605,0.431120219137442,0.360458876140213,0.718504004607748,0.82658405614832,"SNX11"
2.26252470758923,-1.87672314133301,0.773624604346452,-2.42588347215048,0.0152711727646647,0.0526826353952537,"HOXB2"
6.56042438415222,-0.30668922974126,0.441467072032019,-0.694704654482173,0.487240410530844,0.642553838295685,"HOXB3"
3.01805992227285,-1.13133566162948,0.701145938720171,-1.61355232791415,0.106624564313357,0.221446312572778,"HOXB-AS3"
9.89082805751013,-0.324947484538381,0.368549224271385,-0.881693578872121,0.377942534319529,0.54392471809039,"HOXB5"
13.1246500454872,-0.978763078578523,0.348970334929677,-2.80471713670378,0.00503607539980036,0.0232236852831558,"HOXB6"
35.1269221238844,-0.0964144550394209,0.129270646435714,-0.745834090706491,0.455767643654325,0.61563376810122,"HOXB7"
5.17355610031036,-0.650505002758754,0.38086800393791,-1.70795392638128,0.087644891837294,0.192326434704589,"HOXB8"
29.2610051981027,-0.18368176563019,0.203831425546183,-0.901145469291598,0.367510979970746,0.533652673074094,"HOXB9"
66.0288772839142,0.505029032037081,0.15992988710659,3.1578152224949,0.00158956277584503,0.00971142009988714,"RP11-357H14.17"
2.43088951350833,-0.712001104405966,0.390329208914874,-1.82410408481945,0.0681363381149827,0.159611870562708,"CTD-2377D24.6"
26.1348370639041,0.620833494557223,0.170443995933425,3.64244860112126,0.000270056912470536,0.00248333452110924,"CALCOCO2"
523.046091266863,-0.505687688701366,0.123744986124679,-4.08653073177334,4.37871509307022e-05,0.000623235201975657,"ATP5G1"
15.4237878701472,0.337174973382226,0.223926702569253,1.5057381255277,0.132134412645686,0.259483167434439,"UBE2Z"
48.8589225433834,-0.318634489487674,0.119528586494196,-2.66575970513251,0.00768145759204374,0.0316346717670061,"SNF8"
2.07172426390685,-0.731254991618789,0.536531804931564,-1.36292943847395,0.172904749829128,0.314042184964197,"B4GALNT2"
4.63733907183816,-0.594341880661843,0.507550114779004,-1.17100137179681,0.241598225749681,0.39765940158253,"RP11-708H21.4"
10.6204288855635,1.06663757308406,0.247459388138739,4.3103540387243,1.6299338365427e-05,0.000293064262663141,"ZNF652"
174.230175081081,-0.302759901825271,0.138294277305875,-2.18924389152876,0.0285791180543957,0.0839516424319007,"PHB"
13.6669461809526,0.23914046221781,0.182870943600786,1.30770070689777,0.190974843491545,0.337288469721609,"SPOP"
13.1052080465698,-0.143212150777816,0.1813561014868,-0.78967373914486,0.429718331686944,0.591850486001295,"SLC35B1"
5.15704846881115,0.9335668868702,0.376273198116481,2.48108792107271,0.0130982060918121,0.0470703236787159,"KAT7"
7.72631747501991,0.152808588526172,0.253049970477995,0.603867245024871,0.545931907367554,0.693916258662411,"ITGA3"
16.3043406923926,-0.542292061517382,0.273669199588504,-1.98156044718509,0.0475284576992595,0.122370566764808,"PDK2"
2.14643500620206,0.546466241926496,0.392168483598122,1.39344762463496,0.163484472706774,0.301894469239171,"PPP1R9B"
4.90145977065493,-0.269742275339999,0.373320136850602,-0.722549492281867,0.469956708274621,0.628306026328005,"TMEM92"
2.42836209829361,0.812347694724793,0.463740891977667,1.75172754608821,0.0798206679354388,0.179361153275164,"XYLT2"
93.8395332888519,-0.471325302261184,0.14106314777747,-3.34123624551969,0.000834062205306005,0.0059048402522278,"MRPL27"
1.01100638489124,-0.166803943016189,0.502367198462361,-0.332035896306008,0.739862153820548,0.841086882706077,"EME1"
48.3805454481885,0.206455605323572,0.132347793942341,1.55994746246784,0.118772297083747,0.240019937910214,"LRRC59"
13.3386493346292,-0.825229560142599,0.24465536564083,-3.37302866005436,0.000743462136527111,0.00542243035774643,"ACSF2"
5.60684656631078,-0.205068118308827,0.261736938516967,-0.783489405319584,0.433339772809514,0.595177682143837,"RSAD1"
6.16009959642385,-0.466902859586087,0.292933707196436,-1.59388574314185,0.110961628209716,0.22788261769242,"EPN3"
10.0537751603624,-0.229486597218593,0.253412920065542,-0.905583650428081,0.365156265747985,0.531438896545579,"SPATA20"
28.7986420381941,-0.110446692529058,0.185838134015375,-0.594316624595038,0.552300361472919,0.698524060189419,"ABCC3"
3.9800545356398,0.524468953331315,0.316009399624179,1.65966250989702,0.0969823653615822,0.207369263206691,"ANKRD40"
2.37728300458541,1.31992613061727,0.515999458515163,2.5579990615019,0.0105276376380193,0.0400455848507493,"RP11-294J22.6"
47.0742208224532,0.744740377419918,0.115296958893586,6.4593236852611,1.05171941581415e-10,3.17268690437269e-08,"LUC7L3"
30.7146708630517,0.935524141773679,0.367624406558736,2.54478246025868,0.0109345835686092,0.0412611457800889,"TOB1"
12.5182316018836,1.05324856424675,0.315912346724582,3.33398987145316,0.000856097750976642,0.00603715686727684,"SPAG9"
99.5972832741945,-0.406637423016979,0.148857598658399,-2.73172096474657,0.00630044764192067,0.0273254238782981,"NME1"
15.4259660659055,-0.192379728470741,0.530631465447798,-0.36254866323917,0.716942065299233,0.82522425322201,"NME1-NME2"
6.73867853015207,-0.81486109461662,0.360336493454772,-2.2613893108745,0.0237351600894704,0.072897013170715,"NME2"
3.84367013688533,0.497440338293362,0.354374835337575,1.40371236524034,0.160404518824189,0.298031321545028,"MBTD1"
14.2079914260292,-0.00632796829092422,0.208851697863074,-0.0302988596964767,0.975828705986997,0.985217833606281,"UTP18"
12.312817428305,-0.18366333061884,0.187318174702192,-0.980488577314171,0.326845005356777,0.493128196467714,"TOM1L1"
32.4309630381679,-0.277804714585742,0.190814032539731,-1.45589247755087,0.145422345505798,0.278092388130474,"COX11"
7.0555142178066,0.429553414681839,0.276325940489669,1.55451715434548,0.120061108026883,0.241904199104257,"MMD"
6.19615382219119,-0.464413671517615,0.248556118493118,-1.86844594425252,0.0616999381254962,0.148619428773577,"PCTP"
1.21701465874201,1.44362823551538,0.565496818048568,2.55284944042142,0.0106845671319165,0.0404724098544168,"C17orf67"
2.52795651110343,0.983654894338888,0.424861843589199,2.31523472672681,0.0206000897435454,0.0657417306464677,"DGKE"
12.1771136978094,0.218888795099737,0.203830054582105,1.07387890146282,0.282876960704332,0.444151083368527,"TRIM25"
13.0681660414395,0.555118342596466,0.237332570540651,2.3389892981477,0.019335987362513,0.0628522350633576,"COIL"
1.70146178050179,-0.0271238576060244,0.496650820283506,-0.0546135363081473,0.956446354439891,0.974665234983318,"SCPEP1"
1.14788545809539,-0.311262189232634,0.582543311940551,-0.534315960466127,0.593122951601323,0.733141527336121,"RP11-166P13.3"
37.9120062383933,0.576117597247404,0.123813065396854,4.65312441300758,3.26942845051498e-06,8.59709272944133e-05,"AKAP1"
4.24015217959386,0.914621610516682,0.571633243359408,1.6000147317213,0.109595315327985,0.225759697356206,"RP11-166P13.4"
13.3030554182776,0.631436767797948,0.267169363531417,2.36343254126027,0.0181065227541173,0.0597135855176781,"MSI2"
28.3894885692045,-0.451656908702639,0.184731049733718,-2.44494311786612,0.0144874989228833,0.0508021434622256,"MRPS23"
3.30460702352879,-0.0753716828039169,0.375832706171002,-0.20054583213847,0.841053717103253,0.908026977606256,"CUEDC1"
10.7718580843823,0.688353880231354,0.212125480828556,3.24503156123754,0.00117437606803988,0.00771083681917356,"VEZF1"
1.47908555832283,0.751443242291254,0.410660561973201,1.82984029116556,0.0672738239946548,0.158239923886063,"RP11-159D12.2"
36.5836958052508,0.256444527353203,0.151810369902958,1.6892424905962,0.0911729692779003,0.197876938751335,"SRSF1"
25.1613641042386,0.418871523990895,0.239586265273289,1.7483119222761,0.080410029901648,0.180200768619871,"DYNLL2"
2.93512897333511,-0.363907490673588,0.340279821955527,-1.06943599706347,0.284873254245428,0.446613143439045,"MKS1"
26.9549006026187,-0.414178917949424,0.172520308423451,-2.40075456469057,0.0163613061920283,0.0553532041263015,"SUPT4H1"
17.2291199945238,0.636453199676273,0.200419537260009,3.17560457616758,0.00149524616329573,0.00930032836964014,"RNF43"
5.44600751785642,0.796770269179515,0.299618131816872,2.65928588616427,0.00783064852769047,0.0320425180899467,"MTMR4"
15.945061200727,-0.157511456209388,0.176651077412209,-0.891652960835562,0.372578973761462,0.538704254433428,"RAD51C"
4.69079776459606,1.31877457815425,0.344721147369317,3.82562714303508,0.000130439590817804,0.00143668758243544,"TRIM37"
17.4123517304429,0.863895414500452,0.300002703312576,2.87962543324269,0.00398147883903145,0.0194384389064314,"SKA2"
2.33961026422994,1.61675284539767,0.429320037903589,3.76584529641903,0.000165986550341311,0.00171841176044484,"PRR11"
4.00785829430628,0.415789710675676,0.453660317504219,0.916522108354362,0.359393117160865,0.525445510550214,"YPEL2"
6.86948407637228,1.47292185806013,0.324912281899422,4.53329079913352,5.80717789823454e-06,0.000133050531592462,"DHX40"
44.8717727566411,0.99310761947019,0.236263445419083,4.20339091266794,2.62945902606989e-05,0.000419940073869398,"CLTC"
13.6660370581886,0.032560117211248,0.219032177620431,0.148654492526996,0.881826271845972,0.931704763429341,"PTRH2"
54.922723964141,0.625900703355117,0.284775649275594,2.19787297455829,0.0279581592772847,0.0827092371973066,"VMP1"
2.87567311425899,0.307229732097509,0.316636009569798,0.970293089895023,0.33190042068098,0.497781876618622,"TUBD1"
5.42956587351666,0.499607039025588,0.280606364512641,1.78045512222543,0.0750015075825407,0.171404960510604,"RPS6KB1"
3.46030214976904,0.151785760315311,0.347518711541212,0.436770036474167,0.66227813129419,0.784775882230953,"RNFT1"
1.41409405282584,0.747112428741546,0.490744075271806,1.52240743472603,0.127907023096856,0.253341285944164,"HEATR6"
11.1049103425893,0.389105842497325,0.667678651846997,0.58277412557814,0.560045365392595,0.704598316515707,"CA4"
1.68439821927775,0.630421877244923,0.438021365441208,1.43924914852022,0.150079944781408,0.28436580958681,"USP32"
5.76632125312459,0.487298689925917,0.256481166272318,1.89993946537396,0.0574410641464817,0.141133474350858,"APPBP2"
4.64850264660848,0.184329083105989,0.318585203298804,0.578586454101902,0.562868246998831,0.707166724017504,"PPM1D"
1.5332514591929,0.48235822423002,0.458267106442432,1.0525700349183,0.292538096668794,0.455217614246039,"BCAS3"
4.70941975286382,-1.70210861372123,0.434915245953245,-3.91365588941487,9.09091638022179e-05,0.00109332615602667,"NACA2"
5.30877667947005,1.18084444101576,0.311665989561652,3.78881392440855,0.000151368233080481,0.00160064168573907,"BRIP1"
2.64572321866689,0.930652395478821,0.408219917178708,2.27978194182869,0.022620624541551,0.0704704482275513,"INTS2"
10.32616840546,1.12810332008952,0.373742110987281,3.01840035394864,0.00254112954860111,0.0138886094100695,"MED13"
7.57118089610223,0.539827212214653,0.270022557022968,1.9991930235989,0.045587473115446,0.118731934433837,"METTL2A"
7.08250194721438,1.02925894427571,0.30108840172284,3.41846095162169,0.000629763534490739,0.00473959250489912,"TLK2"
1.33619224555505,1.22768377004604,0.539440713791992,2.27584559091962,0.022855252940673,0.0708963287448468,"TANC2"
12.0136421778055,0.710294565695412,0.21945085657009,3.23669078716287,0.00120924362944664,0.00788365091208117,"CYB561"
3.37703891859541,0.200691864307137,0.431333793234081,0.465282033207687,0.641729499477028,0.768377327929496,"ACE"
24.4630666942662,0.439805760709039,0.222929032903204,1.97285097854439,0.0485125431066875,0.124344162883792,"DCAF7"
14.3281016109252,-0.0863043560313007,0.169573914045745,-0.508948304442739,0.610788460116396,0.745718119939749,"TACO1"
2.07059322573341,0.249303253844856,0.402712157864252,0.619060659025079,0.535876398931952,0.685467337149706,"MAP3K3"
39.0269860463616,0.538963449483504,0.168559882419149,3.19745980922847,0.00138643730125726,0.00873865878795927,"CCDC47"
16.971107842186,0.498108608783297,0.183956732599427,2.70774872843576,0.00677412888443711,0.0288498194843086,"DDX42"
8.73030619578065,0.350563550429822,0.233534595866183,1.5011204191378,0.133324418358803,0.261024550816046,"FTSJ3"
52.6119484601914,-0.23075746104402,0.138883755935247,-1.66151512457374,0.0966100338760032,0.206776698441741,"PSMC5"
21.9931625419033,0.296116835796671,0.187087311455753,1.58277348416921,0.113473102411776,0.231551652046578,"SMARCD2"
1.53598636237347,-0.0624556658681215,0.528211431871988,-0.118239898077892,0.905877577578174,0.944492174779087,"ICAM2"
2.61654128823533,1.14420663327285,0.383107712866811,2.98664473422032,0.00282057288967719,0.014920322251288,"ERN1"
34.7620503046686,1.23212752286262,0.64193087497763,1.91940841434923,0.0549326668883839,0.136358574264651,"SNORA76"
3.21818150185074,0.637638125752365,0.304019285794169,2.09736077790824,0.0359616503732351,0.0999343713033095,"TEX2"
4.24298276941565,0.116944362511611,0.348676665219402,0.335394863427482,0.737327242195269,0.838857463299269,"POLG2"
114.769028099659,0.488614506936174,0.173998550440003,2.80815274437964,0.0049826587448701,0.0230655046757414,"DDX5"
6.40526041574026,0.444570217271513,0.257479786714913,1.72662181736133,0.0842356050412415,0.186807978506817,"CEP95"
4.45251757250291,0.789513799159253,0.42224136915932,1.86981631082518,0.0615093305357289,0.148409537795605,"SMURF2"
4.27523545246428,1.08149601498525,0.384297116030959,2.81421839995834,0.0048895996261485,0.0227218878647722,"GNA13"
2.67396169933195,-0.82518831552847,0.416984062755495,-1.97894449508573,0.0478222558464601,0.123010350187721,"RP11-160O5.1"
6.52363069826875,0.194260120612467,0.389170376724093,0.499164716101169,0.617663349216073,0.749728844583274,"AXIN2"
7.92372108443111,0.98277079162673,0.289301148480343,3.39705112402451,0.000681162397547532,0.00506672851874397,"PRKCA"
7.95982127984017,0.832754823700691,0.285000818373204,2.92193835952503,0.00347860377796434,0.0175302259993934,"HELZ"
15.1076832694446,0.653914001602002,0.2300160583327,2.84290586640767,0.00447042717582061,0.0212096282784674,"PSMD12"
2.82777223292955,1.73706575421937,0.506350356205122,3.43056094052727,0.000602334659465905,0.00457776609527094,"PITPNC1"
13.0094218156489,0.558757686846065,0.181112168241519,3.08514713434905,0.00203451479370291,0.0117027704764903,"NOL11"
28.6417454919319,1.2779663049759,0.227363232088799,5.62081341488311,1.90060454655891e-08,1.62524136815983e-06,"BPTF"
5.95178152527621,0.0185789916771153,0.255695328544967,0.0726606613536469,0.942076153457135,0.966277580897666,"C17orf58"
17.5594869175473,0.752438764004238,0.264452272921901,2.84527244062088,0.00443734523781669,0.0211166991306163,"KPNA2"
9.14550281850438,-0.807935407742094,0.264925649259445,-3.04966850133439,0.00229094080144611,0.0128494072481044,"AMZ2"
2.1274288678494,1.20828657917422,0.464411100857111,2.60176076098144,0.00927465266929672,0.0363131880309564,"ARSG"
14.8843336519995,0.230811250431791,0.198936691945085,1.16022463314865,0.245957360254347,0.402758886061853,"WIPI1"
13.0552969652359,0.538416342887718,0.212687677691722,2.53148818366488,0.0113579644306026,0.0424166071926907,"PRKAR1A"
6.99293527619258,0.94217840756085,0.325919429815372,2.89083227745759,0.00384223116655555,0.0188796704831977,"ABCA5"
11.8564612348301,0.626483905112343,0.223905731045525,2.79798065992766,0.00514231916266006,0.0236021268556574,"MAP2K6"
4.68515766989038,0.689618325897673,0.390672903475253,1.76520644191889,0.0775290763511195,0.175812438749876,"RP1-193H18.2"
3.31680027433437,1.177826359339,0.476567788683924,2.47147706434723,0.0134556182262296,0.0480684256371229,"KCNJ2"
30.2880940259177,0.244913736033557,0.348723451358169,0.702315072530092,0.482482695577138,0.638372572364488,"SOX9"
4.52993423984445,0.127179046347716,0.287399735559395,0.442516226050711,0.658115691260589,0.78174997660305,"LINC00511"
7.18584267156958,0.662706802396349,0.310387099823799,2.13509776267298,0.0327530253624005,0.0932855639747362,"SLC39A11"
5.30015860476128,-0.0309854400282465,0.339669068308754,-0.0912224365395592,0.927315847498384,0.957619897920569,"COG1"
8.38745682024537,-0.126226233844155,0.211491540586565,-0.596838216290216,0.550615400214121,0.697583206524189,"FAM104A"
1.87818101889217,0.578376992736724,0.397177539089238,1.45621777621915,0.145332426967929,0.278018347167819,"C17orf80"
11.1209480977121,0.348561980076673,0.231884785886689,1.50316882042878,0.132795515624701,0.260082831322679,"CDC42EP4"
608.126409556339,0.190348546858565,0.172499992947125,1.10346988197797,0.269823163818229,0.429795465812175,"RPL38"
12.5545906768717,-0.119925167552241,0.220671546221811,-0.543455509355505,0.586816215475137,0.728406000692649,"GPRC5C"
15.9852197033288,0.0846864158353645,0.267368239392568,0.316740746873163,0.751440327907337,0.849521398301149,"SLC9A3R1"
5.99389708032199,-0.158440783301381,0.265876089535209,-0.595919639025679,0.551228912772187,0.697953362796543,"NAT9"
9.07093704024527,-0.282153423108794,0.246308255184422,-1.14552970584576,0.251989797268724,0.410101783056847,"FDXR"
3.96549383760139,0.707439900923544,0.45898328407479,1.54131953269189,0.123239037308523,0.24656889188846,"HID1"
20.3854650798164,-0.275433392373008,0.174705808834225,-1.57655543459554,0.114897853948668,0.233756218411864,"ICT1"
2.21509679231833,-0.486165468529872,0.378476306830164,-1.28453342985095,0.198955374370054,0.347093231431131,"KCTD2"
185.865046518899,-0.308779429470795,0.127066472199877,-2.43006218812058,0.0150962323425249,0.0522284432111566,"ATP5H"
2.87449683286846,-0.171892272413736,0.408038490860656,-0.421264846978459,0.673561696555346,0.793026889049334,"SLC16A5"
2.65271499921852,0.0270962044733009,0.348429316232555,0.0777667182723968,0.938013621216464,0.964479068965234,"ARMC7"
43.6240653667578,-0.16004479440935,0.144281288041515,-1.10925537595214,0.267320029754532,0.427196573180003,"NT5C"
92.2278070026244,0.423287773275968,0.120884483708079,3.50158895742282,0.000462492545343891,0.00379355667857602,"HN1"
141.836469692832,-0.0161159569299945,0.145214752382435,-0.110980163279498,0.911632076958088,0.948002423910383,"SUMO2"
12.4274086768414,0.0156500181615901,0.217136009330068,0.0720747250070371,0.942542440423275,0.966465701948089,"NUP85"
3.26710620014949,0.506790108852171,0.354978030614206,1.42766612338034,0.153387981322033,0.288899319659604,"GGA3"
63.8788785092918,-0.628073975502028,0.136409537972367,-4.60432594991457,4.13803923840692e-06,0.00010283548313295,"MRPS7"
9.0147868703383,-0.27903851693239,0.207167598341795,-1.34692161885286,0.17800547799101,0.32083644380931,"MIF4GD"
7.15268034917836,-0.113237998082666,0.250931535205244,-0.451270494918248,0.651794607301149,0.776661118640605,"SLC25A19"
15.5663898701461,0.948090512306385,0.194234122157057,4.88117382145533,1.05456236606338e-06,3.6014299671221e-05,"GRB2"
4.26407546675437,0.0161851368896613,0.384639558096846,0.0420787112218607,0.966435951120925,0.980836885712338,"KIAA0195"
1.489630316592,0.248908343874416,0.437198167154886,0.56932613760532,0.569134832088957,0.712648942290565,"CASKIN2"
10.9627126187588,-0.634032341478343,0.236836689292736,-2.67708665989104,0.00742654235589468,0.0308421606061247,"TSEN54"
49.0350099294885,0.25928284939961,0.170094946025732,1.52434187762631,0.12742333109763,0.252705875770683,"LLGL2"
5.81399238919115,0.0468877378968102,0.408577334406302,0.114758538833149,0.908636513087651,0.94639434740465,"MYO15B"
2.91212282086509,0.309676300256684,0.367169373532001,0.843415389681714,0.39899616784325,0.564499528762076,"RECQL5"
1.76760930671444,0.0319916903300614,0.533044073228103,0.0600169703347802,0.952142118681296,0.971920613674111,"SMIM6"
14.3997538924231,-0.12071074285418,0.186546851199712,-0.64708003419983,0.517580146472425,0.669074351322195,"SAP30BP"
18.0473968302271,0.5806622661418,0.212029661054606,2.73858979566193,0.00617033076372317,0.0269007595720729,"ITGB4"
9.24681006003159,-0.214229454613949,0.242236634461958,-0.884380907494787,0.376490625935856,0.542626170890962,"GALK1"
307.738309968379,-0.161549968505171,0.119027225404804,-1.35725224170983,0.174701076471446,0.316367131979307,"H3F3B"
7.82161646963494,-0.453543884632524,0.255566887475356,-1.7746582474471,0.0759543332983148,0.172963736552673,"UNK"
9.99647027042706,-0.194778215319462,0.223492110545072,-0.871521660627839,0.383469384135873,0.549113595954059,"WBP2"
5.86976363822862,0.341465261005103,0.290339481210282,1.17608965746478,0.239559050398077,0.395501867942098,"TRIM47"
2.8496187056295,-0.117935393673904,0.320382596498613,-0.368107990143013,0.712792713293709,0.822191063873572,"TRIM65"
1.39301625482039,-0.959863733976843,0.601430373026504,-1.59596817358365,0.110495899220273,0.227140917193292,"MRPL38"
1.73060440644332,-0.261083224639379,0.378819202635272,-0.689202719458629,0.490695705714862,0.645151981121477,"FBF1"
10.9876308828745,0.0528933665266313,0.260578922113187,0.202984056030656,0.839147494241886,0.906780277359889,"ACOX1"
12.7267073254831,-0.560180551745441,0.279245974518849,-2.00604700823585,0.0448512328324715,0.11731319570343,"TEN1"
3.34978426618381,-0.0458782421661741,0.377612852577837,-0.121495446600873,0.903298621074538,0.943342919979756,"CDK3"
4.08040161129292,0.318096353480276,0.367804424434999,0.864851895049709,0.3871200835294,0.552810533481826,"EVPL"
10.6918383546163,-0.143319831372728,0.189139236692715,-0.757747751755882,0.448602006306255,0.609545194733157,"SRP68"
7.9105278769044,0.0382002261511864,0.24056512599664,0.158793698766296,0.873831413476301,0.927730183108648,"EXOC7"
1.04482857312003,-0.673962111783621,0.632969095312394,-1.06476306153778,0.286983164761743,0.449002071601363,"FOXJ1"
11.316161238385,-0.022845903333643,0.283440990734975,-0.0806019738867075,0.935758496380454,0.963346030021019,"RNF157"
24.0253969226013,0.587128358342385,0.238559083987211,2.46114441977762,0.013849460479683,0.0491680747987439,"UBALD2"
19.1096949773923,-0.0388183910410096,0.150119822571478,-0.258582713302413,0.795957222500319,0.878108028885968,"PRPSAP1"
4.13099524669441,0.692857794292052,0.320067704275802,2.16472260411196,0.0304089349579631,0.0880877657091168,"UBE2O"
2.9774781804399,0.582046084691212,0.391667484265342,1.48607200769542,0.137260075512085,0.266519653148801,"RHBDF2"
0.909559205565742,2.12497183776503,0.710964447067441,2.98885808781301,0.0028002215828896,0.0148343445805761,"ST6GALNAC2"
45.5114032316276,0.313999503861974,0.130004569220654,2.41529590647717,0.0157224309564508,0.0538629653586928,"ST6GALNAC1"
10.8098870623308,-0.0531711505976971,0.249915213629271,-0.212756757884185,0.831516693696166,0.901404601072107,"JMJD6"
18.2686184477248,-0.0819723426880262,0.146962581253808,-0.557776966005096,0.576996693431799,0.72008550800613,"METTL23"
119.614049421437,0.031612258613228,0.150745091947313,0.209706718838162,0.833896581263384,0.903115781064859,"SRSF2"
7.40229881380078,-0.0442094883637512,0.230365542804555,-0.191910160805859,0.847812578209974,0.912331014601696,"MFSD11"
2.88862036858827,1.18268984713023,0.355725801273025,3.3247232640921,0.000885063375402744,0.0062051570412355,"SEC14L1"
20.3401488677206,0.14176658926463,0.164081035944627,0.864003499541976,0.387585968120812,0.553247296825432,"SEPT9"
4.88759445911784,0.667635093820676,0.499602957068212,1.33633134947502,0.181440994120363,0.325238985580998,"TNRC6C"
5.90554012273418,0.0908322199873879,0.310854649473188,0.292201580839544,0.770132503017868,0.861845505623018,"TMC6"
2.02777735737867,0.36293379727892,0.468214386059003,0.775144481001026,0.438254290148052,0.599954820497648,"TMC8"
59.1227420766737,-0.370329194896482,0.144854203744889,-2.55656505177226,0.010571130340698,0.0401660742737659,"SYNGR2"
103.826422751921,-0.479366598528071,0.147534038107186,-3.24919323485067,0.00115732831079851,0.0076404774804084,"TK1"
6.24869425292396,0.482166820852721,0.363401877663035,1.32681433555996,0.184570107135453,0.329053140315576,"AFMID"
21.6379248356191,0.172657157633959,0.188029241282688,0.918246313478348,0.358489926964818,0.524831572774052,"BIRC5"
6.99620485965983,0.909063972486596,0.438132545806328,2.0748606356407,0.0379994529115602,0.10350490559808,"SOCS3"
3.02911072390795,-0.381565012418404,0.341867426502005,-1.11611982552004,0.26437084693134,0.423836344504629,"PGS1"
7.56282426144092,0.381247213488197,0.313535842099307,1.21596054516614,0.223999952205706,0.376707448678825,"CYTH1"
6.15396790244269,0.655370890943514,0.225056393186839,2.91202965471606,0.00359088542714812,0.0179461646290053,"USP36"
0.614955696081036,2.07746438095589,0.953756033640827,2.17819264851774,0.0293916971627763,0.0857586865093366,"TIMP2"
124.650535377934,0.112541235202127,0.137685480382751,0.817379108452641,0.413711810881469,0.577345953668108,"LGALS3BP"
34.1088558919365,0.171987415599819,0.191178390083584,0.899617449046544,0.36832386807095,0.534616039461443,"CANT1"
8.85212255785218,-0.097963578884241,0.251600594958486,-0.389361475478247,0.697008766075945,0.810943538644357,"ENGASE"
1.69094339020835,0.0673226191063183,0.431460413971869,0.156034289418514,0.876005993183035,0.928293588525224,"CBX8"
9.36110183411178,0.730854448344117,0.465397723288183,1.57038681491692,0.116325148021505,0.235996844295451,"CBX4"
2.90512229403378,-0.280031563646959,0.369578535173034,-0.757705161410012,0.44862750842561,0.609545194733157,"TBC1D16"
6.52150565458569,0.0262483610954506,0.268192492406275,0.0978713492683751,0.922034450708792,0.954374202697053,"GAA"
40.1252999125399,-0.276731270248917,0.15970923243603,-1.73271930512696,0.0831455715166308,0.184995063853844,"EIF4A3"
2.53130315677284,0.217266566051913,0.423803458488733,0.512658784868526,0.60819002481732,0.743846744886646,"SGSH"
15.5755823367681,1.0489176253469,0.245487241555967,4.27279893936062,1.93034503101511e-05,0.000335954279436284,"RNF213"
7.61192102001235,-0.228254033310631,0.253829819311126,-0.89924041994,0.368524614955224,0.534835937246256,"ENDOV"
1.85014305560024,-0.0932696290078917,0.417376823438363,-0.223466239067933,0.823172656095434,0.896295873791499,"RPTOR"
6.75675534945382,-0.191622214340882,0.246337812941077,-0.777883882515095,0.436637470795018,0.598722592529532,"CHMP6"
2.72649517947167,0.238132015678213,0.360307886999535,0.660912581351626,0.5086683771042,0.661415059309341,"BAIAP2-AS1"
4.90056407107623,0.0918761413706993,0.374108331040045,0.245586996459763,0.806001956329018,0.884874772112125,"BAIAP2"
3.15657976731795,-0.616843880654224,0.349640785709373,-1.76422175520151,0.077694651364487,0.175967448137295,"AZI1"
3.8753723228162,0.254982072802079,0.296761615389045,0.859215139625808,0.390221832186122,0.55555966145009,"ENTHD2"
68.8663605697432,-0.210702750117485,0.120676751285151,-1.74600946639348,0.0808093069218205,0.180792585986122,"C17orf89"
15.0491098277288,-0.149794673628249,0.162698624346414,-0.920688015832938,0.357213334797988,0.523739275807499,"SLC38A10"
1.62658695747825,-0.230640888234506,0.42637632998936,-0.540932673819539,0.588553989025765,0.72989566299187,"RP11-1055B8.7"
842.030529234737,0.232535985292201,0.132261565484388,1.75815237359828,0.0787215863849898,0.177405359647435,"ACTG1"
5.53891519097916,0.2158548042627,0.259622194761784,0.83141891801954,0.405737015550632,0.570782113333154,"C17orf70"
8.29168427799904,0.394463485303963,0.261302652555933,1.50960383082803,0.131144543281449,0.257934467098266,"NPLOC4"
15.6493028271771,-0.292366627712194,0.207738941091637,-1.40737517085555,0.159316169718642,0.296974528517757,"OXLD1"
9.75794735618802,0.850395374964497,0.203669983426383,4.17535937627192,2.97515995620474e-05,0.000461574816062622,"CCDC137"
16.0508567992503,-0.414760880932396,0.245483938665183,-1.68956422643231,0.0911113547536782,0.197814736630337,"ARL16"
12.1175458362348,0.0086664704841841,0.208944813237622,0.0414773181008718,0.96691537482363,0.981007190824423,"HGS"
2.25482500879046,-0.0900494217471308,0.39191609912404,-0.229767090324683,0.818272758695343,0.892840566606191,"RP13-1032I1.7"
130.416889353358,-0.401449314442323,0.1655292396832,-2.42524713585733,0.0152979687585422,0.0527583171539434,"MRPL12"
22.957070833671,-0.18523290605109,0.15708630831336,-1.17917919161727,0.238326830051201,0.39412659880555,"SLC25A10-ENSG00000183048"
130.586582086339,0.293230084679964,0.122039364172898,2.40275001977668,0.0162723067750855,0.0552068889651448,"P4HB"
49.9527818504833,0.398620088725188,0.206707905664134,1.92842207676797,0.0538026480212774,0.134351979193164,"ARHGDIA"
4.91951193979879,0.120392128518999,0.318797037777847,0.377645066460415,0.705694281364681,0.817214746813866,"RP11-498C9.15"
27.0529416461674,1.24239459847194,0.301652119797362,4.11863374043759,3.81125350844161e-05,0.000561382075245381,"ALYREF"
144.002710773332,-0.663197069271235,0.110195592560459,-6.01836292960056,1.76189815235187e-09,2.64085110900048e-07,"ANAPC11"
20.578282137808,-0.0605946639662803,0.215183530690847,-0.281595267870831,0.778253869125722,0.866766179746215,"PCYT2"
12.7784884656414,0.0534153881894027,0.184925055936303,0.288848841596681,0.772697054148473,0.863233207288593,"SIRT7"
6.28466194083423,0.367631570981384,0.32681493296168,1.12489220627042,0.260634714990994,0.419705368446352,"MAFG"
21.2485378031519,-0.188729007777412,0.193495883293676,-0.975364460291752,0.329379506128389,0.495232096989382,"PYCR1"
13.4737019721897,-0.0838027519549878,0.204649245413492,-0.409494556335476,0.682176760884792,0.79940610589141,"ASPSCR1"
209.878044537214,-0.534339067507547,0.143539799590243,-3.72258473979273,0.000197193695099356,0.00196470048511835,"STRA13"
11.7828071968425,-0.197818152419919,0.202710811904126,-0.975863845454276,0.329131940719357,0.494996936187815,"LRRC45"
4.69604835029074,-0.483093556375604,0.322336782980093,-1.49872301854374,0.133945502588856,0.26194244570217,"RAC3"
92.6700685126887,-0.730076926884975,0.173707759317615,-4.20290336915849,2.6351309909132e-05,0.000420227937757964,"DCXR"
6.24979199727064,0.575036235029162,0.350726494408815,1.6395574448929,0.101097217373173,0.213535775944789,"RFNG"
20.1725468537237,-0.0993734976142907,0.150744265583721,-0.659219090222044,0.509755089819089,0.662669412908224,"GPS1"
38.8116516182839,0.69923745264903,0.172727370372017,4.04821454262301,5.16098286751638e-05,0.000708574891798077,"DUS1L"
13.283794787426,0.849266181382526,0.255828969018592,3.31966385449025,0.000901258972249759,0.00628623791819678,"FASN"
8.88962452168001,-0.0907831716457534,0.249003268299516,-0.364586265335899,0.715420268836461,0.82455841705607,"CCDC57"
4.3227465323462,0.691666496501952,0.39190715092338,1.76487337593178,0.0775850491784602,0.175865922370711,"SLC16A3"
14.9359817920452,0.285636915789014,0.168740265643998,1.69276085170827,0.0905009971606059,0.196725546269852,"CSNK1D"
14.9245947589498,-0.224921317285735,0.185206332293582,-1.21443643152113,0.224581110583072,0.377137909530256,"OGFOD3"
8.38878351964547,0.79240960884183,0.25260563189411,3.13694355466311,0.00170718990470258,0.0102688625289881,"HEXDC"
7.3586902968061,0.376343782255958,0.218231802736897,1.72451392297612,0.0846151076923899,0.187458194520472,"C17orf62"
19.2794371684916,-0.078027933778401,0.17691348317725,-0.441051368030691,0.659175809487623,0.782427901658752,"NARF"
6.80047444606541,0.00041649026165992,0.256940137847061,0.00162096224104864,0.998706659820602,0.998997628478255,"FOXK2"
18.0055349651783,0.757281412680022,0.290282986252529,2.60876954056561,0.00908684167484746,0.0357159249326252,"WDR45B"
15.3548162753473,-0.394202479699651,0.188120122191873,-2.0954827963464,0.0361280961902665,0.100140664784659,"RAB40B"
16.9089780036601,-0.646405747749828,0.221403994982398,-2.9195758089244,0.00350508130941755,0.0176309323854908,"FN3KRP"
6.13568555698322,-1.01360318185999,0.304007383623925,-3.33414001257901,0.000855635760116426,0.00603715686727684,"FN3K"
9.70734009702939,-0.281060039279771,0.277404445137067,-1.01317784991116,0.310975218471157,0.475995894657754,"TBCD"
1.77256713412313,-0.473134846352472,0.394065631180795,-1.20064986366548,0.229887049923677,0.383809190461924,"B3GNTL1"
11.0295739560054,0.976403868422231,0.288070398879088,3.38946268766773,0.000700297385617192,0.00518774188799639,"METRNL"
15.9705391020403,1.14166114903711,0.221845232077352,5.14620548003952,2.65808258601523e-07,1.30618899928169e-05,"USP14"
7.93817563584127,0.784037047778784,0.226202875016258,3.46607905722875,0.00052810797000296,0.00415297071269526,"THOC1"
15.2137047117923,-0.0989359034963239,0.192426905863618,-0.514147972458927,0.607148539593085,0.743043856419544,"C18orf56"
75.6607878724489,0.147342399770142,0.128286542736447,1.14854135614866,0.250745150569553,0.408524874975133,"TYMS"
21.8295891598264,0.257597786760648,0.156139869350698,1.64978866596891,0.0989861677214946,0.210287515934161,"ENOSF1"
15.2677265417998,1.26786787288395,0.23112554390283,5.48562418274715,4.12011996787673e-08,3.02327721967171e-06,"YES1"
3.5768012015084,1.22728301082117,0.407138631599123,3.01441060997027,0.00257479073198197,0.0139715614172003,"METTL4"
7.84086493931739,0.642533115404537,0.250026844181592,2.56985651883791,0.0101740643791426,0.0390287315992542,"NDC80"
13.322576735495,1.63789978262596,0.270290544796371,6.05977461719908,1.36312414791124e-09,2.17698944798766e-07,"SMCHD1"
2.36896121281506,0.12823016845949,0.459076452914096,0.279322033716864,0.779997698485473,0.867462878192754,"EMILIN2"
7.94596069140152,0.981476745266506,0.33441767058334,2.93488302682831,0.00333673448876798,0.0170206371761485,"LPIN2"
1.28172536868559,-0.162776126237533,0.536440230924089,-0.303437581400502,0.761556409050081,0.855982467634432,"RP13-270P17.3"
127.80023002321,-0.267724730340338,0.115705453366858,-2.31384712258535,0.020676109484098,0.0659255869046695,"MYL12A"
202.366529757492,-0.162807964450781,0.14174042532037,-1.14863465438877,0.250706661176835,0.408524874975133,"MYL12B"
31.4117323760371,-0.57540831326767,0.226731701776076,-2.53783793250029,0.0111539624119865,0.0418562653055194,"TGIF1"
4.80545689033412,-0.0949460777997618,0.331979985746677,-0.285999403205626,0.774878578645637,0.864869616042304,"DLGAP1-AS1"
11.9898734301397,-0.396356570652563,0.21737936603289,-1.82334035601426,0.0682518577013347,0.159813534850473,"LINC00667"
3.33067578128474,-0.642527828431626,0.344789052232156,-1.86353895018394,0.0623864778289869,0.149821624635552,"LINC00526"
2.77320416007037,0.281966614317282,0.342155148234904,0.824089936310704,0.409888457917442,0.574150477619428,"ZBTB14"
9.12366817142637,0.729920586589782,0.298840865909951,2.44250592825456,0.0145856900603508,0.0510640212944582,"EPB41L3"
1.68800159219747,-0.206018434130179,0.515202544820355,-0.399878525836893,0.689245989567022,0.805727819881363,"L3MBTL4"
11.5270850696887,0.148262718474199,0.571193351372201,0.259566604054513,0.79519809963898,0.877448827685361,"LINC00668"
2.70297128831717,0.240132809797673,0.365042293110826,0.657821886202017,0.510652589149876,0.662804723098799,"LAMA1"
1.62084434891389,3.55497496688497,0.701353792606388,5.06873279129765,4.00472973165808e-07,1.78963481491005e-05,"RAB12"
115.416845801724,-0.232609624316781,0.136542039471196,-1.70357514226124,0.088460488719804,0.193587513647945,"NDUFV2"
19.7783729905205,1.13372678014934,0.243558756083479,4.65483893242072,3.24234069373302e-06,8.56585756472414e-05,"ANKRD12"
3.39552350005554,0.698814059847267,0.368056214201522,1.89866121772541,0.0576090337993718,0.141450171164634,"TWSG1"
39.6794257700033,0.365862529276754,0.147469711265122,2.48093338040788,0.0131038861358873,0.0470751582652119,"RALBP1"
6.64135769222676,0.533353124834696,0.298170728368201,1.78875078634841,0.0736549599020386,0.169540666497698,"PPP4R1"
63.4289492218314,0.0091686914689676,0.131454389870046,0.0697480812777088,0.944394171611591,0.967572973078527,"VAPA"
8.36601511030672,0.929824499254099,0.254730193518889,3.65023276749935,0.000262002770452705,0.00242363721219453,"NAPG"
20.7265969448696,-0.37386700143833,0.21429862383257,-1.74460757027739,0.0810532021817928,0.18115708116014,"CHMP1B"
7.15215380470273,-0.0413105653081589,0.224097481017502,-0.184341944053055,0.853745211112223,0.9155152660185,"MPPE1"
69.8098926463643,0.139344031523328,0.117047331846871,1.19049301957286,0.233852671981941,0.388740244562051,"IMPA2"
39.9690364872322,0.04123035980295,0.147332444871069,0.279845758610948,0.779595843377997,0.867460129004615,"AFG3L2"
45.525762105527,-0.172625349259713,0.149612018341787,-1.1538200685546,0.248573944698479,0.405941810439922,"PSMG2"
2.03242354968867,0.440132574097837,0.422189982930397,1.04249885571159,0.297180455716299,0.459740704997009,"CEP76"
12.5205165705022,0.425483935128593,0.198206680256751,2.14666798605089,0.0318197231895503,0.0911533088468783,"PTPN2"
9.45148612199583,0.0257341208119807,0.260809422947845,0.0986702110725765,0.921400121537222,0.953971296047057,"SEH1L"
4.18823926166286,0.972578051308775,0.316305955215738,3.0748015814164,0.00210642638799533,0.0120342444501624,"CEP192"
2.82068002805633,0.703784020993917,0.371364290217279,1.89513111393167,0.0580750335119268,0.142336913549881,"LDLRAD4"
8.52101147688682,0.337326152720339,0.229151016205884,1.47206919831969,0.141002192179065,0.271841613183853,"FAM210A"
12.095288906533,1.43109793319336,0.255499642205718,5.60117392274504,2.12904982625952e-08,1.77857547024449e-06,"RNMT"
1.84750027885097,1.2453010835223,0.450014113504967,2.76724895097886,0.00565315672253406,0.0252543323762731,"ZNF519"
17.5237802240739,1.28492815261798,0.225816930666276,5.69013204114847,1.2694117323519e-08,1.19876620985579e-06,"ROCK1"
5.0879302758337,1.94112866305658,0.424901051425716,4.56842518168242,4.91402417425786e-06,0.000117552711935861,"ESCO1"
151.903449404756,-0.32745929533631,0.0931910204077698,-3.51385030342482,0.000441661635255439,0.00367543705660848,"SNRPD1"
14.1282582994376,-0.243034990849624,0.180006176290738,-1.35014806634792,0.17696849287442,0.319461075900299,"ABHD3"
5.50167380754826,1.52786828426899,0.365784980718797,4.17695740614227,2.95434320629173e-05,0.000459000961664208,"MIB1"
6.26852777466469,-0.748888965386645,0.243467477505348,-3.07593019429133,0.002098469674497,0.0120070498762052,"GATA6-AS1"
14.713218697556,0.551644758100778,0.264568190265118,2.08507590254137,0.0370624112492132,0.101949793861817,"GATA6"
12.17279733841,1.09773771251373,0.231273604196205,4.74648940733611,2.06977558643762e-06,5.93080814477905e-05,"RBBP8"
15.1361430664351,1.26789385868296,0.264630022906851,4.79119430499861,1.6579147192924e-06,4.97374415787719e-05,"RIOK3"
2.36368403073637,0.470178395976878,0.344065553689447,1.36653725121597,0.171770397033763,0.312571466452189,"C18orf8"
1.91774548972537,1.53988092513424,0.468759737544873,3.2850110660087,0.00101978366324045,0.00690452031346092,"NPC1"
4.3845795686108,1.031468667538,0.489634272383868,2.10661043500104,0.0351513614762579,0.0983622225282558,"LAMA3"
4.97932771707819,0.147018522183026,0.313404944353939,0.469100838488983,0.638997559766449,0.766204427411244,"TTC39C"
7.77656300419167,0.688341596894865,0.248914431229161,2.76537440394988,0.00568574953532754,0.0253582094265532,"OSBPL1A"
8.8544851995984,0.209736891865952,0.242456656675178,0.865049014294292,0.387011887155762,0.552728707852653,"IMPACT"
1.80567042925292,1.04127230362556,0.454990216156916,2.28855976820927,0.0221049437099495,0.0694416224154039,"SS18"
1.98456694549483,0.931706630158986,0.505121191353885,1.84452097062433,0.0651072525290578,0.154448397218342,"TAF4B"
1.68691358912388,0.413087221208697,0.577177236375947,0.715702552308613,0.474175034496244,0.631535549991319,"KCTD1"
23.8937819183631,1.13572124877461,0.294138071694792,3.86118411068212,0.000112838832557703,0.00127782035618004,"DSC2"
51.8312448437735,0.980457846262373,0.241974177369193,4.05191106308189,5.08009769795885e-05,0.000701014752221514,"DSG2"
4.29827702419101,1.06132507546167,0.38018338164168,2.7916135389157,0.00524459540641039,0.0239312210561415,"TRAPPC8"
3.77106848873503,0.973849251339946,0.380870012588086,2.5569071314448,0.0105607407685625,0.0401433828304475,"RNF125"
11.0541509738482,0.0265349106824741,0.258178319341686,0.102777455326745,0.918139598536566,0.951794200086589,"RNF138"
4.36509202963625,0.412355170400464,0.369094451443217,1.11720771956362,0.26390552071258,0.423513980924874,"GAREM"
4.78646605613325,0.084768097742951,0.346370191755265,0.244732658181064,0.806663439256582,0.885421967892307,"MAPRE2"
4.46990004664296,0.864214195574209,0.305850130570973,2.82561329616195,0.00471901962605937,0.0220744190009562,"ZNF397"
0.993023290281327,0.721427108522174,0.574432633629125,1.25589506286294,0.209154018827282,0.359059855274151,"ZSCAN30"
13.71862437647,0.492697651824436,0.205573478972572,2.39669851523101,0.01654352936093,0.055917438176066,"ZNF24"
12.2666695517597,-0.77595421026644,0.208769026798678,-3.71680714407275,0.000201756330795235,0.00199915488360972,"INO80C"
30.8914645396191,1.06665545306597,0.257600079435133,4.14074194155893,3.46184252356047e-05,0.000521437029207582,"GALNT1"
5.02609703173651,0.0628568368149257,0.267413478852811,0.235054856189665,0.814166156624048,0.890955709485808,"C18orf21"
8.50872770007589,0.651568939531507,0.229008604769791,2.84517230340096,0.00443874053150431,0.0211166991306163,"RPRD1A"
2.25943105860135,0.610551594574615,0.377965620844669,1.61536277614395,0.106232156355488,0.221011727590154,"SLC39A6"
9.33461562138327,0.0828969719536819,0.212297600923166,0.390475311982841,0.696185107518439,0.810611157676664,"ELP2"
5.77675493920331,0.162675638629827,0.288454880867679,0.563955229810966,0.572784601324944,0.71589835083311,"RP11-49I11.1"
3.66700118318713,0.665727286490703,0.425854477743744,1.56327412598278,0.117988131417021,0.238879773897995,"MOCOS"
31.3250226783473,-0.286005737510316,0.158605481320794,-1.80325254290452,0.071348562033138,0.165265834055649,"TPGS2"
2.72038292131975,0.351941103629738,0.388507984706679,0.905878688427603,0.365000065577157,0.531282765335468,"KIAA1328"
1.29647522175969,0.258494646303289,0.515816371014598,0.50113695653908,0.616274739182542,0.749121343141342,"LINC00669"
4.22201465557536,0.860144948454408,0.32382097468959,2.65623605536649,0.00790182808782694,0.0322608470051882,"PIK3C3"
2.70063776850299,0.440659506223968,0.438267458194048,1.00545796404729,0.314676380953136,0.480235765565416,"SETBP1"
3.41725162974415,0.633286109682422,0.440430206161156,1.43788073756844,0.150467896012842,0.284832029056904,"EPG5"
243.069254101697,-0.555343989819452,0.117221462165249,-4.73756238457914,2.163042805209e-06,6.16552358650125e-05,"ATP5A1"
22.3571752114544,-0.409580979938312,0.163245846723172,-2.50898254479251,0.0121079467342221,0.0443778648863477,"HAUS1"
2.97470898587385,0.522196333322593,0.332778754162071,1.56919973643591,0.116601405625627,0.236424806776382,"C18orf25"
7.57754733629244,0.337470534127189,0.358658236621718,0.94092509154648,0.346743248149809,0.513238609091852,"PIAS2"
9.41828028807198,0.450277388409302,0.216611412201062,2.07873345099356,0.037641856595578,0.102918067126882,"HDHD2"
42.079007640393,-0.334860920575254,0.154912075347529,-2.16161922706173,0.0306475381976295,0.0885192193686851,"IER3IP1-ENSG00000134049"
17.4426694416425,0.817615895837773,0.295425290654201,2.76758937607276,0.00564725585500453,0.0252543323762731,"SMAD2"
9.01364736349932,0.35272056616889,0.279062600637788,1.26394782160977,0.206248755744195,0.355477144482139,"ZBTB7C"
4.14818845675791,0.143308626217196,0.381774204438618,0.375375351584912,0.707381333508835,0.818121542269004,"SMAD7"
4.25981050758392,0.465289777570924,0.285630948364656,1.6289893662955,0.103315270064728,0.216686719370981,"DYM"
4.27381516048216,0.191693488002718,0.324351135262143,0.59100606460893,0.554516357490087,0.700075289739868,"C18orf32"
215.278631661772,-1.38610689563962,0.363640949797504,-3.81174588948654,0.000137988694822953,0.00150005728306032,"RPL17"
2.34110737089349,0.458251418079528,0.554526848363162,0.826382743111866,0.408587009497153,0.573063634485428,"LIPG"
77.031620748976,-0.390103679460812,0.156705821540376,-2.48940132297701,0.0127958433836864,0.0463055178763193,"ACAA2"
14.4543479411866,0.431996711399891,0.185342937876742,2.33079671849801,0.0197640812434885,0.0639183806742957,"MYO5B"
6.3906864605363,-0.171682014298213,0.236720827997328,-0.725250987632362,0.468298067963355,0.627014796952538,"MBD1"
11.3309398326027,-0.0721130049069011,0.218522780187472,-0.330002230637167,0.741398276646852,0.841799680058708,"CXXC1"
3.7296371284726,0.598335978914095,0.328509073546847,1.82136819678671,0.0685509061946453,0.160237374359416,"SKA1"
17.2114930936405,0.528657596671674,0.200502803157683,2.63665938004825,0.00837268575449496,0.0336611873822631,"ME2"
4.73303926210482,-0.157382006511255,0.251363680537138,-0.626112754933195,0.531240986676301,0.681645920261835,"ELAC1"
13.0378243871294,0.345921462565959,0.255688156795563,1.35290373594637,0.176086385737852,0.318133114142916,"SMAD4"
4.58842128132965,0.742886589423192,0.422175753313828,1.75966190287333,0.078465148921325,0.176974354576447,"MEX3C"
21.2922365120091,1.48821833652237,0.286672061447733,5.19136161719653,2.08761718065197e-07,1.09524263680582e-05,"MBD2"
1.29853472858048,0.0815497948653042,0.453588003547828,0.179788253277085,0.857318805875345,0.917843410904922,"POLI"
1.78738491261084,1.01347558472951,0.499637152626012,2.02842318551141,0.0425170757435419,0.112811004782523,"C18orf54"
4.67860637550548,1.00531214013089,0.35244463672642,2.85239732818307,0.00433908270299641,0.0207544298224378,"RAB27B"
6.86362500848887,1.19189873398976,0.312739891071522,3.81115031378321,0.000138321622179242,0.00150123437153484,"CCDC68"
40.9091848426848,0.160148050774462,0.138456785911932,1.15666451246621,0.247409453826098,0.404344118668385,"TXNL1"
1.44488702174884,1.01085114250118,0.457427321210139,2.20986175427158,0.0271147582717966,0.0806756917347154,"WDR7"
4.34134908665843,0.224174916287598,0.408092439135703,0.549323865843674,0.582783211888826,0.724848021709688,"FECH"
40.6584721150791,0.54552746470113,0.167845134070528,3.25018337720711,0.00115330614416138,0.00762783479025128,"NARS"
1.12852238795137,0.730519399172483,0.565899960543975,1.29089848048455,0.196738882394553,0.344499236182659,"RP11-35G9.3"
55.6747682559029,0.802795877243264,0.261944665532734,3.06475367845558,0.00217849336800682,0.0123671918330131,"ATP8B1"
15.0131337068829,0.330016696340816,0.223873761937422,1.47411958187876,0.14044939704623,0.271064590709447,"NEDD4L"
3.21516654568555,1.15250860703707,0.330814291848765,3.48385373738312,0.000494249507512529,0.00395278765543662,"MALT1"
41.8140612502905,0.352442266416268,0.205763466558543,1.71285151981046,0.0867398591508173,0.190880419529458,"SEC11C"
34.9637541186442,0.643550447227017,0.206748885385951,3.11271543750121,0.00185374660887107,0.0109292552509988,"LMAN1"
23.4072745104608,0.549531025679698,0.56208059323391,0.977673010409399,0.328236074558983,0.494159372637827,"PMAIP1"
3.19299476166389,1.39122633323605,0.506122526999069,2.74879354113122,0.00598150492251465,0.026363288741278,"RNF152"
4.96413752424614,0.657917625014118,0.318676560660026,2.06453095781966,0.03896740178918,0.105374995874127,"PIGN"
6.95288959212321,1.13754001458741,0.355356452530274,3.2011238475837,0.0013689267976725,0.00865844206332166,"KIAA1468"
13.62956956426,1.07105189093652,0.23958202281761,4.47050191137208,7.80362464584377e-06,0.000166075675079721,"TNFRSF11A"
3.42538449049325,1.02126686495079,0.396687378708814,2.57448792113056,0.0100388591724027,0.0386740016361453,"ZCCHC2"
5.95824405723494,0.540407332322585,0.328212866323351,1.64651477066162,0.0996578216033165,0.211177354656003,"PHLPP1"
6.24538859798456,0.970230545774375,0.339434896634455,2.85837005975033,0.00425823469797634,0.0205075072372608,"BCL2"
13.7711724867774,0.320120526897934,0.234888228575561,1.36286321728104,0.172925623028167,0.314042184964197,"KDSR"
23.2181062109646,0.953697439582594,0.226712242342511,4.20664287789881,2.59192238998621e-05,0.000415166329723455,"VPS4B"
0.957601246780883,2.13481791767775,0.687674307951498,3.10440261180781,0.0019066368503816,0.0111462129301646,"SERPINB5"
0.707112720473598,1.32376079960488,0.651283842077555,2.03254052086132,0.0420989659556478,0.111810900043613,"SERPINB8"
4.96803460437275,0.745919633170536,0.358593971236409,2.08012318388581,0.0375142356261045,0.102672529964591,"TMX3"
1.55587338547371,0.725655543590668,0.444075021239609,1.63408322666977,0.102241376309221,0.214890912854295,"RTTN"
8.44882426721825,0.488453730975558,0.261418414550007,1.86847484258658,0.0616959135458289,0.148619428773577,"SOCS6"
10.9463278900022,-0.306574903460228,0.189030053265715,-1.62183154563938,0.104839421980192,0.219037345653114,"TIMM21"
116.607873328952,-0.573396032292223,0.121871022976262,-4.70494148887145,2.53938773217342e-06,7.01723938203647e-05,"CYB5A"
29.3666775392109,0.0981870647004946,0.150100014489938,0.654144271965252,0.513018861012865,0.664922404893151,"CNDP2"
3.39206710527823,0.455492678306959,0.301736510553528,1.50957097459426,0.131152932296147,0.257934467098266,"LINC00909"
1.74135214003773,1.44530813205731,0.509157429590469,2.83862720655931,0.00453080560466582,0.0214585908707679,"ZNF407"
13.9847692195771,0.164296632438055,0.169752587945659,0.967859367720799,0.333114609369957,0.499120399801012,"ZADH2"
4.58143084072148,0.647689607830231,0.34247140769533,1.89122242989239,0.0585946583993754,0.143169817802186,"TSHZ1"
2.00808953857392,0.101378841532024,0.510952333019774,0.198411544444599,0.842723085834512,0.909095770468368,"ZNF516"
2.90777868355704,0.64814257983719,0.399199859062193,1.62360423012127,0.104460302076961,0.218461167025603,"ZNF236"
14.1653338844786,0.806439938471466,0.218906843033462,3.68394120209478,0.000229655237631034,0.00219976859982863,"MBP"
4.26296642856593,0.342447898951394,0.298009888584934,1.14911589201778,0.250508196202458,0.408425012874747,"ATP9B"
2.35721482360654,1.30666599549048,0.647875443302016,2.01684754222327,0.0437114258237049,0.115164018545715,"RP11-800A18.4"
3.5517000061356,0.0858235070632762,0.30407498834053,0.282244546095858,0.777756003338522,0.866579159043062,"CTDP1"
18.6134744572412,0.481731891910515,0.192291671045086,2.50521454877556,0.0122377135079691,0.0447329413317213,"PQLC1"
36.9819913245061,-0.371215017440558,0.155148182884537,-2.39264818020343,0.0167272720852916,0.0563564802927488,"HSBP1L1"
57.4323624920558,0.223908351571194,0.121936840015883,1.83626500032335,0.0663184734392852,0.156637368758294,"TXNL4A"
18.6396085368543,0.0156175904095425,0.155026996165001,0.100741101846031,0.919755982769717,0.953125380991156,"RBFA"
6.36067011709512,0.611652863523387,0.277104035845158,2.20730406057735,0.0272928238155056,0.0810722282922294,"ADNP2"
1.35188596739654,0.910946984645476,0.503539540226311,1.80908729478535,0.0704374426000421,0.163416070633723,"AC139100.2"
4.80350289464359,-0.679627365768945,0.301929331833399,-2.25094846413914,0.0243888016734202,0.0743995466779054,"C20orf96"
6.86985849247643,0.439414220177223,0.348615409458575,1.26045552851397,0.20750508098282,0.357188964887212,"ZCCHC3"
2.1182989450186,0.700641879715491,0.398532734616557,1.75805352699473,0.0787384021164671,0.17740644128316,"RP5-1103G7.4"
34.0925768343407,0.0273523890194982,0.144677790096805,0.189057276871567,0.850047925686322,0.913378893138761,"RBCK1"
5.46017938090192,0.553026882929874,0.241892189886038,2.28625357102443,0.0222394283720053,0.0696826867051291,"TBC1D20"
16.3016261613534,1.09190873673213,0.193571931628259,5.64084228300753,1.69220313486215e-08,1.48204242295185e-06,"CSNK2A1"
3.29479726085814,0.469423401259742,0.334253378411597,1.40439388672894,0.16020159029221,0.297836323186481,"SLC52A3"
2.68909458525567,-0.217711520541512,0.342090887092312,-0.636414265203046,0.524506445443076,0.675618550291994,"FAM110A"
21.5681421587169,0.0825193037918587,0.161197251790998,0.511915078421126,0.608710444764936,0.744105253253331,"PSMF1"
9.69222500434791,0.261941307434462,0.380131850567921,0.689080136387201,0.490772839364547,0.645175285740102,"SDCBP2"
94.0349000521784,-0.369307193648934,0.19953526446941,-1.85083671616127,0.0641930472036428,0.152981455482019,"FKBP1A"
20.3818418016074,-0.337094633053879,0.160004079099817,-2.10678774535232,0.0351359822182668,0.0983445275490663,"NSFL1C"
5.08363471106521,0.30648330009284,0.347850773991454,0.881076953131544,0.378276170430462,0.544116451771498,"STK35"
185.322066435202,-0.333470973547194,0.145909004688163,-2.28547219727726,0.0222851548618817,0.0697856925605639,"SNRPB"
53.2128481467251,-0.0381041103821107,0.121626288271618,-0.313288442191182,0.754061530282787,0.850904844022347,"NOP56"
48.7643480741829,-0.6444448064229,0.13622555411964,-4.73071892118652,2.2372611292691e-06,6.27820564957685e-05,"IDH3B"
5.82057484982078,-0.27926500290337,0.337391716275219,-0.827717425864621,0.407830548021876,0.572523235718404,"PCED1A"
6.35463607369332,0.294281135271387,0.265460153283223,1.10856989884058,0.267615769592543,0.427398126143385,"VPS16"
15.5434780604338,0.634420272536196,0.205977593073488,3.08004508194175,0.00206969264488603,0.0118611409622492,"PTPRA"
66.4858044487566,-0.394345068393916,0.160055346913143,-2.46380440266025,0.0137471108192988,0.0489166525221447,"MRPS26"
1.83482101537772,-0.144477486752893,0.428882515588174,-0.336869612310391,0.736215193647736,0.838345077384337,"UBOX5"
3.15320732290972,0.186351468522624,0.314316748777168,0.592877946363387,0.553262838116249,0.698970162764981,"FASTKD5"
1.36553893114654,0.0239921264178916,0.51633775346155,0.0464659542267584,0.962938869353737,0.978801583787119,"LZTS3"
33.5538675647026,-0.396967021571948,0.165815059930522,-2.39403478633534,0.0166641682400137,0.0562421415718473,"DDRGK1"
39.4215765204658,-0.521369359911907,0.163354836011305,-3.19163712959087,0.00141468939424281,0.00886946871367704,"ITPA"
3.53143083397797,0.315477448347114,0.35680336032931,0.884177346468781,0.376600485152983,0.542712482585111,"ATRN"
22.7894295457688,-0.408393300572077,0.19122551415368,-2.13566323709224,0.0327068729693168,0.0932030019540228,"C20orf27"
12.1868101411967,0.598295399772985,0.242355520078726,2.46866834136329,0.0135616846938256,0.0483995714015597,"CENPB"
4.82825540818872,0.396266591330467,0.398548458912362,0.994274554245869,0.32008922031094,0.486109485747001,"CDC25B"
2.26591927465566,0.299827530569144,0.388847021935711,0.771068090161984,0.440666573391839,0.602194411354647,"AP5S1"
2.99705514883623,0.869441727205167,0.371274738122589,2.34177453494854,0.019192305076782,0.0625347834184977,"MAVS"
8.98996743848132,-0.186529854947174,0.220683046631107,-0.845238715862829,0.397977570093084,0.563572357701251,"PANK2"
1.98277569577919,1.33668622327779,0.417955300415758,3.19815593186193,0.00138309470747376,0.00872265303319688,"RNF24"
2.35905312300506,0.327034437542875,0.446116962567029,0.73306882495807,0.463516453086799,0.622373588319708,"PRNP"
45.4892743772486,-0.379448442401077,0.156043704931414,-2.43168055108571,0.0150289557897558,0.0520454272566159,"TMEM230"
129.384285614144,-0.331966685224975,0.14067664416793,-2.35978535874581,0.0182855115126788,0.0602307112610529,"PCNA"
6.0828017262035,0.251687783350493,0.225341099903488,1.11691912153748,0.264028908003145,0.42353824828865,"CDS2"
4.83076241806358,0.938090946009433,0.338634975491778,2.77021280701175,0.00560196785075437,0.025149801926082,"GPCPD1"
3.91587824425338,-0.10730472280002,0.255319965931445,-0.420275486127991,0.674284215742544,0.793481808859383,"C20orf196"
0.339996595365404,0.654567733356813,1.20676201273833,0.54241658789996,0.587531554958007,0.72910979061948,"CHGB"
6.85964063479651,0.305000342513513,0.264514149413236,1.15305870476149,0.248886289820179,0.406207560481987,"TRMT6"
5.27384721501728,0.805095150738239,0.298059599658061,2.70112135848621,0.00691061174803931,0.0292247833269887,"MCM8"
30.5594867946625,-0.614401645922266,0.163100069457145,-3.76702258905966,0.00016520605788529,0.00171196353877314,"CRLS1"
51.107629755873,-0.0589454186543956,0.154821812861737,-0.380730709483659,0.703403079179442,0.81572342156067,"FERMT1"
6.9816007030592,1.2676415151028,0.369238855581982,3.4331205828942,0.000596676668309013,0.00455369544471952,"BMP2"
10.9989335195637,1.10377780924071,0.239073825836215,4.61689106024048,3.89531620279219e-06,9.79239212090815e-05,"TMX4"
15.4363400423099,0.838974799008664,0.224868909019023,3.73095063549977,0.000190758602571901,0.00191239426948693,"PLCB4"
1.32451466908803,0.434675130942401,0.439416910415671,0.989208928102504,0.322560931106902,0.488687645336095,"ANKEF1"
54.7171863767357,-0.265234305569688,0.134433368676879,-1.97297968636938,0.0484978767514999,0.124335916317585,"MKKS"
1.43640243889972,0.726286807101794,0.44908030404202,1.61727602071329,0.105818713006399,0.220320403230348,"SLX4IP"
10.3518299226567,1.09065708831083,0.312381620621437,3.49142528341178,0.000480450823960933,0.00387356789028637,"JAG1"
3.08160835139337,-0.288847714617176,0.393279917150624,-0.734458338757606,0.462669442415406,0.62187471312176,"RP1-278O22.1"
3.99377074647296,0.869401360152231,0.366500315314382,2.37217083812456,0.0176839120368581,0.0586224922833573,"BTBD3"
2.07975876766148,0.715331261684287,0.366016009109331,1.95437151348922,0.0506572970544467,0.128597065453785,"SPTLC3"
5.81697375948922,0.294476436005641,0.270369866009359,1.08916145261339,0.276082694292177,0.436936470418689,"TASP1"
16.3515286165079,0.997854680603522,0.246184463673949,4.05328047802845,5.05043908176345e-05,0.000697808758625331,"ESF1"
6.6532360937016,0.112083582872248,0.233119757735745,0.480798298526467,0.630659859647096,0.759730013950911,"NDUFAF5"
1.79392321376857,0.667764932169031,0.517978707302102,1.28917448295721,0.19733743396323,0.345380263149182,"MACROD2"
6.76423308754412,1.44299205238528,0.252392225623108,5.7172603031762,1.0825522075412e-08,1.0748390436593e-06,"KIF16B"
43.6462860164317,0.406624029764117,0.192756326218395,2.10952365476922,0.0348994064182461,0.0978737372768011,"SNRPB2"
205.908768728917,0.419589975936952,0.144748811849341,2.89874556188878,0.00374658796114493,0.0185366493202888,"DSTN"
56.2578547925219,1.19533678730546,0.192868059169991,6.19769179225218,5.72971988645692e-10,1.13135923576222e-07,"RRBP1"
38.4600972847704,-0.0288866003294053,0.131306327437119,-0.219993970536102,0.825875850498496,0.898068662903141,"SNX5"
7.44718062052577,0.331738701477817,0.263514363717124,1.25890177976761,0.208065810915679,0.357700602587348,"OVOL2"
14.03292099767,0.594835765135336,0.190309814408217,3.12561791405779,0.00177431921078137,0.0105699981508972,"MGME1"
8.94933973210741,-0.396621510407796,0.218418539951399,-1.81587840709882,0.0693890262993115,0.161570502918208,"PET117"
3.20498192498365,0.0947540425805784,0.325259461124165,0.291318328613988,0.770807870856116,0.86209819541683,"CSRP2BP"
2.67501809879401,0.214421005254989,0.400700298327695,0.535115661630066,0.592569880679879,0.732783979068946,"ZNF133"
2.62267085549571,-0.0574979167909667,0.401668629891901,-0.143147640896031,0.886173580346437,0.933962701347164,"POLR3F"
1.6543376572962,1.41598192820543,0.498963684793216,2.83784566163817,0.00454191385858004,0.0214924551216467,"RBBP9"
9.03632097062714,-0.0311986975302368,0.230315243622779,-0.135460845055204,0.892247519980283,0.937390738800994,"SEC23B"
60.4588336397759,-0.356878774121192,0.153484263102913,-2.32518153266241,0.0200622553995313,0.0646133136532949,"LINC00493"
11.622985466533,-0.216117830664748,0.211613202182891,-1.02128708622803,0.307118442886473,0.470822457615345,"DTD1"
4.32788925004808,0.933060925205426,0.518349841866822,1.80006021000225,0.0718511315626049,0.166198783550562,"RIN2"
33.5722950726895,-0.535495749087389,0.146522633585689,-3.65469645189131,0.000257486439940541,0.00239820131882871,"NAA20"
5.72636136383229,0.69814479988296,0.293458859884808,2.37902103264834,0.0173586854822279,0.0578445303273994,"CRNKL1"
12.4495369175419,0.675789153170421,0.249960822058389,2.70358029552552,0.00685968722089161,0.0290660176429508,"RALGAPA2"
27.5606199559303,0.299040517572331,0.160003167080271,1.8689662400389,0.0616275114327434,0.148580649164438,"XRN2"
2.4366703148696,1.33610867134001,0.59227249842612,2.25590192840378,0.0240767737377795,0.0736960999978256,"LINC00261"
6.14461466206432,0.481499709978878,0.452241973402167,1.06469487198768,0.287014031404849,0.449002071601363,"FOXA2"
19.9748918755879,-0.605066786193664,0.17154916139654,-3.52707516182511,0.000420177467104414,0.00354555345202326,"NXT1"
1.86603965651731,1.27692366191344,0.522053976019275,2.44596099363161,0.0144466629191921,0.0507244614621489,"GZF1"
1.60910446043951,0.866235674123006,0.406126741408073,2.13291956870336,0.0329313247723315,0.0936460295961037,"NAPB"
385.363298808863,-0.151914284836676,0.180027307827544,-0.843840229962234,0.398758691504503,0.564237054037642,"CST3"
25.0136509170732,-0.472510201534238,0.187222378239628,-2.52379125816609,0.0116096843182931,0.0430017638801717,"APMAP"
9.06182084868674,0.0633703473295842,0.257399144610387,0.246194863722274,0.805531391377182,0.884709900822008,"ACSS1"
19.2370983542469,-0.142917894373198,0.162615935370903,-0.878867707812422,0.379473009440411,0.545075773646041,"ENTPD6"
17.2961792475126,0.154878874405001,0.216686188181011,0.714761174697583,0.474756629692171,0.631845220399139,"PYGB"
12.3966891888191,-0.189474891631191,0.228717103575515,-0.8284246725284,0.407430038595583,0.572108898260671,"ABHD12"
6.19471092461748,0.211914134898612,0.239059269346642,0.88645019069029,0.375374983375246,0.541233712089109,"GINS1"
2.16264832433226,0.615368993674423,0.383750350564758,1.60356594533086,0.108809762262534,0.224626292692877,"NANP"
2.05643977463548,-0.171767125620665,0.468857425081927,-0.36635257635229,0.714102002112169,0.823351496224456,"ZNF337"
7.33857376344932,0.225422552969689,0.313754613002769,0.718467692991974,0.472468961101357,0.630577967010046,"FRG1B"
22.6641513583225,0.115288593201689,0.192504937796879,0.598886420894487,0.549248627243146,0.696664341492708,"HM13"
91.0759502678275,-0.378834421486727,0.270562346871399,-1.40017421443639,0.161461155457273,0.299328806463978,"ID1"
5.43382642494984,-0.170106083381684,0.275556184679394,-0.617319054477405,0.537024301085215,0.686288998562654,"BCL2L1"
12.18790500721,0.767824300119277,0.29174501933073,2.63183344785349,0.00849254840668591,0.0340077712745608,"TPX2"
8.74407084845975,-0.266424094412601,0.269719497731635,-0.987782109388646,0.323259371276508,0.489077287832665,"PDRG1"
7.40454105886366,0.472203775963936,0.240700231062016,1.96179195126021,0.0497867111421311,0.126950853017972,"TM9SF4"
6.55700068516611,0.235377731810505,0.303474810427972,0.775608794280377,0.437980006255532,0.599730534350659,"PLAGL2"
9.27474341160209,-0.187970625792965,0.323490880816163,-0.581069318920885,0.56119373571762,0.705634360297945,"POFUT1"
14.4297352072741,1.39171080148691,0.369999388687517,3.76138675910699,0.000168973918494444,0.00174370563400089,"KIF3B"
9.36802865160478,0.101625251496773,0.205762233053893,0.493896523129952,0.62137926018561,0.752140750145183,"ASXL1"
8.67838561384022,0.0712252002426806,0.228040933411731,0.31233515482101,0.754785825743054,0.851368307807392,"C20orf112"
24.2544167548131,-0.0937105477701273,0.147382282596886,-0.63583319595097,0.524885148301568,0.675988434402993,"COMMD7"
16.4787358823185,0.067913820352078,0.28386891083134,0.239243600692958,0.810916695654887,0.88874309363327,"MAPRE1"
2.52478279467619,1.21564502733419,0.448724884100095,2.70910990321415,0.00674639880094406,0.0287655637920112,"RP5-1085F17.3"
7.6807899567851,-0.16958454925161,0.241049843787592,-0.703524825351242,0.481728741299164,0.637919050177896,"CDK5RAP1"
8.29309680099849,0.336784126581961,0.261489496959614,1.2879451392802,0.197765060914167,0.345850009907868,"CBFA2T2"
6.57073361810934,0.0508936408710286,0.238812213789786,0.213111549293821,0.831239956528166,0.90119456203413,"NECAB3"
12.6030638967508,-0.114103331535151,0.203106963855753,-0.561789361472545,0.574259541256168,0.717453687196075,"E2F1"
5.15957757804013,0.265084199523807,0.298721479066967,0.887395845627762,0.374865819376644,0.540571344898466,"PXMP4"
46.069789141783,-0.614905694074751,0.240247387977647,-2.55946880110081,0.0104832265130014,0.0399746628971894,"CHMP4B"
1.51929259866513,-0.0862323109470138,0.403886784979057,-0.213506146162929,0.830932195694236,0.901130781429938,"RP5-1125A11.1"
73.3379865711358,-0.4505325623712,0.135545623447006,-3.32384440687857,0.00088785716765728,0.00622072828436004,"RALY"
86.3780533287145,0.416909950623324,0.161021407298196,2.58915853251269,0.00962107899004106,0.0373694269784857,"EIF2S2"
50.6840723376238,-0.401346057102272,0.132164263668413,-3.03672147040602,0.00239166340637195,0.0132856596384651,"AHCY"
3.4216322199879,1.24697793362366,0.429603721783674,2.90262367478179,0.00370051014547076,0.0183756470872485,"ITCH"
55.3347095231913,-0.084827363780987,0.119353385795043,-0.710724402294333,0.477255034957862,0.634533434139075,"DYNLRB1"
22.7445604327084,-0.496836875313072,0.195846096209188,-2.5368740298116,0.0111847192244888,0.0419282191156192,"MAP1LC3A"
14.1373290747592,-0.23686715008875,0.16868951059626,-1.40416051508777,0.160271056723328,0.297858292882714,"PIGU"
6.1761720979674,0.445464445855633,0.26266667480799,1.6959305788649,0.0898990278157885,0.195808953485652,"NCOA6"
4.60064872666341,0.666123627643041,0.413189773311964,1.61214935767568,0.10692944232209,0.221824974903133,"TP53INP2"
4.79746793818629,-0.503795152894743,0.354535220719379,-1.42100170435113,0.155316263964898,0.291318588369395,"GGT7"
25.0451008246376,0.194167787572787,0.205097355441965,0.946710342287805,0.343786398906041,0.510671630709835,"ACSS2"
36.8108567705539,-0.189977272476252,0.142866258135273,-1.32975605965946,0.1835986576639,0.327864600250018,"GSS"
10.09965426462,-0.391122706834484,0.220958724435373,-1.77011660360522,0.0767077181585831,0.174196355648024,"TRPC4AP"
5.87578720610103,-0.0200758538041095,0.227311900357574,-0.0883185340166048,0.929623508501371,0.959030236755475,"EDEM2"
30.2580637203544,-0.156145806635883,0.160162075731384,-0.974923719756001,0.32959809922534,0.495355017656684,"MMP24-AS1"
95.4840336291436,-0.517785800745865,0.163897631540926,-3.15920245996093,0.00158201547548513,0.00967926088099636,"EIF6"
6.49664726732726,-0.200368727735225,0.244490626097522,-0.819535419142417,0.412481002487403,0.576369491381008,"UQCC1"
2.65852731528279,-0.255474830101078,0.355941333995288,-0.717744205859665,0.472915021033534,0.630708231416453,"CEP250"
85.8693556896902,-0.822529201494715,0.168919777786633,-4.86934811466347,1.11967006598474e-06,3.75296818413402e-05,"ERGIC3"
15.4509288574461,-0.328100271535606,0.17331206067415,-1.89311851846525,0.0583421100079483,0.142862528677862,"CPNE1"
10.8721404022451,0.794443787148302,0.270197608098842,2.94023249405555,0.00327966057289514,0.0167531109226911,"RBM12"
7.18979495520619,-0.532519158681111,0.246815379219941,-2.15756068509238,0.0309620041591972,0.0892179569131182,"NFS1"
125.585592711797,0.00583930659370569,0.18461280681528,0.031630019035182,0.974767103633342,0.984924706499636,"ROMO1"
73.5406681294808,0.58636500305272,0.159563545564633,3.67480555146732,0.000238030628218929,0.00226556759198735,"RBM39"
10.5344553140152,0.293830787384788,0.185820472140953,1.58126165539986,0.113818223141642,0.232081468891895,"PHF20"
71.9544382775426,-0.294255311961111,0.155467325466309,-1.89271482659472,0.058395803606702,0.142904165448067,"SCAND1"
34.2366020414945,1.01159042009127,0.307553140818065,3.28915652560245,0.00100488122755859,0.00683922796226477,"LINC00657"
6.7243028241598,-0.38039641684982,0.366366358825445,-1.03829515916624,0.29913266170525,0.462036795067418,"EPB41L1"
4.2889676620898,-0.23967624200872,0.269777409769409,-0.888422207825267,0.374313683924419,0.540199169861479,"AAR2"
5.12114935867418,1.14536854670215,0.268764970858442,4.26159905825456,2.02969350102319e-05,0.00034767305080618,"DLGAP4"
1.41327170715653,1.17993657326947,0.542891778167198,2.1734287029598,0.029748066491301,0.086519550641545,"TGIF2"
53.4994145597109,-0.713643054425569,0.160607223445834,-4.4434057143529,8.85459688446079e-06,0.000183163661267132,"C20orf24"
7.30069879569884,0.297817971559775,0.290141134709876,1.02645897438009,0.30467529201961,0.468200604405401,"NDRG3"
16.2720393744153,0.0629038189200044,0.190632441328609,0.329974365756413,0.741419331469755,0.841799680058708,"DSN1"
1.44272230140242,-0.175973381326483,0.468100359492518,-0.37593088267922,0.706968280643926,0.818059588044403,"SOGA1"
2.11120401120682,0.194442624412462,0.423379348205682,0.459263365670825,0.646045051863106,0.771927523735651,"TLDC2"
5.30343307476299,1.09829778220295,0.378220472037094,2.90385598719055,0.00368597664953619,0.0183370162226125,"SAMHD1"
5.2342753685486,0.704315200053562,0.340320543753365,2.0695641593826,0.038493177282994,0.104378503194336,"RBL1"
60.0352384097927,0.0537942003708827,0.1266981709147,0.424585453621898,0.671138898923005,0.791359674717983,"RPN2"
18.1734262245186,-0.482831831043413,0.198222323729233,-2.4358095594871,0.0148585049017927,0.0516756941753223,"MANBAL"
5.68610250743753,0.446987462293347,0.246438296767171,1.81379058432485,0.0697099726596944,0.162178728167155,"SRC"
11.4356544861876,-0.106621105818544,0.19496276704652,-0.546879321799446,0.584461642866481,0.726396594361408,"BLCAP"
12.59473491451,0.186111099808264,0.195246729856772,0.953209817879104,0.34048377295718,0.506944581068683,"CTNNBL1"
4.55206902325391,0.225336488335522,0.249786736632932,0.902115506103352,0.366995512657858,0.533329488487132,"TTI1"
7.70611255076452,0.134277931402847,0.367620694165435,0.36526216704879,0.714915716557654,0.824202195521881,"RPRD1B"
5.78656709370551,0.829444882660455,0.381972841073942,2.17147606706387,0.0298952043609456,0.0868776878137194,"RALGAPB"
2.12867193233863,-0.263176902609422,0.362976554391344,-0.725052071340335,0.46842008618232,0.627073321744649,"ACTR5"
4.23198536235351,0.196698595143145,0.336348721272201,0.584805538725268,0.558678479703648,0.703285996242219,"FAM83D"
2.55453472229461,0.539263686867239,0.449093095398181,1.20078374037149,0.229835100662254,0.383809190461924,"DHX35"
36.7203058666461,1.11163667910918,0.203128289032164,5.47258426881724,4.43519738858249e-08,3.14812049934678e-06,"TOP1"
2.14181139779758,-0.383038905458479,0.450743407340199,-0.849793694640508,0.395439795845722,0.561002767195891,"PLCG1"
2.45330471116911,0.589418036626244,0.36826383262069,1.60053196761612,0.109480621029527,0.225566219764876,"ZHX3"
6.52921955178277,0.399541243604268,0.355120092621915,1.12508768696917,0.260551878464554,0.419692380380742,"LPIN3"
5.71578603357667,1.00141220509363,0.29360047447666,3.41079900118906,0.000647728215057247,0.00485460898241663,"CHD6"
27.5845663658723,0.592375443016244,0.315812553752555,1.87571847913424,0.0606939470794227,0.147092079919844,"SRSF6"
4.77413904413334,0.177736453625659,0.321217316417275,0.553321519549623,0.580043267994587,0.722984625574906,"SGK2"
5.04726110509692,-0.657227014744672,0.297200550928914,-2.21139231636845,0.0270086814662241,0.0804482393645622,"IFT52"
18.865124236347,0.24731818235943,0.208764517734562,1.18467537033227,0.236145824200261,0.391598967306613,"MYBL2"
17.2367126594055,-0.409954157067293,0.214408194293002,-1.91202653620162,0.0558727904956793,0.138312857256229,"OSER1"
4.06383823730086,0.150487678133559,0.318319649464932,0.47275648357403,0.636386923730408,0.76456535391326,"FITM2"
3.01264949589829,-0.509639371823971,0.330409603282663,-1.54244721327902,0.122964956008739,0.246111209409308,"RP5-881L22.5"
29.8136501633583,0.58991772658472,0.301958794172483,1.95363651587425,0.050744218963663,0.128697388590701,"HNF4A"
3.28318557023567,0.680709466362557,0.333897853733932,2.03867577688889,0.041482396856946,0.110443449342102,"TTPAL"
16.6057350986034,0.428670674979776,0.171928580950816,2.49330665447886,0.0126559490248611,0.0459126935479567,"SERINC3"
15.5927852737731,-0.380243016902064,0.199344080603145,-1.90747082005938,0.0564596461867631,0.139526930313679,"PKIG"
146.627678233462,0.569783014191521,0.116024399793491,4.91088956465766,9.06641416789733e-07,3.23885716655806e-05,"YWHAB"
2.54410078215167,0.44577075121225,0.421060767999763,1.05868507609928,0.289743226760515,0.452164311340594,"PABPC1L"
5.19503756798811,0.143840640137813,0.264412094200264,0.544001743085433,0.586440273357137,0.728189042837698,"TOMM34"
6.26810531038597,0.875533112544643,0.28179678711611,3.10696626993087,0.00189017964228298,0.0110861631532829,"STK4"
5.73656271351541,1.78334315210852,0.536831413177677,3.32197987735543,0.000893811395825274,0.00624708966373065,"PI3"
40.3220982090412,-0.0824193260102229,0.282208088148935,-0.292051608268314,0.770247165410194,0.861845505623018,"SLPI"
24.1944748028998,0.163712118406696,0.251789465811509,0.650194470523447,0.515566612343874,0.667189395859684,"SDC4"
6.96662303128701,0.00661746782645927,0.211216131630142,0.0313303144763916,0.975006114813216,0.985074556411901,"SYS1"
36.8110509389308,-0.153076061120992,0.155646228437569,-0.983487121131184,0.32536775079026,0.491513948196164,"PIGT"
103.966687922915,0.197373801429881,0.557400908646724,0.354096662506473,0.723266443199538,0.829865142434969,"WFDC2"
15.5335195255936,-0.421724734717335,0.212086193012341,-1.98845916713114,0.0467609306908364,0.120968010315027,"DNTTIP1"
44.609273557401,-0.485466411825277,0.185330975688236,-2.61945640777249,0.00880700280034816,0.0349588610153248,"UBE2C"
6.00743871960817,-0.82249651593938,0.353599210853775,-2.32606999872381,0.0200148167332471,0.0645102280988311,"TNNC2"
2.07355817107668,-0.337109570116873,0.353350408315783,-0.954037584741108,0.340064617818813,0.506598319549013,"SNX21"
11.8851778976297,-0.35839041896886,0.216696055463064,-1.65388529201883,0.0981508216024815,0.209126529841662,"ACOT8"
37.4034698415285,0.0621978521101479,0.172417304558527,0.360740195245512,0.718293673653458,0.82642963193946,"CTSA"
1.45704845607022,0.558887137210969,0.510276340170652,1.09526367031648,0.273401138702685,0.434020810745674,"PLTP"
3.48772140445483,-0.0213675546346945,0.346888518353897,-0.0615977569280492,0.950883163264442,0.97145730508484,"PCIF1"
4.52582698697105,0.226943955799742,0.347718449602275,0.652665845195513,0.513971726091132,0.665760131840374,"ZNF335"
5.32344027669537,-0.139481921003468,0.333468779598613,-0.418275801324966,0.675745480082106,0.794736399576746,"NCOA5"
1.79917322011768,1.5132645849175,0.68406538089476,2.21216367204279,0.0269553579531999,0.0803334762271544,"CD40"
10.7557150128636,-0.284846604771771,0.184276476271469,-1.54575673756723,0.122163328888569,0.245093987018264,"SLC35C2"
6.3999945337307,-0.015561687242262,0.230433566380636,-0.0675322067296256,0.946158023277545,0.968803700763,"TP53RK"
5.70450336736448,0.177822073084565,0.323019731238609,0.550499105434556,0.581977090289227,0.724220373615333,"SLC2A10"
6.95433909991289,-0.3203207983774,0.310663521259554,-1.03108597069489,0.302500506141673,0.465715267465064,"EYA2"
9.32419399581206,0.809251021095237,0.258649597827371,3.12875422151381,0.00175549079301681,0.0104808301331295,"ZMYND8"
2.74515947422076,1.64579868697858,0.436433497026094,3.77101826095666,0.000162582773857878,0.00169123460162506,"NCOA3"
8.31219105848265,1.03796971255393,0.282323062950704,3.67653177783485,0.000236426415450824,0.00225227269455785,"SULF2"
7.28003191285326,1.32763400352386,0.340934028234354,3.89410822498263,9.85606422493553e-05,0.00116471009230468,"ARFGEF2"
18.9697282643736,0.356573041165357,0.171413923182161,2.08018715484639,0.0375083699654288,0.102672529964591,"CSE1L"
22.6458841246303,0.644043714909434,0.24252752353881,2.65554896826534,0.00791794368091807,0.0323023547613712,"STAU1"
20.2196424151232,0.525660397389375,0.20017097247355,2.62605706958252,0.00863803332799202,0.0344379742812017,"DDX27"
3.79434536568165,0.71902084436112,0.326655879636309,2.201156902982,0.0277249180883523,0.0821535089875868,"ZNFX1"
149.448002027689,0.0106496398002177,0.156162632387594,0.0681958266032906,0.945629749127335,0.968550323071099,"ZFAS1"
7.47935350642689,0.544768037990181,0.320715179007075,1.69860385054667,0.0893938504643672,0.194946767506608,"B4GALT5"
2.84314167067925,0.260667980307326,0.350551438881109,0.74359409603146,0.457122076093427,0.617072187243582,"SLC9A8"
5.99388819704133,0.216892816380379,0.304910704219592,0.711332247044289,0.476878373232518,0.634202685930094,"SPATA2"
23.1328274634045,-0.245530615984892,0.145058946777208,-1.69262649040184,0.0905265854603263,0.196741788693044,"RNF114"
3.37826593733802,2.33839494750785,0.505232413436311,4.62835496163712,3.68581864604597e-06,9.44667301012247e-05,"UBE2V1"
6.48468625709441,-0.179194537001064,0.265890092152165,-0.673942137334376,0.500348101342575,0.654199419766477,"TMEM189"
18.459324498193,-0.110811319049063,0.215319104106523,-0.514637656091317,0.606806246218175,0.742884843674989,"CEBPB"
6.52389256251246,0.608693281344054,0.236602523755143,2.57264069581094,0.0100925924651943,0.0388121650750743,"PTPN1"
4.99315891410546,1.78964388670449,0.401883706377623,4.45313870232618,8.46240489964852e-06,0.000177506939663548,"PARD6B"
14.0026116048826,0.710341253128699,0.315886195888875,2.24872521298331,0.0245299840452643,0.0746609608761312,"ADNP"
30.9805460088199,-0.860892603513583,0.175853542388821,-4.89550902312851,9.80515925093113e-07,3.44608509595832e-05,"DPM1"
2.16840664273392,0.963921996222187,0.473348360968739,2.03639026920777,0.0417111817846342,0.110862655018107,"NFATC2"
7.97724905945955,0.263426395435871,0.26864874894748,0.980560663200299,0.326809440689497,0.493128196467714,"ATP9A"
3.43870417078646,-0.0925483702390519,0.382035443715206,-0.242250743384018,0.80858587819354,0.887083810201216,"ZFP64"
7.71651455417682,1.15406717481114,0.398810994411191,2.89376970791645,0.00380647226388765,0.0187560293946551,"ZNF217"
9.37531549801982,0.402072054067168,0.299920534564768,1.34059528351614,0.180051889418696,0.323435446813896,"BCAS1"
19.3045526976779,0.382111070430651,0.314453332323967,1.21515987000888,0.22430512271562,0.376867036822288,"PFDN4"
18.6911231502438,0.361990810655559,0.17546261260482,2.06306520392946,0.0391064335872015,0.105672025070169,"FAM210B"
7.40934435777842,0.664341235083519,0.259895090963925,2.55619000966715,0.0105825314874199,0.0401815478168179,"AURKA"
6.55325962108285,0.161300869860776,0.27083854370493,0.59556098498487,0.551468546981653,0.698175381233475,"CSTF1"
22.3845154699565,0.0102165892404256,0.156170986034773,0.0654192529600267,0.947840195268539,0.969835977309079,"RTFDC1"
12.1504345064695,-0.275913713093415,0.182479480344295,-1.51202596901763,0.130527256257556,0.256984409528111,"RAE1"
3.96402836425066,-3.6802015363474,0.672748867129997,-5.47039425283233,4.49035565649635e-08,3.16657548243833e-06,"MTRNR2L3"
9.01090188610908,0.245459260578787,0.41104157616127,0.597164070046486,0.550397845116171,0.697465731947733,"RBM38"
60.4980934259338,-0.272449778735968,0.273661359431665,-0.99557270088034,0.319457804261426,0.485422073724232,"PCK1"
8.32506289544753,1.64712823407723,0.402842761840345,4.08876214270922,4.33681262347095e-05,0.000619707698564402,"PMEPA1"
7.98790268133853,0.664111476211094,0.254308596437235,2.61143935169727,0.00901619784469807,0.0355125083470947,"RAB22A"
12.1323965625124,0.424434619198047,0.191968518340113,2.21095949933869,0.0270386418001587,0.0804933250958672,"VAPB"
10.0318864268548,0.108501529131339,0.229274471137759,0.473238597358474,0.636042963701118,0.764518714531726,"STX16"
7.02873187881404,0.017071228859911,0.259471658958267,0.0657922677507399,0.947543212340461,0.969687079345779,"NPEPL1"
184.904980678271,0.749188762107403,0.17198004000896,4.35625414477385,1.32307148112221e-05,0.000249454102169916,"GNAS"
14.6667008004064,-0.144603963114218,0.174925536429499,-0.826660109586106,0.408429737077975,0.572984226648397,"NELFCD"
33.8511008055582,0.577359073363042,0.165859964147276,3.48100324470332,0.000499539439798298,0.00398896935015406,"CTSZ"
618.216777724582,0.247628066715035,0.139453405254361,1.77570469694423,0.0757816028291652,0.17264279562088,"ATP5E"
32.4989934032389,-0.0137365756285694,0.187057727842782,-0.0734349539416765,0.941460003448576,0.966051086459789,"SLMO2"
3.20450285731651,0.589062457993844,0.337462280527295,1.74556533273413,0.0808865106226167,0.180895285288636,"EDN3"
3.81536493130244,0.752576830005889,0.332395364659546,2.2641014587454,0.0235678752903088,0.072531109317794,"FAM217B"
1.79309755382169,0.673327435707883,0.522509311820382,1.28864198297646,0.197522580814362,0.345592915682935,"PPP1R3D"
4.0280247680727,-0.178991722164809,0.358653792412663,-0.49906546633937,0.617733264915993,0.749729912493036,"TAF4"
4.4821318603772,0.467317904058832,0.278923803552328,1.67543213632952,0.0938494757632221,0.202587048851065,"LSM14B"
233.01259143125,-0.392448964945784,0.108192362921556,-3.62732594379445,0.000286371695911245,0.00260250762978755,"PSMA7"
2.21688066785806,0.872618996236247,0.485951558705983,1.79569132067382,0.0725436230091903,0.167479537814585,"SS18L1"
5.83388307785995,0.612178179625683,0.356107656087375,1.71908176968674,0.0855994837924675,0.189098941006143,"MTG2"
6.3409531641702,0.672256118853604,0.250407234622607,2.6846513435076,0.00726055030507206,0.030268551367786,"OSBPL2"
36.1116608428104,-0.178410795905941,0.134470055265267,-1.32676970760511,0.184584873922881,0.329053140315576,"ADRM1"
978.398358239027,0.0753079642628074,0.181353314162584,0.415255517168511,0.677954861211631,0.796127789009333,"RPS21"
2.04034091240756,-0.101222609091301,0.360592833260533,-0.280711649690958,0.778931572729517,0.866987483841607,"CABLES2"
4.18857676406674,-0.0930057722748585,0.334953301817522,-0.277667877194197,0.781267321537537,0.868341327591613,"RBBP8NL"
3.10240018920625,-0.15147526055247,0.436216402166691,-0.347247970961411,0.728405034702099,0.832769625946394,"SLCO4A1"
5.40916139466168,0.250949609354574,0.262540391090953,0.955851434180413,0.339147298387771,0.50563430092208,"MRGBP"
9.44031946593919,0.329662784667442,0.297084498539752,1.10966000005998,0.267145565657025,0.427149711872098,"OGFR"
7.94873006523069,0.712093759879885,0.249509172351182,2.85397828532579,0.00431754823552167,0.0206830938852075,"DIDO1"
15.2146686527749,-0.222649358879856,0.215475290751888,-1.03329415685174,0.301466260893585,0.464512581073741,"GID8"
1.32608844174458,0.384558222218317,0.716215536821603,0.536930857329479,0.591315375309843,0.731899358999875,"SLC17A9"
8.18350785293069,0.0730935527008039,0.280069331210929,0.260983779926103,0.794105015648737,0.876651402843195,"YTHDF1"
6.35325336374707,0.202105302280145,0.290466368113766,0.695795880234186,0.486556669633284,0.641963969410456,"ARFGAP1"
461.62758577715,-0.784965289734281,0.158784914981669,-4.94357596768497,7.67024412090964e-07,2.85270038195475e-05,"PPDPF"
5.25679523784353,0.172391424818251,0.275723859223809,0.625232162728138,0.531818695661608,0.682124841724939,"PTK6"
4.55956903905828,-0.553591725224686,0.3980477479187,-1.39076713313739,0.164296052655906,0.302655216826134,"HELZ2"
3.64384813504664,-0.114400184230871,0.375192878527179,-0.304910329534904,0.760434448324641,0.855453579905972,"GMEB2"
4.29699531412063,0.252106106663973,0.366106396865969,0.688614317646761,0.491066008583375,0.645329138612984,"CTD-3184A7.4"
13.795564966056,-0.100526457213632,0.20328286526787,-0.494515152967595,0.620942407504823,0.752140750145183,"ARFRP1"
18.6997751260734,0.659138953257113,0.207420824369753,3.17778581422527,0.00148404338086228,0.00924123343816767,"SLC2A4RG"
11.0296869057549,0.32897659422477,0.197482815480552,1.66584922047138,0.0957434497824816,0.20540771723385,"TPD52L2"
8.29255410129014,0.149266460656076,0.243022353221224,0.614208770006428,0.539077378798976,0.688248325114944,"DNAJC5"
8.74596146670323,-0.776036194818676,0.262889554051526,-2.95194762537645,0.00315776486787933,0.0162439532054707,"UCKL1"
1.32157650960539,0.55567524458945,0.491996416380241,1.12942945535602,0.258716713008208,0.41748343287803,"SAMD10"
18.6524653384465,0.338874692485722,0.177857319017942,1.90531766899926,0.0567387900550802,0.139914455040457,"PRPF6"
1.00128974120254,0.609692223254688,0.71326983553155,0.854784813380377,0.392670287095132,0.558167449980777,"TCEA2"
5.62236050690962,0.482720890790752,0.34148902388344,1.41357659259795,0.157486258034934,0.294169377753593,"PCMTD2"
54.6481376852362,-0.327209556390817,0.120882767602795,-2.70683376034196,0.00679282629649527,0.0288869333674758,"PPAP2C"
1.93324756086546,-0.461596854726513,0.401409912303907,-1.14993885446715,0.250169056325517,0.40805586537926,"MIER2"
9.65294957214246,-0.636187557330866,0.251437767385256,-2.53019887961419,0.0113997889345706,0.0425143227436253,"TPGS1"
13.5346130644644,0.0119922341292455,0.282885228410581,0.0423925780664656,0.966185744877209,0.980836885712338,"CDC34"
4.29828733002274,-0.296154754496729,0.338894109664251,-0.873885812857989,0.382180441553813,0.547592204154921,"AC009005.2"
171.594304562311,-0.414475340585161,0.142308197532926,-2.91251908021154,0.00358526296332026,0.0179263148166013,"BSG"
8.22535545016334,-0.148265426185412,0.219247421888222,-0.676247067849225,0.498883793459248,0.652677749303389,"POLRMT"
19.8393192406489,-0.114906864095853,0.193193978205237,-0.594774563696715,0.551994172454209,0.698440102659428,"RNF126"
26.6760683025671,0.470950978230801,0.223784415367464,2.10448514682078,0.0353361489233688,0.0987068831504149,"MISP"
51.697500470955,0.410582489428213,0.148734928381736,2.76049811497156,0.0057713291053941,0.0255780173663087,"PTBP1"
19.0377960919839,-0.19174952115669,0.2607364675738,-0.735415045470831,0.462086761606498,0.621456623039823,"CFD"
9.80576447389704,0.368946273082353,0.272853373368329,1.35217779618325,0.176318444922206,0.318499386536121,"MED16"
7.29455030427033,0.523975338518562,0.254412153817824,2.05955309388939,0.0394412843339194,0.106259575258339,"R3HDM4"
1.79240895762188,0.0174203894650686,0.547101448620479,0.0318412417093653,0.974598657169842,0.984903643619484,"ARID3A"
25.4031619204359,-0.472602932894338,0.20710016446006,-2.28200172668372,0.0224892383138688,0.0702522130079386,"WDR18"
25.7911347936843,0.156119137020755,0.180709368446488,0.863923870482595,0.387629712849421,0.553247296825432,"TMEM259"
7.76239860432067,0.600090322857921,0.340543617303014,1.7621540747421,0.0780432690686371,0.176319054872887,"CNN2"
6.92527617512563,-0.120445350637343,0.228507025058142,-0.527096926699284,0.598126280844626,0.736301452048587,"HMHA1"
57.1734961135609,-0.617371969866605,0.155100416196858,-3.98046623603523,6.87802340080337e-05,0.000888172819651898,"POLR2E"
162.242990947993,-0.387054121601189,0.114396249527746,-3.38345114633598,0.000715809412335412,0.00526672778994754,"GPX4"
2.91035360914972,0.981362991406099,0.426773926412469,2.29949144188727,0.0214770487887849,0.0678617252971206,"SBNO2"
13.9684045587883,-0.114005708649684,0.24522236405056,-0.464907469149829,0.641997721455709,0.768529018409281,"STK11"
445.901526981015,-0.210190706587617,0.122507940531471,-1.71573128791289,0.08621123543922,0.190140945749376,"ATP5D"
35.5428688035613,0.347509975292137,0.305411989796529,1.13783998959456,0.255187303277401,0.414002705944513,"MIDN"
75.3786163094183,-0.381880238894049,0.24239834106825,-1.57542430864461,0.115158537055895,0.234111140476792,"CIRBP"
36.8387976533242,-0.236688390266545,0.144447154914449,-1.63858118497888,0.101300513457739,0.213616228378844,"C19orf24"
14.6765909617513,0.405665468783305,0.194611410965161,2.08448963383718,0.037115652171899,0.101988765305116,"MUM1"
5.50200638980237,1.4769151019794,0.388876593075636,3.79790177212375,0.000145926126501862,0.00155673647722025,"EFNA2"
166.016265781482,-0.565344633238684,0.144817575775729,-3.90383991867259,9.4678416984374e-05,0.00112618577048226,"NDUFS7"
1.17674367587164,-0.0764891296611495,0.66027918021472,-0.115843618810267,0.907776480393958,0.945836378881165,"GAMT"
37.6302985638512,-0.110114965152424,0.139616876457546,-0.788693802256111,0.430290991182022,0.592364211944958,"DAZAP1"
2512.6624154531,-0.438914112225846,0.150808299821554,-2.91041085102874,0.00360953923825306,0.0180092220739792,"RPS15"
14.5213737397545,0.194998072410794,0.181246667870881,1.07587121297981,0.281984857979175,0.443369850536244,"C19orf25"
3.0174729210658,0.122560670888428,0.464266016659809,0.263988029471117,0.791789142761756,0.87484282128321,"REEP6"
5.93638034355876,0.658587099199178,0.432711174230038,1.52200159926783,0.128008679970927,0.253440077889002,"MEX3D"
15.5587552720425,0.125357974846246,0.275753232505842,0.454602013935014,0.649395585633765,0.774822682924927,"MBD3"
386.094034915709,-0.750716384065777,0.166186784104704,-4.51730495965791,6.26316724373703e-06,0.000141116174827768,"UQCR11-ENSG00000127540"
9.61737320928075,0.370918551129537,0.210386570343368,1.76303340334018,0.0778948560534476,0.176200403403549,"TCF3"
6.98663735579793,0.7808660184369,0.253911479864354,3.07534743546869,0.00210257467195935,0.0120242027053599,"REXO1"
8.94354464837323,0.268691610392345,0.27937069757054,0.961774490771354,0.336162894534942,0.502266363816441,"KLF16"
1.45356970687353,0.681217569010193,0.44661037423307,1.52530619150976,0.127182744192215,0.252459258257623,"CTB-31O20.2"
17.0228671969855,1.00539204111598,0.229261271504592,4.38535490324123,1.15796824440373e-05,0.000225772623594694,"ABHD17A"
6.93815149538502,0.304753201234378,0.220384470195255,1.38282520979983,0.166718467090105,0.305477063033328,"SCAMP4"
10.4530966630904,0.624852758224699,0.227929050591511,2.74143535720045,0.00611713961059915,0.0267547870201799,"CSNK1G2"
8.85608934716197,0.0969920854563307,0.217504434650308,0.445931530601981,0.65564670536013,0.779967490438275,"BTBD2"
20.9990634509766,-0.170358256953427,0.227733376503935,-0.748060119990726,0.454423895317346,0.614575778723086,"MKNK2"
4.06372651999,-0.0747362695566062,0.334985201157244,-0.223103197688798,0.823455189680662,0.896390978893457,"MOB3A"
15.884076093463,0.241611183587565,0.199145863273345,1.2132372704922,0.225039118364504,0.377615084276656,"AP3D1"
7.92223041831681,-0.0122651709522295,0.260546539397458,-0.0470747797326115,0.962453627905105,0.978491518353252,"DOT1L"
93.2494754359461,-0.585521045500786,0.137668725712018,-4.25311589449595,2.10816398747989e-05,0.000359604184069051,"PLEKHJ1"
12.509024648342,-0.0457946472168121,0.259973558536187,-0.176151172737198,0.860175179379268,0.919077375842074,"SF3A2"
266.875044294124,-0.601809027867094,0.123272094410199,-4.88195670517709,1.05038321144865e-06,3.60011920600656e-05,"OAZ1"
170.55187244156,-0.170525744141812,0.119964550440335,-1.4214677879081,0.155180811674272,0.291318588369395,"LSM7"
206.423483784345,-0.541621685446634,0.131570484285312,-4.11658958609685,3.8451990718084e-05,0.000564308944862692,"TIMM13"
14.8925842371185,0.0911332661169663,0.213218218968594,0.42741781897348,0.669075031004648,0.789686356984866,"LMNB2"
24.3221718128274,0.450250931571922,0.434364482601829,1.03657400548713,0.29993443307259,0.462896298072307,"GADD45B"
2.46961466057687,0.00208482993222593,0.43482059170232,0.0047946899756146,0.996174405552425,0.997372009065966,"GNG7"
10.4478847930535,-0.301216665774169,0.267159569206062,-1.12747848287568,0.25954023293386,0.418439271030541,"SLC39A3"
12.7552832003392,0.277277081050042,0.201334419306493,1.37719661648087,0.168451467656293,0.308013278449126,"SGTA"
15.198533031903,-0.64751474831763,0.20801602178602,-3.11281190149723,0.00185314084822222,0.0109292552509988,"THOP1"
2.58781231392054,0.403505062534941,0.333500683179535,1.20990775397518,0.226314291536612,0.379227465836692,"ZNF57"
12.4835483466525,0.201925846764201,0.241160141993463,0.837310200164311,0.40241822722275,0.567566486706372,"TLE2"
67.6866446890953,0.216004538332756,0.155131372068922,1.39239752380189,0.163802053899801,0.302117186397186,"AES"
25.5838862940331,0.565009762048293,0.21955960389045,2.57337757964897,0.0100711268786215,0.0387532463449178,"GNA11"
19.3893905041187,0.0421764344934614,0.189308343538751,0.222792264223832,0.823697188960054,0.896417624221483,"NCLN"
33.2688503908211,0.233505482654819,0.15490536727177,1.50740730787689,0.131706286753199,0.258789628033244,"NFIC"
14.148645353079,-0.664954053036144,0.403712745954815,-1.64709700077334,0.0995381095133768,0.210964845689944,"C19orf77"
9.00703683596003,0.0696231685758653,0.210346359312957,0.330992981306031,0.740649787140399,0.841629872171679,"DOHH"
4.60630551779478,0.23098474011183,0.28605292990492,0.807489509681325,0.419384515927506,0.582791534609432,"FZR1"
8.44588540579297,0.78992419133147,0.344087125858277,2.29570981291763,0.0216924790009525,0.0684180696594576,"MFSD12"
18.5755117871605,-0.121506888291837,0.163439049751437,-0.743438538566078,0.457216219159573,0.617122562773174,"HMG20B"
2.95801117320732,-0.26818913684242,0.383611922693902,-0.699115749476894,0.484479696722983,0.640312706147207,"CACTIN"
1.39798880898359,0.294262327296201,0.480230716640453,0.612751990032562,0.540040340158159,0.688877836433901,"PIP5K1C"
10.729640313202,0.0130851734099178,0.214869435056572,0.060898253892987,0.95144024005833,0.971812789114206,"TJP3"
2.22422825012144,-0.304567906972173,0.387041898891008,-0.786911979929957,0.431333394071634,0.593247297317369,"APBA3"
61.6927296348165,-0.234897596913066,0.131020833810402,-1.79282630160164,0.0730007025162481,0.168391595014115,"MRPL54"
6.41857745586602,-0.723427211912173,0.288039510475848,-2.51155548319414,0.0120200389182128,0.0441901227663477,"DAPK3"
333.362333313651,-0.255739670103373,0.140144916210005,-1.8248230261892,0.0680277399103902,0.159426252789564,"EEF2"
5.49155188499025,-0.108752219337246,0.274890040287771,-0.395620806135419,0.692384785761132,0.807377610541859,"PIAS4"
2.51370402745246,-0.422984771154377,0.453217231613833,-0.933293665044899,0.350668365094762,0.51714766877032,"AC016586.1"
35.6502509144575,0.63843008186009,0.206725159180495,3.08830373811766,0.00201302609402907,0.0116222559176798,"ZBTB7A"
51.9737526277942,0.546589792362639,0.165158203837599,3.30949223025036,0.000934653601398719,0.00646930408616322,"MAP2K2"
8.65054010553406,-0.2599027031133,0.225362838203204,-1.15326335604166,0.248802305852033,0.406131525860976,"SIRT6"
7.07295587339633,-0.164288839459645,0.239107975814414,-0.687090587003921,0.492025645571311,0.646061855859619,"CCDC94"
15.3466032362707,-0.848903630507083,0.222355979721602,-3.81776838909365,0.000134664256342096,0.00147424780632577,"SHD"
52.1487225224945,-0.617777601270874,0.16679445765722,-3.70382571428406,0.000212372194098599,0.00207780362874846,"STAP2"
12.144581276877,0.0140463666003017,0.188550148013637,0.0744967147906232,0.940615155122532,0.965836567885381,"MPND"
7.62829520659488,0.330313449690066,0.262900771554852,1.25641871545877,0.208964199621952,0.358790704805439,"SH3GL1"
16.4418847933433,0.273164215498433,0.211267372147112,1.29297871565431,0.196018420644409,0.343634648281758,"CHAF1A"
12.9056366245943,-0.162346560394691,0.226188977618901,-0.717747443326896,0.472913024484078,0.630708231416453,"UBXN6"
11.3669639625685,0.325769561686545,0.215005728264709,1.51516689492787,0.129730144405821,0.255788243413687,"HDGFRP2"
11.6619256692479,0.424349801657793,0.245457452131639,1.72881205264941,0.0838427383309086,0.186126765795925,"LRG1"
3.10536728634762,1.00350672872301,0.510009918225829,1.96762198706627,0.0491115479812289,0.125671868773833,"TNFAIP8L1"
90.8677325250369,-0.473713405736254,0.167289885197075,-2.83169185738994,0.00463024463014463,0.0217493324755063,"C19orf10"
6.06401353462799,0.564338010285479,0.256206195143501,2.20267121163637,0.0276179307454094,0.0819259021838695,"DPP9"
4.56816148469607,-0.52546771324531,0.34152453142955,-1.53859434649046,0.123903359605954,0.247534303077209,"FEM1A"
5.28455492395655,0.506227459508783,0.372835126318642,1.3577783416151,0.174534029355807,0.316222815949961,"TICAM1"
9.53400469771091,0.0677533038933956,0.229983703729008,0.294600455575017,0.768299114109688,0.861154750668924,"PLIN3"
2.82405688534724,-0.108316715680734,0.334774155553751,-0.323551606012021,0.746277531376035,0.845547625534037,"KDM4B"
13.5851071880808,0.0658494375949789,0.191699684653273,0.34350310859447,0.731220002624053,0.834105308025687,"SAFB2"
18.3250001368513,-0.096780515158842,0.181646076515924,-0.532797168070722,0.594173994404652,0.733866910589691,"SAFB"
2110.82927002675,-0.211181352356117,0.149481132692826,-1.4127625911832,0.1577255409582,0.294515023178483,"RPL36"
136.301699889964,-0.331759060501443,0.121578924982152,-2.72875467972879,0.00635739785000415,0.0275065102195398,"C19orf70"
13.3564384671128,-0.0839212960756096,0.22355163106983,-0.375400061605436,0.707362959087865,0.818121542269004,"LONP1"
5.71872012426232,-0.275147009018817,0.282415501015815,-0.974263126595906,0.329925908065802,0.495710481681601,"DUS3L"
6.14378595693551,0.216406890258146,0.285759285213244,0.757304841718986,0.448867250867013,0.609582369537597,"FUT6"
22.0816450271625,-0.0272936531843234,0.174358557324409,-0.156537502966035,0.87560936049865,0.928171562226973,"FUT3"
1.84298903853327,0.291391781766776,0.542493130852292,0.537134509535597,0.591174704811907,0.731876526814807,"AC024592.9"
205.026930734588,-0.830261807508115,0.149743243312844,-5.54456941855821,2.94678410398217e-08,2.33591791016397e-06,"NDUFA11"
2.10946461322873,-0.377537679599143,0.419135113006197,-0.900754119337076,0.367719066825663,0.533809526230009,"VMAC"
5.6643226431052,-0.645905598735303,0.373515600721051,-1.7292600295367,0.0837625668791407,0.185986807668671,"CAPS"
7.84118415752805,-0.187583549814455,0.212892724107158,-0.881117711284654,0.378254111924423,0.544116451771498,"RANBP3"
3.2556194250354,-0.0285130721602348,0.333503462346027,-0.0854955806445302,0.931867408743948,0.960764414969448,"RFX2"
6.42953510097512,0.204987641851079,0.249105377325273,0.822895290547717,0.410567541063533,0.574597876248105,"CTC-503J8.6"
34.0430930662773,-0.311674202620261,0.176715228315068,-1.76370879630461,0.077781019399518,0.176088285876844,"CLPP"
122.882315868132,-0.264050060263953,0.133066529560212,-1.98434618484937,0.0472172608535193,0.121713613308621,"ALKBH7"
12.7648343169924,0.323123199685898,0.17703657916394,1.82517760573468,0.0679742320647014,0.15940376096819,"GTF2F1"
32.1040340196761,-0.0114131441314287,0.198059586605184,-0.0576248003293067,0.954047494687245,0.972732219212255,"KHSRP"
9.34522099532637,0.340303227490506,0.210635257780842,1.61560429662056,0.106179894363206,0.220945325308377,"SLC25A23"
18.9283361503019,-0.684023570874171,0.161671254432273,-4.2309535685623,2.32702707667037e-05,0.000385824642025042,"CRB3"
13.1742413502126,-0.171865546064156,0.190236748981818,-0.903429789375671,0.366297835714855,0.532764427721209,"GPR108"
13.4378028833808,-0.701599881357493,0.196937188843764,-3.56255659724123,0.000367260697074464,0.00317299217997508,"TRIP10"
6.13231009366834,-0.13180546541179,0.311211032585307,-0.4235243985949,0.671912701149262,0.792029950556929,"SH2D3A"
0.869859342878957,1.08101307507242,0.762536042394634,1.41765505493702,0.15629149806571,0.292625366475897,"VAV1"
21.6700401510869,0.535319553659021,0.342616988753358,1.5624431106199,0.118183637880541,0.23913815470997,"INSR"
2.96354095735753,0.140486601728656,0.329034071662813,0.42696673028021,0.669403560295688,0.789844774442833,"ARHGEF18"
4.35304945732444,-1.06394255081254,0.315701842820462,-3.37008660230596,0.00075144563312891,0.00546597426375081,"PEX11G"
0.846063928753874,0.0127670268462124,0.606077171547412,0.0210650185249779,0.983193789872375,0.989480544714484,"C19orf45"
10.482228250022,0.525839436517969,0.326392526576315,1.61106457318048,0.107165648921778,0.222018112798647,"ZNF358"
3.5790275643053,-0.0488236303002812,0.314409290126958,-0.155286856442971,0.876595176962282,0.928582093426686,"MCOLN1"
6.93075013213457,-0.283431502830092,0.282943442284879,-1.00172494029645,0.316476457720287,0.482038475573958,"PNPLA6"
7.10628148830246,0.0796404834067266,0.328722813709134,0.242272455957971,0.808569055061549,0.887083810201216,"CAMSAP3"
9.97528809888973,-0.171361459240398,0.303795989754063,-0.564067548683321,0.572708162088982,0.71589835083311,"XAB2"
56.7695283692283,-0.191983353916356,0.2242998777041,-0.855922686545659,0.392040545374229,0.55749120371404,"PET100"
20.8166926610856,-0.390694857073308,0.220181773836008,-1.77441960915575,0.0759937686801192,0.173017259510712,"STXBP2"
1.24963264723231,-0.0482194945425358,0.631573576157652,-0.0763481823224653,0.939142093726518,0.964956948687447,"TRAPPC5"
7.7029652896471,-0.200810980404462,0.241930001080316,-0.830037529482739,0.406517565231246,0.571285568911325,"MAP2K7"
4.81189663439934,0.284759460478007,0.315372083117109,0.902931729604821,0.366562129417531,0.532913617868058,"SNAPC2"
19.9288776340661,0.37794497528913,0.181567869133583,2.08156309314325,0.0373823954731404,0.102440780933208,"TIMM44"
31.0213067357038,-0.22167396652533,0.220228074789322,-1.00656542876012,0.314143654793297,0.479696300767042,"ELAVL1"
57.9144075366571,-0.477685492749182,0.159821477295363,-2.98886921102837,0.00280011964686908,0.0148343445805761,"CD320"
28.589658583509,-1.70472596855901,0.274581818165085,-6.20844446275059,5.35116269373304e-10,1.11756974719117e-07,"NDUFA7-ENSG00000267855"
2472.27665525633,-0.142167430597411,0.201296918504088,-0.706257361781342,0.480028104043559,0.636520782651166,"RPS28"
0.721777468554878,0.929531767506778,0.961318615057313,0.966934118353008,0.333576969321596,0.499537491289649,"ANGPTL4"
4.196760500855,-0.226143018689995,0.280874596243264,-0.805138740614809,0.420739622184302,0.58412072992465,"RAB11B-AS1"
26.2660903488571,-0.310072013465398,0.179695829262789,-1.72553817602491,0.0844305300518269,0.187088582259054,"RAB11B"
3.7067668514021,0.173647013543011,0.480305769771678,0.361534306834493,0.717700063640968,0.825837062433243,"MARCH2"
97.3954265172912,0.11966135115674,0.126684872677559,0.944559114499054,0.344884008644955,0.511564843654647,"HNRNPM"
5.40267380465635,0.346942773378772,0.266094860074445,1.30383117239359,0.19229115163794,0.339273755172342,"ZNF414"
1.30298197907826,-0.579535039273877,0.510749367716786,-1.13467597985404,0.256511105136799,0.415255699550153,"MYO1F"
4.01159140211042,-0.0388523824358066,0.351036775459427,-0.1106789520413,0.911870937256328,0.948101328731807,"ZNF317"
3.05236593548915,-0.310985877564332,0.360869882810536,-0.861767336033433,0.388815562878872,0.554138715599022,"ZNF266"
1.2713210118866,1.00539031653173,0.567042336534132,1.77304277256767,0.076221619580062,0.173499641299408,"ZNF426"
5.14261007642659,1.13131511429645,0.340056578453733,3.32684378417449,0.000878355990342934,0.00616609311902021,"ZNF121"
2.91994639670003,0.17364072013104,0.363867891767311,0.477208140810845,0.6332139147302,0.76196156387479,"ZNF561"
3.23395096711471,0.773653407381314,0.315497259003066,2.45217156505881,0.0141996941106862,0.0501002852638246,"ZNF562"
2.58986933454301,-0.303766735378346,0.361233476368087,-0.840915239729377,0.400395420215264,0.56561039737871,"ZNF846"
6.35947210157415,-0.0943864680410314,0.24684178505953,-0.38237637934059,0.702182208218432,0.814709625126902,"FBXL12"
182.330459478445,0.0877797347159763,0.0988026015352247,0.888435459714909,0.374306558310348,0.540199169861479,"UBL5"
45.4881489765425,-0.335926841961977,0.146118364520447,-2.29900494071688,0.0215046587569903,0.0679094487062853,"PIN1"
4.17316021606683,0.453631673082428,0.336807232952466,1.34685846591201,0.178025820478352,0.32083644380931,"C19orf66"
9.14698942232814,-0.400189463862222,0.202698919325714,-1.97430487144908,0.0483470873233334,0.124037176548878,"PPAN"
1.75302008420788,-0.257198784339089,0.409015736344376,-0.628823689371543,0.52946448929313,0.679747529698947,"P2RY11"
75.2776735715103,0.0934355884388101,0.127379987225424,0.733518588547648,0.463242194639126,0.622361001991233,"EIF3G"
42.0634769465846,0.430150593225148,0.148373593046564,2.89910478268296,0.00374229806581121,0.0185366493202888,"DNMT1"
49.0397048241321,-0.196837074798835,0.133692312541434,-1.47231408490919,0.14093608153664,0.271762401542598,"MRPL4"
7.9091325287714,-0.919332516336593,0.260326347576946,-3.53146166299921,0.000413269763470614,0.00350086554702876,"FDX1L"
1.31709818796027,-0.407653718309325,0.504613781329779,-0.807852923150571,0.419175254678143,0.582791534609432,"RAVER1"
17.5978869979641,-0.0721744083560726,0.230556361127757,-0.313044532811997,0.754246828920263,0.850937103893004,"ICAM3"
4.65579413935707,-0.0269549182724988,0.282893712363091,-0.0952828468591144,0.924090166883943,0.955773258319964,"TYK2"
58.4229176305448,-0.147537341861944,0.149720075111677,-0.985421238614096,0.324417201472546,0.490487374076549,"CDC37"
2.36935581523459,0.219541267252882,0.334435324182894,0.656453584229699,0.511532322997049,0.663550051092684,"PDE4A"
15.0600187052831,-0.207370294750074,0.186478143396671,-1.11203538909631,0.266122934746154,0.425890815110998,"KEAP1"
9.2361217174555,-0.343740334557559,0.205235658982835,-1.67485677811139,0.0939623356411433,0.202587048851065,"ATG4D"
4.30123589838034,0.387632013441275,0.310176607021844,1.24971388772067,0.211404082316411,0.36143708028278,"KRI1"
4.94433890705108,0.191067757780062,0.319938545969642,0.597201431921842,0.550372903298053,0.697465731947733,"CDKN2D"
42.6508313752021,-0.39922270639032,0.13635840856414,-2.92774542174666,0.00341429479664066,0.0172963647103754,"AP1M2"
10.7456244964165,-0.0299654613730944,0.222565461076958,-0.134636619842524,0.89289918675426,0.937621849560169,"SLC44A2"
12.1038148426747,0.00741841351993132,0.191209602043117,0.0387972854954141,0.969052009067621,0.981982347529566,"ILF3-AS1"
47.7227403361943,0.116541912376212,0.137280775801654,0.84893104439178,0.395919663217297,0.561390200096598,"ILF3"
79.4078153896202,-0.581832840560567,0.128628084731112,-4.52337327246103,6.08617661777002e-06,0.000138275895541804,"QTRT1"
23.7209982895184,0.16227089870816,0.185561492448268,0.874485845997378,0.381853724963883,0.547305193758449,"DNM2"
12.1192459534635,-0.445356602601443,0.200188748413556,-2.22468348561435,0.0261024936743076,0.078352104759975,"TMED1"
5.58834414067002,0.301921146947566,0.316828405063068,0.952948479753468,0.340616175094272,0.507002694836046,"CARM1"
6.85252359286305,-0.259312694653098,0.267470385262384,-0.969500583770111,0.332295489092281,0.498192737344445,"YIPF2"
5.6318248234308,-0.484754824043921,0.271831701880215,-1.78329025161874,0.0745390674543005,0.170743360589265,"C19orf52"
20.1099236942813,-0.210188838224289,0.191809879845374,-1.09581862203204,0.27315815738476,0.433825327463951,"SMARCA4"
16.9865728559958,1.25340761441761,0.485431686191829,2.58204738188908,0.00982160994862152,0.037971763631908,"LDLR"
7.69857783749935,0.294451328526732,0.302503366864827,0.973381987706297,0.330363487705462,0.496024813560253,"SPC24"
5.46883961548617,0.505861290733013,0.279105420039131,1.81243807684598,0.0699185338702955,0.162494558616033,"KANK2"
4.65716495256701,0.222199834053547,0.340847414828171,0.651904120104778,0.514463026858679,0.666158158064296,"DOCK6"
4.40200285687383,0.301417292603715,0.357531811941692,0.843050275629379,0.399200326540199,0.564714803468356,"RAB3D"
36.0995504770585,-0.370205845843269,0.175601725491891,-2.10821303040308,0.035012566669745,0.0981255416860468,"TMEM205"
2.76606219800463,-0.515246758639261,0.330704496955401,-1.55802767541062,0.119226687737169,0.240581800747243,"CCDC159"
3.75228259031452,-0.440486023627928,0.305621265955399,-1.44128067217747,0.149505405375447,0.283504226013158,"SWSAP1"
36.7589828032421,-0.0988208542922446,0.165619361391057,-0.596674528039697,0.550724702058566,0.697640296787125,"PRKCSH"
35.2421619643453,-0.498935107971544,0.155709021781708,-3.20427873903809,0.00135401318989931,0.00859917148672898,"ECSIT"
16.8589727051001,-0.378118831082492,0.198679659391326,-1.90315824096384,0.0570199002457829,0.140480062765245,"ELOF1"
1.42988745797496,0.278203059178791,0.537015976120792,0.518053599053847,0.604420873314489,0.740942621536894,"ZNF627"
2.62578562445133,0.343073964002204,0.522526569127914,0.656567501581379,0.511459050978242,0.663550051092684,"ACP5"
2.57842209904201,0.658604037753454,0.348492850808102,1.88986384147121,0.0587761725626983,0.143233795124378,"ZNF823"
4.77741071064168,0.61101321863405,0.29562565250867,2.06684776320665,0.0387485012126381,0.1048875182376,"ZNF440"
2.83371634880264,0.730390976536014,0.384098925141451,1.9015699569246,0.0572273986879465,0.140823964810666,"ZNF69"
3.71509797065303,0.128139557520596,0.302544981903269,0.423538862599828,0.671902150554112,0.792029950556929,"ZNF700"
2.25957286037929,0.462203898795091,0.366774612180091,1.26018509309511,0.207602599114701,0.357258457208679,"ZNF844"
1.83601108667153,0.622236675998008,0.426966813727777,1.45734201345852,0.145021994944673,0.277718015358694,"ZNF136"
4.66937692283682,0.186784438898076,0.287669656232984,0.649301846235737,0.516143292652667,0.667776525876574,"ZNF44"
2.12616015826661,0.0292733371426631,0.401035091570411,0.0729944529991923,0.941810531602354,0.966239723729557,"ZNF799"
1.81321435567975,-0.171928658435061,0.408893486531932,-0.420472969362486,0.674139971918178,0.793481808859383,"ZNF443"
7.05494826932162,0.560586999954055,0.260613946861613,2.15102455837381,0.0314742613386398,0.0904102199059074,"ZNF791"
5.68160332187603,-0.00605644536361289,0.279533430223882,-0.0216662649571545,0.982714174116674,0.98927288940555,"WDR83"
122.757172514218,-0.3877718377098,0.123254200165955,-3.146114592344,0.00165455165750501,0.0100382296092203,"WDR83OS"
22.4105131282281,-0.381509462442418,0.166941586134252,-2.28528715508677,0.0222959956139978,0.0697995135105264,"DHPS"
7.71725644515211,-0.304991526539468,0.254283670720222,-1.19941451873659,0.230366804920398,0.384239517959687,"FBXW9"
8.05733263380831,-0.0931425154861995,0.272591730429357,-0.341692373937726,0.732582411780611,0.835434736106,"TNPO2"
139.292858624341,-0.452183345005956,0.129369885599168,-3.49527514005055,0.000473573298573697,0.00384093056199428,"C19orf43"
29.4360438296792,-0.41617097081029,0.151249343708154,-2.7515555479918,0.00593129596041059,0.0261738618976266,"ASNA1"
3.4841742831024,1.06142495540165,0.545906618934658,1.944334284631,0.051855152829504,0.130660547500792,"BEST2"
25.5300131708048,-0.429273018196853,0.16743739413422,-2.56378224479976,0.0103538480196494,0.039592531511758,"HOOK2"
166.858831571597,-0.496243313851248,0.284500628296101,-1.74426087149013,0.0811136112746035,0.18115708116014,"JUNB"
306.901461699226,-0.387686808395785,0.15057481503738,-2.57471216749988,0.0100323535208061,0.0386626540936671,"PRDX2"
41.5705350376912,-0.44727944264226,0.178980576714239,-2.49903900665371,0.0124530603079013,0.0453369879127752,"RNASEH2A"
11.4320997180055,-0.378285507614275,0.242991648741979,-1.55678398649806,0.119521780409297,0.241041139321255,"DNASE2"
12.9131152763669,-0.422595306780727,0.211144005873842,-2.00145538127768,0.0453433375665827,0.118286967564998,"GCDH"
22.8359767337351,-0.295790162387969,0.185870574956675,-1.59137702380764,0.11152475193514,0.228665870598801,"FARSA"
159.126392456663,0.792853052481941,0.154993239093929,5.11540411128165,3.13069959823822e-07,1.49193116269073e-05,"CALR"
2.24878199048619,2.67851974337609,0.670635904318868,3.99399991280891,6.49678871230548e-05,0.000851087158210344,"CTC-425F1.4"
66.0537535739348,-0.266996245461374,0.117215500084741,-2.27782371161108,0.0227370829907183,0.0706875579157764,"RAD23A"
112.404824373185,-0.491560478938324,0.124842395396545,-3.93744831134446,8.23526635881485e-05,0.00101170806172771,"GADD45GIP1"
13.9028007120963,0.552907448982846,0.223388290321176,2.47509593357783,0.0133200391205856,0.0476624793573509,"NFIX"
6.88042107647894,-0.284939423386976,0.252974019809579,-1.12635844424443,0.260013828871346,0.419140593965091,"TRMT1"
6.23252053409786,0.462478151240287,0.274544794746056,1.68452711575924,0.0920798436019922,0.199638071774333,"NACC1"
23.2076071065653,-0.166691285564837,0.145566314427641,-1.14512266261778,0.25215834888087,0.410253133909551,"STX10"
193.257422591625,-0.198739877580113,0.258181526498259,-0.769768001125568,0.441437524275535,0.603086234250238,"IER2"
6.22718148922003,0.152744725673014,0.236437323841798,0.646026283799494,0.518262333610328,0.669653427680845,"CCDC130"
3.06360112748222,0.301252302423128,0.341458342777373,0.882251990016659,0.377640552698667,0.543778361483362,"MRI1"
96.8961040866742,-0.159960914418611,0.136548517301451,-1.17145844993303,0.241414549765233,0.397477563743243,"C19orf53"
17.8861015808953,-0.0881650134735514,0.504769908557885,-0.174663766557394,0.861343840148883,0.919783097740105,"MIR24-2"
1.97115236090037,-0.0514404960666689,0.432593051705416,-0.118911979431649,0.905345090890548,0.944299624190487,"C19orf57"
18.7454537114213,-0.0666693403456156,0.187684512053081,-0.355220255610437,0.722424591181841,0.829512694040473,"CC2D1A"
5.68417373960511,-0.0450258172748141,0.296836829072247,-0.151685413887289,0.879435062074529,0.930410596602961,"DCAF15"
5.38566531166217,1.03381991620154,0.32150315095283,3.21558253204558,0.00130180055834838,0.00834566355588159,"RFX1"
0.783582867042959,0.125678886864105,0.581322018208606,0.216194953790663,0.828835786832851,0.899755762195598,"IL27RA"
11.6078692851797,0.526530837454677,0.249513107921199,2.1102331730843,0.0348382764900579,0.0977821649460149,"hsa-mir-1199"
21.8874152166068,0.652852036802044,0.220122596632006,2.96585651264809,0.0030184127826964,0.0157067382942419,"SAMD1"
6.94845213748681,0.383570871617316,0.290328728876767,1.32116057925541,0.186447827395557,0.331707715614397,"PRKACA"
30.0448386344384,-0.271314255023912,0.178627946959076,-1.51887909838694,0.128792931092497,0.254492582180589,"ASF1B"
3.78606173781931,0.116684145188113,0.376459909965416,0.309951052155413,0.756598179159393,0.852633882354357,"LPHN1"
16.5981349349043,0.086975328365889,0.203705686362754,0.426965638116775,0.669404355798512,0.789844774442833,"CD97"
38.8638275981085,-0.269391546227329,0.157886070571253,-1.70624010878625,0.0879633838639816,0.192860152289159,"DDX39A"
1.6784163350216,0.538027489598049,0.463817359864806,1.15999860323226,0.246049374787044,0.402847860022772,"PKN1"
30.2399784970673,0.28700416743594,0.19318368094568,1.48565430594855,0.137370582819515,0.266638879252892,"GIPC1"
72.7094028707831,0.530109082085252,0.387145987571933,1.36927437995662,0.170913523358577,0.311325203568291,"DNAJB1"
108.248433622812,-0.274838380788469,0.148767994969588,-1.84742948807405,0.0646849187338845,0.15375629787805,"TECR"
224.538831249169,-0.236579684005775,0.111323851207731,-2.12514821791707,0.033574247249341,0.0948780445297538,"NDUFB7"
30.0901210683126,-0.41668402751716,0.164464188662551,-2.53358515860322,0.0112902303321125,0.0422217291345528,"ILVBL"
1.126623784551,0.438401997379829,0.543682049423286,0.806357314619578,0.420036851748455,0.583623363611594,"AC004257.3"
20.2106001188441,0.529666023497411,0.206285123721046,2.5676404286606,0.0102393306366932,0.0392375196593115,"BRD4"
6.99927012167517,0.431920462929626,0.222867968872638,1.93801049614472,0.0526219419989986,0.132046933572039,"AKAP8"
8.32294082082972,0.386323208587333,0.215745511704291,1.79064308469527,0.0733505884487479,0.168983324258252,"AKAP8L"
6.19086850670565,0.333937980015279,0.351173747013888,0.950919545822635,0.341645218817354,0.508133195152154,"WIZ"
8.03897037442158,-0.191337550668631,0.250876567011752,-0.762676055989191,0.44565661373017,0.606875338571742,"CYP4F12"
40.3709046004934,0.820259889653654,0.218079210309179,3.76129337817549,0.00016903702422232,0.00174370563400089,"TPM4"
21.1645452585043,0.521997560232947,0.165846017370217,3.14748324084078,0.0016468254612589,0.0100025304861698,"RAB8A"
2.17097207391034,0.120424987981166,0.373882077246158,0.322093503032187,0.747381860065079,0.846445614798912,"HSH2D"
22.5012475805825,0.187398707878982,0.134547773231507,1.39280423137541,0.16367899852123,0.301948545041437,"FAM32A"
2.58532412870764,-0.236307731897363,0.404941931719815,-0.58355955110341,0.559516680551368,0.704040249546107,"AP1M1"
8.36517484668446,0.649574258469915,0.597167158559857,1.08775951449916,0.27670128663127,0.437660351415029,"KLF2"
4.27151414731829,0.0129523978813055,0.289036259945141,0.0448123632784478,0.964256870522297,0.979591170614794,"EPS15L1"
7.84316643842618,0.0673400530429254,0.244474817059595,0.275447810342405,0.782972216743512,0.869168790129259,"CHERP"
6.92436447616104,0.559606305642916,0.283173204970698,1.97619794464954,0.0481323626029137,0.123599219209406,"SLC35E1"
2.75014018333842,0.263619248251898,0.374704189223719,0.703539634286029,0.481719515899172,0.637919050177896,"MED26"
29.8758980437926,-0.174685767642294,0.15584869547772,-1.12086769226289,0.262344184841116,0.421770221669063,"SMIM7"
2.31872178652693,-0.231989388826,0.405037924509953,-0.572759672089173,0.566807428028985,0.710635958022948,"TMEM38A"
2.60886076210395,0.102197738499279,0.368412933283499,0.277399975045492,0.781473000784467,0.868481046717081,"SIN3B"
7.87454081866031,-0.408114851465703,0.238628685607564,-1.71025059467019,0.087219543443687,0.191672111158825,"HAUS8"
7.59200972297041,-0.157091894788725,0.286532501637381,-0.548251573175917,0.583519174228626,0.725474325371823,"MYO9B"
13.0993767201355,-0.347319233870107,0.203566907852344,-1.70616745881916,0.087976905565423,0.192860152289159,"USE1"
9.98967161444649,-0.320521557899532,0.219339112859675,-1.46130598287132,0.143931488712824,0.276172847630441,"OCEL1"
33.4147587923224,0.332961304753809,0.184183637730582,1.80776809957926,0.070642600634369,0.163822046314168,"NR2F6"
28.7842724163139,-0.528905439633995,0.160102409523066,-3.30354453258741,0.000954708047125304,0.00658293929636876,"BABAM1"
70.6362057496326,-0.513796096227603,0.194873252115409,-2.63656551450848,0.00837500260652624,0.0336611873822631,"MRPL34"
12.8052222076356,0.156283424876862,0.206053711061083,0.75845964662356,0.448175861899524,0.609311819845307,"DDA1"
6.979069676044,-0.511362524317533,0.249190733308651,-2.05209285886306,0.0401606388264396,0.107769838807792,"GTPBP3"
4.68995228154258,4.57633536919999,1.12772802508081,4.05801333958342,4.94919415429314e-05,0.000687317755954265,"BST2"
25.2195310425847,-0.148442938273322,0.18095661612148,-0.820323354044537,0.412031796292247,0.575890000995341,"MVB12A"
70.4589483232399,-0.0366962240258435,0.130132076054347,-0.281992150886136,0.777949528863385,0.866579159043062,"PGLS"
11.8866479807638,0.163449947681629,0.205696530603573,0.794616939828882,0.426836361416862,0.589301154969123,"COLGALT1"
6.38489829662217,0.539497851064848,0.261465721683904,2.06335976888423,0.0390784593128317,0.105622714817659,"MAP1S"
6.63468561955072,0.380531500529028,0.294518232391894,1.29204734606271,0.196340748717077,0.343968467666955,"B3GNT3"
2714.23515082857,-0.382242497943386,0.114316873613617,-3.34371021407861,0.000826660381428522,0.00587182385473271,"RPL18A"
35.814957480638,-0.0953349343069388,0.181467492758596,-0.525355438914681,0.599336124758814,0.736955425145009,"CCDC124"
2.33832933487445,-0.282005366536548,0.389228042274785,-0.724524792428649,0.468743612077962,0.627350875212783,"ARRDC2"
3.17301828690726,0.227419429520029,0.352106058689269,0.645883318130361,0.518354923908968,0.669653427680845,"MAST3"
1.58224524654043,-1.49344073597033,0.497922123403272,-2.99934601371544,0.00270559848919932,0.0144529265089545,"PIK3R2"
4.02569096739584,0.0592647111306375,0.306943068993539,0.193080467087807,0.846895949822104,0.91161562246685,"MPV17L2"
1.44064423869469,-0.71800797004239,0.505762808809885,-1.41965355604526,0.155708565489869,0.291843756955007,"RAB3A"
30.9660888627123,-0.414878127935568,0.219427253748593,-1.89073198906691,0.0586601299626761,0.143180913023904,"PDE4C"
2.18737669131909,0.191452371190827,0.569731426857935,0.336039688466346,0.736840937870919,0.838857463299269,"KIAA1683"
133.461555536359,0.762009364650306,0.451491688003891,1.68775945359982,0.0914574138302273,0.198407413942523,"JUND"
147.457871227751,-0.682663732340686,0.13586094986165,-5.02472368282319,5.04157883565377e-07,2.09776038908812e-05,"LSM4"
9.39991390361545,0.0123534167817463,0.197232454894146,0.0626337931471589,0.950058119196341,0.970917705903648,"PGPEP1"
55.0871896880105,0.533490224660165,0.44884234786068,1.18859155603954,0.234600432251955,0.389685025123314,"GDF15"
13.2279129070808,0.202759654619893,0.181303559280701,1.1183434866051,0.263420320788566,0.422999361786755,"SSBP4"
2.38111081458317,0.0877797216768809,0.414637081506169,0.211702536005755,0.83233910949849,0.902155210917861,"ISYNA1"
2.22368451956709,-0.119101003473452,0.379936949712624,-0.313475705807339,0.753919275197672,0.850832726659744,"ELL"
42.480684967598,-0.412119035481023,0.199639025016221,-2.0643210186362,0.0389872894446105,0.105402530089238,"FKBP8"
22.3021992419956,-0.515194111181854,0.161440717753852,-3.19122782870285,0.00141669518551039,0.00887272763243532,"KXD1"
767.670598399937,-0.0272142238822934,0.110774295000439,-0.245672733752769,0.805935580728937,0.884874772112125,"UBA52"
65.6691994812948,-0.339533139679647,0.140831092622297,-2.41092455762067,0.0159121394965208,0.0542692487997415,"C19orf60"
1.92203418137744,0.0384609014074871,0.462724845719112,0.0831182975440097,0.933757476852649,0.962472114523516,"CRTC1"
10.2399435548636,0.61614101469695,0.225614427555217,2.73094686972603,0.00631526517217587,0.0273569125527842,"UPF1"
122.955023602665,-0.422979082582974,0.160499655845111,-2.63538934308475,0.00840408230762362,0.0337281352035449,"COPE"
14.8212895781158,0.0379999090130142,0.177865465888328,0.213644109176721,0.830824599302593,0.901104079539214,"DDX49"
12.1954505214787,-0.19170598064791,0.234329495252457,-0.818104355328272,0.413297602168225,0.577213472163956,"SUGP2"
7.41699972432986,-0.223085940770634,0.235821037366682,-0.945996774765068,0.344150231256051,0.510999204220314,"ARMC6"
1.94245188747609,-0.517676615723613,0.418648582577181,-1.23654214362036,0.216257110582306,0.367535558830022,"SLC25A42"
8.38721440931815,0.148425429203226,0.223403902112511,0.664381543024597,0.506446142826664,0.659631219848594,"TMEM161A"
7.7455602972863,-0.158129271920325,0.238705204039459,-0.662445850548718,0.507685527251211,0.660382433618598,"MEF2BNB"
21.3437026339148,-0.568918514066767,0.177107296100841,-3.21228163148534,0.00131685215050934,0.00841731274545699,"RFXANK"
19.6888497726885,-0.460732757325335,0.196450146253028,-2.34529098660945,0.0190122350576025,0.06208251567629,"NR2C2AP"
5.5631155278357,-0.0466844130049061,0.274066569158077,-0.170339684801101,0.864743003322583,0.921847299141367,"SUGP1"
3.83220890116267,0.479233635536919,0.296205173680242,1.61791109041957,0.105681759844209,0.220162487249599,"MAU2"
12.6886006453209,0.643267576757148,0.238131109940461,2.70131683725819,0.00690655099619285,0.0292189886321209,"GATAD2A"
175.079285314362,-0.875875639858532,0.192681024466738,-4.54572858060411,5.47455473573084e-06,0.000127582970879908,"NDUFA13"
2.2153972258404,0.0926583567352217,0.412770834096376,0.224478933784327,0.822384657080313,0.895797128976148,"YJEFN3"
4.63093640348337,0.186145281548737,0.285126265439425,0.652852101372905,0.513851630918725,0.665683968958291,"LPAR2"
1.9779286348426,0.407410143745127,0.477773075416207,0.852727298184847,0.393810548954374,0.559378836295565,"GMIP"
6.49672608175947,-0.0506094931779384,0.232682898985934,-0.217504137169091,0.82781548317762,0.89927739795028,"ATP13A1"
2.59760348387284,0.56062382142842,0.413755222916885,1.35496494153269,0.175428727089835,0.317233680531662,"ZNF506"
1.9426971958408,0.481401563948857,0.396251794380911,1.21488803527308,0.224408797750103,0.376906827028475,"ZNF253"
2.05805190128002,0.347423953897276,0.487676544430788,0.712406528189265,0.476213074191275,0.633395466713686,"ZNF93"
2.24853741871654,0.78223309404464,0.574328010008975,1.36199711734835,0.173198794852766,0.314380563613745,"ZNF682"
8.21295852115674,-1.42952470267541,0.352877565425859,-4.05105011691586,5.09882839631855e-05,0.000702706553096694,"ZNF90"
1.53006294960344,1.22680793838735,0.553281861111562,2.21732904079424,0.0266006147876432,0.0795381818815543,"CTC-260E6.6"
2.65545581111303,-3.69601438532587,0.628479448440097,-5.88088344734179,4.08082457252692e-09,5.47132776020276e-07,"CTD-2626G11.2"
1.53517857592189,0.80147802279447,0.463249034922808,1.73012345924913,0.0836082197054508,0.185834069996151,"ZNF85"
4.48549577879689,0.460695335953443,0.284454734640214,1.6195734500118,0.10532393669118,0.219753689234624,"ZNF430"
4.84923173415276,0.994482835414326,0.331030525359448,3.00420281282057,0.0026627775769968,0.0143015650277869,"ZNF714"
1.8997523609143,0.897652135472989,0.476858233219919,1.88242977249594,0.0597776867059551,0.145166743655338,"ZNF431"
1.3039382817479,1.6485923131721,0.463765585712962,3.55479656955932,0.000378271639907474,0.00325259699872935,"ZNF708"
3.39427689202752,-0.366147442075101,0.335232146849215,-1.09222055675881,0.274736169025767,0.435376447631669,"ZNF738"
3.75622182246262,0.977806420029372,0.351446386890568,2.78223494821086,0.0053985942146603,0.0244490129988369,"ZNF493"
2.07977670056313,-0.00843085788417087,0.373598573126527,-0.0225666222802076,0.98199596860561,0.988733192940564,"ZNF429"
2.086720315633,1.18585350871096,0.422059844239179,2.80968096088038,0.00495906317389238,0.0229856705371196,"ZNF100"
5.36760913433581,0.972846387718595,0.322280189579745,3.01863539607319,0.00253915912541172,0.013884827845907,"ZNF43"
1.51224650863187,1.73132074456842,0.616330899863324,2.80907665825672,0.00496838146458144,0.0230092207698739,"ZNF724P"
13.0259810792721,0.968838426355404,0.216073848293751,4.48383010718759,7.33150416662992e-06,0.000159240270499202,"ZNF91"
10.7216193979492,0.00442863978886193,0.216374628691079,0.0204674633789193,0.9836704670991,0.989692088269636,"CTB-175P5.4"
2.71697608628381,1.42099099672517,0.443789428165422,3.20194873185554,0.00136501289617347,0.00863871797927966,"ZNF675"
2.50227724381044,1.27556824574627,0.451140648893445,2.82742920389678,0.00469233896040568,0.0219650004784507,"ZNF681"
71.6678877847926,-1.29870320554677,0.24778132690872,-5.24132799573391,1.59425043132239e-07,9.0806499974494e-06,"RPSAP58"
1.46383738145828,0.291073306649977,0.472731499410094,0.615726489589118,0.538075051165635,0.687308286951164,"CTD-2017D11.1"
3.72268506366564,1.01065398889681,0.442014002645616,2.28647505021939,0.0222264821186169,0.0696622210124615,"ZNF254"
2.53436114653644,0.295796725703753,0.360692021918197,0.820081143271969,0.412169851145058,0.576008825561103,"LINC00662"
2.23815609100544,-0.856528495699227,0.411463849759281,-2.08166159967716,0.0373733905040294,0.102440780933208,"CTC-459F4.3"
195.21818941687,-0.567243142570563,0.103621798752511,-5.47416807466697,4.39571716903617e-08,3.14812049934678e-06,"UQCRFS1"
16.9566893594449,-0.185803512866033,0.198361005512728,-0.936693743741438,0.34891611531531,0.515401117019079,"POP4"
3.14691006566236,0.258768334154857,0.35261396915569,0.733857296619474,0.463035715737077,0.622193500730593,"C19orf12"
7.59013323967565,0.196772741114113,0.219708299681224,0.895609047995052,0.370461601594933,0.536602602881259,"CCNE1"
17.7946066551821,1.10848891083815,0.263142123111976,4.21251032608889,2.52548165601998e-05,0.000406924789085712,"URI1"
4.13744837523729,1.2360913425734,0.353998701781431,3.49179625900606,0.000479784065816221,0.00387356789028637,"ZNF507"
97.4124452078392,-0.259116799924942,0.129095309143875,-2.0071744019464,0.0447310962426891,0.117027151335968,"PDCD5"
3.83747271601772,0.352665481109611,0.468184058710072,0.753262471347841,0.451292205701899,0.611864338816807,"ANKRD27"
4.86040342984136,0.644530308836812,0.308160495442064,2.0915409936378,0.0364795956759585,0.100883221044286,"NUDT19"
4.54061798631127,0.359349449517542,0.290710809774006,1.23610625210977,0.216419071211154,0.367638215759914,"CEP89"
2.75621464003398,-0.141322868226109,0.381135375842095,-0.370794413701078,0.710790662465915,0.82084076928752,"C19orf40"
11.1429782612373,0.457053603233348,0.314306706477719,1.45416433634307,0.145900750009821,0.278761813002579,"RHPN2"
3.30288594941957,0.460586650879673,0.314478470682263,1.46460471484877,0.143028794905316,0.274821782142911,"GPATCH1"
5.76155477177212,-0.0833931310738563,0.370056793239812,-0.2253522502418,0.821705255018949,0.89532648434893,"LRP3"
20.0286177839293,0.0439133581001098,0.232032090345833,0.189255538036394,0.849892541021923,0.913375069225593,"CEBPA"
2.74743974302142,-0.514384254982733,0.342148069973031,-1.50339662890186,0.132736795387693,0.260014718237797,"CEBPA-AS1"
23.233052501945,-0.16846655540155,0.148613539113738,-1.13358820741506,0.256967321924767,0.415547968901855,"CEBPG"
13.4358367758499,-0.079306681007099,0.199963313993436,-0.396606154515435,0.691657913371144,0.80703785057672,"PEPD"
1.05199655990485,-0.538149788728917,0.546377201956388,-0.98494188044814,0.324652620106249,0.490727089189577,"KCTD15"
19.5524315457972,0.349616040084956,0.202118629280286,1.72975663514979,0.0836737652222908,0.185865635163444,"LSM14A"
6.31643863089365,0.444672868436494,0.296773058113981,1.49835996320701,0.134039752569382,0.262047113033931,"KIAA0355"
47.5888535412152,0.309323459361172,0.13215589253328,2.34059528812366,0.0192530246886964,0.0626594426097629,"GPI"
3.85450354534983,-0.570344642324724,0.324255117482972,-1.75893798300554,0.0785880428057676,0.177177941638081,"PDCD2L"
17.764279413789,0.210020322981881,0.178417970660004,1.17712538823849,0.239145463125164,0.394999198409016,"UBA2"
10.9369962223088,-1.63841586518511,0.291222725636953,-5.62598904876542,1.84448048171472e-08,1.5897665104303e-06,"ZNF302"
2.08281034686305,0.40612500807241,0.407052653207261,0.997721068447677,0.318414633981496,0.484441750186068,"ZNF181"
3.10048441864276,-0.244053147588325,0.480248563114914,-0.508180901167898,0.61132648353962,0.745834040390132,"ZNF599"
5.79182421817599,-0.690404030975969,0.272995022094004,-2.52899860840038,0.0114388480738885,0.0425472353766047,"GRAMD1A"
364.862504348783,-0.84444785243168,0.234439449593314,-3.60198701155695,0.000315794146105186,0.0028041900463633,"FXYD3"
3.94348316360334,1.89342068785622,0.583093400408019,3.24719965365978,0.00116546601460461,0.00768485787407774,"FXYD5"
51.5154589388299,-0.0780510261488609,0.146903062421079,-0.531309728078627,0.595204165253995,0.734525736604474,"LSR"
16.7704240230848,0.173370513764913,0.200214513569102,0.865923806792738,0.38653194672696,0.5523351090313,"USF2"
2.79985918910241,0.119460892461126,0.565118033617813,0.21139104639141,0.832582142834205,0.90228939937925,"DMKN"
69.2007415914983,-0.580715059071448,0.132911325488424,-4.36919169180978,1.24707265065927e-05,0.000238436777925347,"TMEM147"
4.97023271664574,0.457394835447257,0.329510872558088,1.38810240735418,0.16510586364042,0.303597981567044,"HAUS5"
26.2995185243188,-0.287408611736699,0.152055255302071,-1.89015901598229,0.0587366961320741,0.143215204309458,"RBM42"
3.35920785621803,-0.00504328012734392,0.322009894496658,-0.0156618793817724,0.987504139111136,0.992540881172736,"ETV2"
549.673462185708,-0.423642502224692,0.12460997932351,-3.39974779327135,0.000674480345843841,0.00502735522022245,"COX6B1"
6.52547345006553,0.604317603083458,0.314498789475003,1.92152600680038,0.0546654269014214,0.1359437911952,"KMT2B"
4.66200873719842,-0.409198586995961,0.331420296479352,-1.23468173597948,0.216948975821005,0.368250371587388,"U2AF1L4"
26.9895677091202,-0.89849517344137,0.22720570005732,-3.95454503656684,7.6680427341665e-05,0.000966066636810304,"PSENEN"
1.76077719648159,-0.194119445505872,0.434948061665397,-0.446304886984889,0.655377026639134,0.779817520466856,"C19orf55"
1.6667470352773,0.296145240851256,0.475456887629637,0.622864551037784,0.533373534734766,0.683471028413279,"ARHGAP33"
2.26631105803579,0.421513249332034,0.39664240966437,1.06270343024769,0.287916464788989,0.450274785855339,"NFKBID"
11.657790911495,-0.232918446962399,0.203959880749682,-1.14198167848636,0.253461635390965,0.411793217036974,"SDHAF1"
2.87884232594886,-0.0485627114706591,0.435819057183959,-0.111428609350969,0.911276474340876,0.947755459810564,"SYNE4"
3.93348804058734,-0.47725357416922,0.30203663724293,-1.58011815561753,0.114079810230389,0.232527541122753,"ALKBH6"
1.97896502177918,0.0770832313742131,0.464892970164831,0.165808554487031,0.868307613807612,0.923700673596626,"WDR62"
92.5392781755777,-0.250107802255695,0.0968587803417414,-2.58219029161066,0.00981754356962533,0.0379695595320979,"POLR2I"
30.7530400060008,-0.600789853869136,0.156497208810939,-3.83898127279022,0.000123545852339474,0.00137329371177757,"TBCB"
51.3003765971436,0.254411182123752,0.170157927565729,1.49514739491334,0.134875978961605,0.263208109887337,"CAPNS1"
9.13822526422954,0.550628360533161,0.2189358366166,2.51502161109157,0.0119025087538813,0.0438470980553429,"ZNF146"
2.70733815940882,0.447952916525824,0.366985934424513,1.22062693554803,0.222227303090177,0.374517149528138,"ZFP14"
2.29825892655668,0.428048828270398,0.398948810467899,1.07294173347295,0.283297259698587,0.444660823865682,"ZNF566"
1.54817050694368,-0.193182242240274,0.411554407635526,-0.469396606271696,0.638786173714601,0.766035539591494,"ZNF260"
2.57473291871986,0.528584042025473,0.417318543688068,1.26662006762051,0.205291173419443,0.354445491786192,"ZNF567"
1.28131377406837,0.200749890972801,0.50865952141955,0.394664569361751,0.693090454061054,0.807787328944307,"ZNF420"
3.05030746620391,-0.0977430270499447,0.351934777117379,-0.27773051543964,0.781219233845262,0.868341327591613,"HKR1"
1.91985896169908,-0.0503474375739401,0.405267293437881,-0.124232669127684,0.901131056369815,0.942255476332769,"ZNF793"
0.712332682609963,1.72065023622398,0.739599307030091,2.32646274796196,0.01999387754596,0.064507875861297,"ZFP30"
11.9233009768208,-0.396946872562583,0.539922810191804,-0.735191892377301,0.462222636030286,0.621562385746522,"SIPA1L3"
200.820777695257,-0.33718571683838,0.129021357787966,-2.61341007891508,0.00896436696819982,0.0353368512793648,"SPINT2"
94.693321662873,-0.396776465913317,0.21824836439119,-1.81800430450023,0.069063474875165,0.161088775159856,"C19orf33"
14.6363748606718,-0.518698940833519,0.185744165365109,-2.79254500303649,0.00522951926829028,0.0238724587026618,"YIF1B"
5.58603618680475,-0.161341095486294,0.49423929624585,-0.326443276995194,0.744088998943294,0.843684122836101,"KCNK6"
81.02759963537,-0.0510106371766915,0.142794143098133,-0.35723199894575,0.720918132503339,0.828563407463921,"PSMD8"
16.3401040942795,-0.452826823751098,0.209410610225551,-2.16238720312867,0.0305883431220035,0.0884572603330997,"FAM98C"
365.24871834224,-0.390047560974512,0.109933274343252,-3.54803914742539,0.000388110531816126,0.00331619227027784,"EIF3K"
70.1275969252718,0.59265645622689,0.176938851089842,3.34949872555668,0.00080957928122133,0.00578803883743492,"ACTN4"
3.80391301133449,0.357864956779118,0.346876421748706,1.03167852970524,0.302222738640003,0.46542222495467,"CAPN12"
3.24704610901673,-0.450147586761047,0.494340034840222,-0.910603137588363,0.362504516737327,0.528926380729192,"CTD-2540F13.2"
1734.57565723027,-0.121361674123611,0.17641605212772,-0.687928749452739,0.491497651109496,0.645659186046828,"LGALS4"
197.665041643619,-0.761184684403169,0.184660944215586,-4.12206645880956,3.75488830765832e-05,0.000557785782492756,"ECH1"
21.8415043239693,0.41779266910874,0.253468918757145,1.64829940947923,0.0992912458678209,0.210759543497277,"HNRNPL"
5.39002522740971,-0.0323891283368831,0.278726447925858,-0.116204000653353,0.907490866172463,0.945720257809514,"SIRT2"
9.66505108338132,0.298744363759774,0.242447292693959,1.23220333970435,0.217873136083115,0.369381496109226,"NFKBIB"
6.75085587373522,-0.729492680075399,0.311153947952707,-2.34447508982363,0.0190538832679848,0.0621770349430034,"SARS2"
81.0731122904533,-0.27448110970948,0.142196726998593,-1.93029133302201,0.0535707503268841,0.133896052600682,"MRPS12"
10.5374749682655,-0.296585617086971,0.239717194234469,-1.237231305139,0.216001222558537,0.36727309800935,"PAK4"
0.761113631028307,1.44357612418654,0.807364243095762,1.78801097092347,0.0737742378352714,0.169686752764505,"GMFG"
10.2190471965913,0.490150866171043,0.262387381820487,1.86804282572697,0.0617561018316312,0.148664316769714,"SAMD4B"
7.21533992804354,0.0589427796433834,0.249766342403606,0.235991683571743,0.813439123493042,0.890519040436939,"PAF1"
14.0153690523317,-0.0347679649941313,0.183793017405601,-0.189169128865239,0.84996026239354,0.913375069225593,"MED29"
51.8853263826927,-0.203287380468931,0.344309685354747,-0.590420162765625,0.554908996217085,0.700326751762643,"ZFP36"
1414.74283377505,-0.216520874604723,0.140753707392984,-1.53829606775612,0.123976240769951,0.247633248990559,"RPS16"
17.0784549032134,0.0694626497401589,0.236804690518713,0.29333308216152,0.769267569300395,0.861689531666705,"SUPT5H"
24.5270311180178,-0.559961789719906,0.174511861294252,-3.20873197711032,0.00133321710426408,0.0084916587345393,"TIMM50"
3.54006917978384,1.266818171492,0.396746194845559,3.1930190836112,0.00140793641523495,0.00884848927630298,"EID2"
1.8045521773401,-0.310309144797102,0.461456688103258,-0.672455623240779,0.501293682154278,0.655277971617171,"DYRK1B"
130.116910443926,-0.699232049645651,0.126237495751937,-5.53902028458865,3.04168416015181e-08,2.39367318690208e-06,"FBL"
234.28845224466,0.327317845708404,0.45351143526467,0.721741107845233,0.470453663260542,0.628660856774885,"FCGBP"
34.4096171650291,-0.332838460271378,0.158158446193581,-2.10446212821284,0.0353381548516402,0.0987068831504149,"PSMC4"
1.75820085656101,0.205131852983889,0.406611326776836,0.504491241328537,0.6139162155161,0.747603734077691,"ZNF780B"
2.24356188164087,0.148554480278496,0.369112235965807,0.402464252884474,0.687342391344498,0.803935204092758,"ZNF780A"
11.4391021861694,0.00291124771991024,0.244190579166194,0.0119220312669346,0.990487820654569,0.994025177020953,"AKT2"
1.54304135346804,-0.0649900369752987,0.506406622309126,-0.128335677521268,0.897883331958204,0.940680833605568,"C19orf47"
11.9716109310637,-0.11891428450609,0.21492819846615,-0.553274467262696,0.58007548191866,0.722984625574906,"PLD3"
17.1700936451125,0.566505656268817,0.371315923102397,1.52567024741515,0.127092007761071,0.252371403233724,"SERTAD1"
7.36158002344653,0.207007028836444,0.311962942629958,0.663562880550176,0.50697012148886,0.65991795749359,"SERTAD3"
91.8273886180785,-0.346156816938089,0.130474220611624,-2.65306675384156,0.0079764094501875,0.032443373269302,"BLVRB"
9.17901206119112,-0.00575429404603476,0.224512608735306,-0.0256301598313301,0.979552329900616,0.987004852729698,"SHKBP1"
13.2582532944286,-0.208002477454366,0.250373509113588,-0.83076871107798,0.406104301559943,0.570915199753628,"LTBP4"
3.77411333117401,0.105092624230789,0.301827634731921,0.348187548579276,0.727699338224686,0.832494504081038,"ADCK4"
3.41886481671713,0.70599257926714,0.420058892660201,1.68069904387964,0.092821386421451,0.200724861914966,"ITPKC"
2.24286359561105,0.462223363234009,0.464562072184975,0.994965777253477,0.319752909248256,0.485666656564483,"C19orf54"
34.0941249344678,0.0111607147187664,0.159768775963764,0.0698554185662515,0.944308737230325,0.967572973078527,"SNRPA"
5.48695928971179,0.562554215898812,0.26453454590501,2.1265812900702,0.0334548884293782,0.0947132659914097,"RAB4B"
15.4894245972987,-0.510438278252235,0.197502036023851,-2.58447096814027,0.0097528514945472,0.0377833391004919,"EGLN2"
2.0922593150145,0.426181197999967,0.445521552056352,0.956589408599613,0.338774536792719,0.505439135811091,"CYP2B6"
3.77999986711463,0.361416467187226,0.330428908896429,1.0937798039351,0.274051563789704,0.434672116657833,"CYP2S1"
30.7947944226398,0.513349830134423,0.167744231824905,3.0603128617279,0.00221105888942383,0.0125128189364996,"HNRNPUL1"
3.85291532932289,0.0819819734766522,0.319785896326821,0.256365194395149,0.797668860829607,0.879192512799099,"CCDC97"
3.28489076718548,-0.0656712078429984,0.342810056844492,-0.191567331622329,0.848081134109761,0.912371806309633,"B9D2"
27.0161019380987,-0.820820788582309,0.18535876025345,-4.42828160622114,9.49868319961693e-06,0.000195001322396673,"EXOSC5"
9.2977272991468,-0.530298369372948,0.25941359671211,-2.04421964035084,0.0409318537585557,0.109334506551954,"B3GNT8"
12.1571534489022,-0.0891356935632191,0.209099495365169,-0.426283637880396,0.669901179056475,0.790259266190888,"ATP5SL"
3.96546828958147,1.62062445123693,0.851956430005006,1.90223865230691,0.0571399617934233,0.140680114503872,"CEACAM7"
52.4518709309503,1.15113274321631,0.286625463868785,4.01615658175887,5.91549602782799e-05,0.000792136706069198,"CEACAM5"
2.06137503445115,1.60947830916152,0.686918264927862,2.34304194740046,0.0191272324861887,0.062378902342345,"CEACAM6"
3467.94299060151,-0.560958363280376,0.138356190342826,-4.05445077585907,5.02522304920318e-05,0.000695209201456644,"RPS19"
0.564357726370955,0.190685818354299,1.08644372970353,0.175513754777096,0.860675963785712,0.91927364103065,"CD79A"
9.76788535897805,-0.59867046516115,0.257570811355637,-2.32429467457997,0.0201097060455048,0.0647085652308688,"ARHGEF1"
99.9133477105862,-0.25413122579216,0.152967762626911,-1.66133845084724,0.0966454916967679,0.206811830507764,"RABAC1"
3.93056081326404,-0.225940146091949,0.32359965272936,-0.698208864522213,0.485046583570692,0.64077472430864,"ZNF574"
7.71560901236097,0.380429202293337,0.388869520503071,0.978295243610723,0.327928321681672,0.494007708900397,"DEDD2"
2.35860617726917,-0.183821612706971,0.372260821470888,-0.493797902182263,0.621448914859446,0.752140750145183,"ZNF526"
11.5257809304503,0.592147924854804,0.258492685770266,2.29077245683103,0.0219765774369448,0.0691183408529454,"GSK3A"
7.74369145105427,0.615676226790934,0.308352580642562,1.99666312345417,0.0458617906345076,0.119181394182999,"ERF"
4.31684764231803,0.646126750951049,0.282003481650775,2.29120132549,0.0219517723456069,0.0690803383579516,"CIC"
51.8948758578858,-0.300341431907368,0.129402414916663,-2.32098784323919,0.0202874999699747,0.0651262931344739,"PAFAH1B3"
5.76684483708411,0.682540156492568,0.369502136987123,1.84718865784626,0.0647198026366473,0.153764396550862,"MEGF8"
10.4265086731241,-0.0544025379948011,0.29729671329328,-0.1829907145362,0.854805304329177,0.915982003906097,"CNFN"
4.00148758284528,0.550007383420628,0.353015985700156,1.55802401505917,0.119227555397943,0.240581800747243,"LIPE-AS1"
4.0708570584024,1.27662049748494,0.557766523765618,2.28880802825197,0.0220905088166497,0.0694163558300973,"CEACAM1"
187.964687859589,-0.211445663544164,0.14279401295808,-1.4807740126068,0.138666803739134,0.268545695892375,"ETHE1"
1.42569792863101,-0.0144982594808856,0.490502285321396,-0.0295579855889678,0.97641957330308,0.985310961352114,"ZNF575"
6.53181992240287,-0.125187211347051,0.261644842306473,-0.47846236999549,0.632321151149569,0.761140290565764,"XRCC1"
5.57940833529896,0.346493947037939,0.322485065483759,1.07444959200875,0.282621225808024,0.443984740673389,"IRGQ"
8.85245689752359,0.274849017326844,0.218106250790276,1.26016112023827,0.207611245252668,0.357258457208679,"ZNF576"
24.6511725147743,-0.46964287921202,0.153873717912859,-3.0521318752952,0.00227222249524105,0.0127790452088648,"ZNF428"
7.41171884443959,-0.438379212266169,0.643335110635219,-0.68141658215004,0.495607933354272,0.649565792448394,"PLAUR"
6.4237759230267,0.0343229380976517,0.260649665687048,0.131682264035059,0.895235614591907,0.939167192278605,"SMG9"
21.2399089835999,-0.344799078915043,0.18964961533908,-1.81808477859851,0.0690511760832093,0.161088775159856,"KCNN4"
2.36078585524672,0.494287987061891,0.387917346153639,1.27420954995429,0.202589161602287,0.351276353598485,"ZNF224"
4.51201029247206,-0.21735092513809,0.342980021651802,-0.63371307778022,0.526268088617081,0.677004435250118,"ZNF226"
1.16551103811666,-0.418410519600906,0.522659029674068,-0.80054202806336,0.423396823357505,0.586565824934622,"ZNF227"
1.24620760392821,0.102171085787258,0.45636713955951,0.223879146701656,0.822851342421096,0.896215583060185,"ZNF180"
3.81118268449805,0.255086235197849,0.311972285409513,0.81765671865053,0.413553230938109,0.577345953668108,"PVR"
14.1550138874372,1.1880425058168,0.353480745147417,3.36098223772086,0.000776658199836292,0.00559688656285476,"BCL3"
21.7487507416372,-0.412831693003367,0.17277111672466,-2.38947169428374,0.0168726239748305,0.0567120694418631,"CBLC"
3.78434436200841,-0.394705689242311,0.383837793048189,-1.02831377313791,0.303802254303636,0.467388083544055,"BCAM"
12.0007730849298,-0.0231666636184436,0.210209289386928,-0.110207611119417,0.912244726245016,0.94812687597099,"PVRL2"
56.8903280265333,-0.243834392502957,0.145822025202037,-1.67213692283538,0.0944973252364127,0.203457762106947,"TOMM40"
2.86308861026321,1.02725481865974,0.716295685410285,1.4341211870784,0.151537682721271,0.286308147938937,"APOE"
0.879280486071882,0.138740411224469,0.599794272093293,0.231313331386547,0.817071390556806,0.892157178910809,"APOC1"
12.953917170873,0.161387391465225,0.182659929904152,0.883540202549681,0.376944471180795,0.543106002171737,"CLPTM1"
2.75822642213721,0.213830351478986,0.336977372276386,0.634554035585524,0.525719314214639,0.676619074706207,"RELB"
6.96892063481001,0.0464836612056287,0.294611525161258,0.157779507031116,0.874630547391692,0.927730183108648,"CLASRP"
10.702810155965,0.373592718500685,0.330147030066575,1.13159496974833,0.257804755883001,0.41650693973362,"ZNF296"
13.0658164710927,-0.62818285688132,0.233295653215272,-2.69264706917479,0.00708872636495192,0.0297731026900777,"GEMIN7"
6.06479025964724,0.311300347225978,0.257602434673507,1.20845265931019,0.226873194876118,0.380046721634218,"PPP1R37"
61.0264484749705,-0.854419645540844,0.282957321434126,-3.01960607066235,0.00253103648522769,0.0138543630189379,"TRAPPC6A"
1.45581602558527,0.570515800271869,0.479225985021241,1.19049429309761,0.233852171728522,0.388740244562051,"BLOC1S3"
4.30298894875022,-0.0544692753341631,0.289008034382183,-0.188469761578092,0.850508417499543,0.913692888915327,"ERCC2"
2.96970891655932,0.322505462682433,0.39699378649021,0.812369043691284,0.416579903618981,0.580242005630465,"PPP1R13L"
4.97938045784326,0.746414663534603,0.267230602787967,2.79314814900463,0.00521977799351852,0.0238480391289908,"CD3EAP"
15.3281456469713,-0.164684365436713,0.200325457321917,-0.822084060799474,0.411029056411113,0.574829227796989,"ERCC1"
183.692530777817,-0.134741058220183,0.407838885576217,-0.330378154181678,0.741114246141906,0.841717288548535,"FOSB"
28.7455995201862,0.319081520759462,0.149909480851888,2.12849460185055,0.0332960970493423,0.0944113874558375,"VASP"
4.69343495220948,0.354266238340121,0.253197113062567,1.39917171272241,0.16176149701534,0.299614914951225,"OPA3"
8.91544205068911,0.165094413720005,0.182584052192488,0.904210481351105,0.36588380345276,0.532283738177759,"EML2"
235.938652144323,-0.604126365342601,0.11629613345298,-5.19472442810713,2.05023306791118e-07,1.09008939206429e-05,"SNRPD2"
4.32491040143001,-0.0131076570283274,0.423583622801307,-0.0309446737851711,0.975313662438303,0.985201969498649,"FBXO46"
2.15608081543745,-0.0585454404993117,0.41728237239257,-0.1403017342037,0.888421594182218,0.935271278869609,"AC074212.5"
2.38044466135541,0.740342443787968,0.364059156490313,2.03357732003004,0.0419942304661094,0.111560015377189,"SIX5"
1.99578695025769,-0.0626801577967597,0.39444553942031,-0.158907001176579,0.873742144646973,0.927730183108648,"DMPK"
2.63790394715118,1.0671149395613,0.386463201807486,2.76123298303798,0.00575835817813784,0.0255488346976712,"DMWD"
13.3039264507113,-0.369268651414571,0.227769409294928,-1.6212390090384,0.104966389713822,0.219133985446387,"SYMPK"
14.7844891143505,0.226444009986369,0.190015704347823,1.19171207855464,0.233374160337552,0.388301421980362,"FOXA3"
2.76602908505773,-0.377202612869172,0.409513023496486,-0.921100407622102,0.356998007451133,0.523494242630206,"IRF2BP1"
1.70610807182805,-0.0444204098776248,0.429148997993589,-0.103508129077091,0.917559698080276,0.951500570790561,"MYPOP"
5.11959907010187,0.268085130043242,0.283385624223691,0.946008220345111,0.344144393468286,0.510999204220314,"CCDC61"
13.93334051605,-0.146657493449278,0.208686364229711,-0.702765099150636,0.482202150589804,0.638263102458959,"PPP5C"
79.9963752304921,-0.0462026641157184,0.125360220287806,-0.368559212879851,0.712456301862049,0.82196255627832,"CALM3"
5.43362823112256,0.21698219488055,0.269410501725933,0.805396202042943,0.42059108271471,0.584080499098542,"PRKD2"
7.74122818047042,0.0804321067533094,0.275758156748905,0.291676256113606,0.770534165069611,0.862058414819819,"STRN4"
19.1263380275552,0.103063492440085,0.204729941040563,0.503411918726949,0.614674693608987,0.748275661091088,"SLC1A5"
128.9644108616,-0.208790172572747,0.110205962208017,-1.89454516243549,0.0581526857145005,0.142462929587069,"AP2S1"
10.5403459608545,0.546801521649066,0.280715144907895,1.94788749936694,0.0514284258810132,0.12982629127564,"ARHGAP35"
58.9862062160265,-0.325347514236788,0.129921175387639,-2.50419158590633,0.0122731555455834,0.0448172391476248,"TMEM160"
5.85155726614963,1.10731611801292,0.423402574327816,2.6152796065798,0.00891544379807673,0.0352463486156219,"ZC3H4"
21.4407516937184,-0.464064958064769,0.171123944821513,-2.71186454092559,0.00669059280185148,0.0285785591745879,"SAE1"
7.54492580745454,0.276187502412898,0.38865534388546,0.710623195481633,0.477317765352721,0.634533434139075,"BBC3"
3.65027945790389,0.528655149279633,0.35770065328717,1.47792614976081,0.139427546163787,0.26945947483114,"CCDC9"
11.4177259169171,-0.4343096187939,0.223744437436958,-1.94109683248001,0.0522465332049855,0.131402813943062,"PRR24"
1.84248631571237,0.0337656993469446,0.378335653298081,0.0892479972548118,0.928884821244363,0.958723546731969,"DHX34"
1.72641276898872,-0.424185939813661,0.413697691594775,-1.02535244559489,0.3051969178657,0.468736887006294,"KPTN"
2.26488508316255,-0.909990241523645,0.405576514502016,-2.24369560116411,0.0248519933371778,0.0753258854707649,"NAPA-AS1"
21.0310690821052,-0.139545126818328,0.174414663327082,-0.800076806367122,0.423666298222465,0.586789439956124,"NAPA"
1.92241054859419,-0.00426070567031623,0.464822836600878,-0.0091663002219805,0.99268645298867,0.995620140326649,"GLTSCR1"
180.715730988258,-0.409950754878901,0.177476131247894,-2.30989233310643,0.0208941156418942,0.0665230418853625,"GLTSCR2"
197.768936487318,-0.0496027617704033,0.134362472155455,-0.369171249789256,0.712000084008424,0.821649650959638,"SEPW1"
22.719540755452,-0.0555689914396187,0.17570354820498,-0.316265619034572,0.7518009048648,0.849521398301149,"LIG1"
2.19398416137135,0.26075646000097,0.369348557478228,0.70599019468579,0.480194235194023,0.636663337102563,"C19orf68"
3.25126230163354,0.083042416811788,0.311527603681664,0.266565196247088,0.789803955603238,0.873464646047083,"CARD8"
1.66869814145513,1.1401636824432,0.552802964127785,2.06251369191219,0.039158855367735,0.105717101442173,"EMP3"
1.86733090481863,-0.331670432252937,0.398492809514708,-0.832312213253865,0.405232738604599,0.570350899591232,"TMEM143"
66.5065811855002,0.711055037958087,0.128667149784567,5.52631374168651,3.27029095893991e-08,2.51881984497074e-06,"KDELR1"
10.2806591102375,0.533773498540757,0.217153111014446,2.45805135393731,0.013969319693651,0.0494965128460196,"GRWD1"
7.69646759869386,-0.163998058860716,0.231669625978471,-0.70789624737408,0.479009690281232,0.635851637341542,"CYTH2"
1.51824469092413,-0.218503293517484,0.470563535608288,-0.464343870663563,0.642401397313855,0.768927496399037,"SULT2B1"
4.24179876564946,0.857803379098739,0.396763599202811,2.16200120379557,0.0306180834040632,0.0884812096243018,"FAM83E"
1717.47468772218,-0.140457789127194,0.10943643936928,-1.28346453828999,0.1993293757357,0.347410852269252,"RPL18"
4.50436212241608,0.05531454037544,0.27351759318203,0.202233939440332,0.83973384142108,0.907052866305244,"SPHK2"
2.87172666139763,0.065871670581673,0.336344547763145,0.195845810552755,0.844730852678134,0.910187226915819,"DBP"
16.3877739999031,0.714222976150201,0.257546821060571,2.77317721573518,0.00555118811620115,0.0249527743965002,"FUT2"
22.4612950243252,-0.693518522648531,0.191208990810239,-3.62701837246136,0.000286712900437013,0.002602733959922,"BCAT2"
46.2018489319666,0.364349168526131,0.4699918104838,0.775224504765471,0.438207010648211,0.599954820497648,"PPP1R15A"
26.8751144346443,0.0485804946620276,0.178655923858616,0.271922103744363,0.785681915069508,0.871108279495136,"NUCB1"
59.3661515510337,-0.269483968310448,0.120910892612249,-2.22878156374761,0.0258284422020191,0.0777861570476782,"BAX"
1479.64322904798,-0.595041445861023,0.151730315995156,-3.92170438688086,8.79248219290583e-05,0.00106450787753576,"FTL"
3.38339365143729,0.108248185617548,0.373210224150242,0.290046141860173,0.771780937970766,0.862564679053465,"GYS1"
37.0671551052354,-0.457814336186849,0.184046948072499,-2.4874867036997,0.0128649262474188,0.0465090209876725,"RUVBL2"
53.9218763447469,-0.209100297758649,0.13905422260873,-1.50373209698935,0.132650361260444,0.260007159250128,"SNRNP70"
4.07925916139255,-0.370840606684336,0.279210113983359,-1.32817755558252,0.184119457215443,0.328385170858878,"LIN7B"
2.32720283455762,-0.622586119596231,0.361742683325233,-1.72107453251924,0.0852372999766792,0.188509444533472,"C19orf73"
11.2274497907641,-0.311185424348543,0.208497689911572,-1.49251257642481,0.135564822778411,0.264314896835465,"PPFIA3"
28.1833017212664,-0.347842181886056,0.205144621269208,-1.6955949404571,0.0899626166187548,0.195868888628644,"TRPM4"
3.69796641891241,-0.634555974437522,0.335548433883344,-1.89110098680457,0.0586108648295104,0.143169817802186,"TEAD2"
33.9913231797847,-0.450494512912241,0.150182768244488,-2.9996418242795,0.00270297253048303,0.0144460047642942,"PIH1D1"
8.80950113767951,0.0315530937182543,0.19998495632541,0.1577773363458,0.874632257923916,0.927730183108648,"ALDH16A1"
3888.95090749079,-1.05140859668722,0.19792425653831,-5.31217656226845,1.08323572971705e-07,6.76088507168227e-06,"RPL13A"
983.143522009735,0.363052193810063,0.133930240288892,2.71075593552992,0.00671300186479471,0.0286456582521299,"RPS11"
193.307843629575,-0.488141887000734,0.165580134334452,-2.9480703646172,0.00319764272179933,0.016397140630896,"FCGRT"
2.61079212189343,-0.81225877414729,0.474651687835476,-1.71127332939946,0.0870306674065694,0.191326527942377,"RCN3"
50.0441449261134,-0.651282816123483,0.174565285371628,-3.7308839196578,0.000190809130918528,0.00191239426948693,"NOSIP"
4.533256188844,0.0581793399332154,0.269086301351636,0.216210708761379,0.828823506577314,0.899755762195598,"PRRG2"
2.46695188488785,0.099365130150167,0.354204699043373,0.280530242592856,0.779070726315026,0.867053503564376,"PRR12"
10.5366092299106,0.952243405981561,0.274510333348288,3.4688800030467,0.000522632831700796,0.00412484923856878,"RRAS"
6.63380621282578,0.132563616611108,0.267390410084655,0.49576802911196,0.620058083865796,0.75162750204069,"SCAF1"
20.9204704451598,0.285215894417803,0.176256701627661,1.61818468054801,0.105622803321006,0.220123516420289,"IRF3"
20.6973904166706,-0.424953142598264,0.165654210331092,-2.56530239556792,0.0103085920165367,0.0394693473377606,"BCL2L12"
59.9868676686265,-0.322454635466653,0.155989438008428,-2.06715685102495,0.0387193765645293,0.104860954985234,"PRMT1"
9.86766330672168,-0.0715122439514595,0.239926447422764,-0.298059029005047,0.765658111199549,0.859081215789555,"AP2A1"
1.91834329255042,-0.466258872924598,0.400838271456717,-1.16320946907123,0.244744525609216,0.401204792512799,"FUZ"
6.76079010049787,0.132309926562972,0.22244980691745,0.594785531156118,0.551986840371229,0.698440102659428,"MED25"
18.4438518281295,-0.350108205849734,0.183384260740908,-1.90915078772425,0.0562426426349982,0.139164980409223,"PTOV1"
15.1511569130257,-0.0848648405346082,0.203699461656373,-0.416617893069198,0.676957919452248,0.795473537451511,"PNKP"
11.203287833304,0.367335722462881,0.198878006242377,1.84704045159826,0.0647412778076698,0.153781775369924,"AKT1S1"
4.41865863803047,-0.103095425438465,0.308547987217246,-0.334130928444126,0.738280762410759,0.839640703715661,"TBC1D17"
15.5638275621895,0.445198527692774,0.161287086613179,2.76028625131353,0.00577507353427153,0.0255780173663087,"NUP62"
8.38892439421534,0.735216038016227,0.213184340730964,3.44873378361341,0.000563221682028054,0.00436880881791862,"ATF5"
13.9349125852372,-0.263648926246905,0.203411072793949,-1.29613851707068,0.194927767092315,0.342422290586002,"VRK3"
1.45926204279613,-0.250734990341357,0.474313348004204,-0.528627312295531,0.597064009816447,0.735660897050897,"ZNF473"
26.4982347500799,0.663196586087756,0.193277860047833,3.43131171839147,0.000600669939911832,0.00457452703186711,"MYH14"
8.33599856166476,-0.345649082199019,0.232051075296392,-1.48953880846073,0.136345541858678,0.26518499619347,"NR1H2"
11.3213072113583,-0.610216363604459,0.262776252877584,-2.32218991222442,0.0202227119338551,0.0649759324265284,"POLD1"
11.6778356747756,0.0894483994886764,0.418586346876485,0.213691631741325,0.830787537520352,0.901104079539214,"SPIB"
1.58553934888513,-0.103817454420819,0.444617285690979,-0.233498466573283,0.815374360148073,0.891379660882633,"FAM71E1"
32.6579349854005,-0.103107299368113,0.167592310885597,-0.615226908819801,0.538404879441422,0.687567849333708,"EMC10"
19.3152282578832,-0.55351993253513,0.206338642131753,-2.68258008687337,0.00730566571511705,0.0304215987983785,"JOSD2"
2.19356296310715,-0.473717772619897,0.381234220070611,-1.2425898507541,0.21401901179826,0.364873856849153,"CLEC11A"
40.4771125523608,-0.542302853336701,0.167271029884129,-3.24206082614761,0.00118668691695386,0.00777287087944449,"C19orf48"
89.8037100402903,-0.784633929680956,0.364847018866091,-2.15058336537742,0.0315090994607036,0.0904304492978968,"KLK1"
5.10934467420558,1.34454150097407,0.304969565100984,4.4087727263173,1.03958048854938e-05,0.000208990298521197,"CTU1"
205.444932424768,-0.567209558690272,0.156390859922492,-3.62687153821766,0.000286875925416817,0.002602733959922,"ETFB"
3.9796019567715,0.523019619150678,0.328043112465623,1.59436244589798,0.110854878600487,0.227749523571943,"CLDND2"
1.31173196182081,0.28607313279893,0.439019869975225,0.651617733874035,0.51464780462675,0.666238545505604,"ZNF577"
1.15990404436522,-0.155951202280407,0.565656808365981,-0.275699328592729,0.78277901135705,0.869168790129259,"ZNF649"
1.60638031595311,0.0104858679546077,0.445680484827189,0.0235277700316484,0.981229287330923,0.98814447889594,"ZNF350"
1.58051318383274,0.220791042796793,0.633142829900676,0.348722329891076,0.727297778564782,0.832494504081038,"ZNF614"
1.14891302881131,-0.317985481327411,0.507572251498193,-0.626483186164764,0.530998061886697,0.6814747048085,"ZNF836"
59.108124910705,-0.572217471861223,0.138902698815986,-4.1195561838527,3.79602858505881e-05,0.000560882590935221,"PPP2R1A"
4.45042909573791,0.430742207382335,0.281771990711355,1.52869064911276,0.126341151522345,0.251109975390313,"ZNF766"
5.80776048056671,0.292698219876818,0.270176555085277,1.08335906416614,0.278649078176965,0.439908269952295,"ZNF480"
1.74589938130285,-0.351550205562933,0.440525847646273,-0.798024014802453,0.424856554222705,0.587913121669034,"ZNF880"
1.5102242692353,0.972786903421703,0.506927060656055,1.91898791546607,0.0549858632334628,0.136459432064764,"ZNF808"
2.03370466021666,0.545204817469906,0.40448170285688,1.34790971660545,0.177687422514363,0.320386088080024,"ZNF701"
3.33594740302443,-0.191874225801225,0.368803649459943,-0.520261190696445,0.602881541453883,0.740058046816906,"ZNF83"
1.39404698223552,0.198871625739305,0.451267999701722,0.440695165335798,0.659433697121118,0.782501087274404,"ZNF611"
2.84036708472568,0.10821994117203,0.362396595897378,0.298622951752769,0.765227751128849,0.858967156466118,"ZNF600"
3.85920060249183,-0.674223207472487,0.384993681518522,-1.75125785133191,0.0799015044162304,0.179505655349661,"ZNF28"
3.00833481652029,0.227447548860395,0.387127413989737,0.587526330197903,0.556850272138804,0.701716634419519,"ZNF468"
3.38829395992844,0.710503184040443,0.399627630182538,1.77791306300795,0.0754181344253551,0.172067424340201,"ZNF320"
3.06174477949413,-0.0584281508238584,0.389443546006808,-0.15002983467811,0.88074107698447,0.931157330223067,"ZNF816"
2.65839216349162,0.712830194130205,0.371813428992576,1.9171717279325,0.0552161185431874,0.136936982730992,"ZNF160"
1.19508256900647,-0.783850334385935,0.509287027508202,-1.53911309742385,0.123776688102972,0.247399317563122,"ZNF677"
1.50437292654814,1.04234633160207,0.497078754967822,2.09694403791115,0.0359985295501343,0.0999620877615917,"ZNF845"
2.29612937228977,0.727561542270433,0.429264593508846,1.69490228933927,0.0900939581693433,0.19603694364237,"ZNF525"
1.89168995374433,-0.248450312134751,0.466827077040692,-0.532210585790624,0.594580152059185,0.734183109876378,"ZNF765"
2.67111787088793,-0.0910884358441443,0.427308335402643,-0.213167935884784,0.831195976934164,0.90119456203413,"ZNF813"
2.21268547186068,0.6348821195792,0.451412666405571,1.40643399449672,0.159595291720686,0.297142544378243,"ZNF331"
21.5889418443076,0.372018858357589,0.331988461595928,1.12057767480601,0.262467672361182,0.421906293937601,"MYADM"
121.826388056623,0.169046762137554,0.193094443325831,0.875461557701594,0.381322818260296,0.546962642168702,"NDUFA3"
5.02735933135277,0.119733555924974,0.284965821917352,0.420168127950798,0.674362636304124,0.793481808859383,"TFPT"
23.3552557146418,-0.252327302603863,0.174443691278575,-1.44646848937009,0.14804584395949,0.281375195204771,"PRPF31"
5.09009466366538,0.253980067050553,0.260445622255833,0.975175028286983,0.329473446783704,0.495236212051353,"CNOT3"
8.43419775143506,-0.341006196162051,0.266171848124357,-1.28115049944249,0.200140809043957,0.348154602950083,"LENG1"
23.7402693220696,-0.254798897754281,0.205189160988155,-1.24177562073559,0.214319360035415,0.365156612799594,"TMC4"
14.9555113846568,-0.204785690565712,0.171340388827738,-1.19519800303242,0.232009678599532,0.386504848840454,"MBOAT7"
29.6903627231076,-0.77598314685586,0.162560804098412,-4.7734947619113,1.81056260561919e-06,5.37232510847662e-05,"TSEN34"
2011.81992503343,-0.523864201669024,0.111816905812139,-4.68501786795244,2.79935510464665e-06,7.57000408393632e-05,"RPS9"
18.1716810036631,-0.406580478344459,0.292567554091139,-1.38969777290411,0.164620671397492,0.302971269766594,"LENG8"
6.27447221932421,-0.283797527522639,0.257773229011655,-1.100958111945,0.270914888315178,0.431077859176478,"LENG9"
107.575913764246,0.941788685656271,0.221529031155937,4.25131045236836,2.12523332120175e-05,0.000360625529191422,"CDC42EP5"
1.7432056747969,0.371373927370787,0.624225267835466,0.594935749170401,0.551886419835691,0.698440102659428,"NLRP2"
8.33123041677649,-0.0654185409855531,0.218620262450536,-0.299233658638363,0.764761769279969,0.858785318413862,"RDH13"
2.84027369303915,-0.0911418535648309,0.38843594425222,-0.234638052717517,0.814489672126179,0.890984101282921,"EPS8L1"
5.94599481022832,0.303093053933688,0.252887717000809,1.19852817498731,0.230711461110806,0.384696217973799,"PPP1R12C"
4.46859225726196,0.0124185034650735,0.32420859854161,0.0383040533808658,0.969445259029108,0.982197547630946,"PTPRH"
1.27469665011686,1.39538845367197,0.578457947965571,2.41225565069947,0.0158541604699054,0.0541775275969707,"PPP6R1"
25.9555285905224,-0.488978093223997,0.169155051815912,-2.89070936974523,0.00384373401826429,0.0188796704831977,"HSPBP1"
7.75198692120981,0.0199278079057083,0.293637776732216,0.0678652730839926,0.945892883058225,0.968696987234207,"SUV420H2"
1.45880849656714,1.01544761052471,0.432820522202003,2.34611705877196,0.0189701485490309,0.0619969344695985,"COX6B2"
96.0287996840338,5.26986430297489,0.501164629659455,10.5152358947514,7.34966504338011e-26,7.9817362371108e-22,"TMEM238"
2252.40878444044,0.227743998524201,0.122854709456736,1.85376693763948,0.063772510493368,0.152280005267805,"RPL28"
40.4495246214177,0.710069825526656,0.288285757419959,2.46307633051835,0.0137750586526746,0.0489658642389627,"UBE2S"
67.8218320170691,-0.348705211329655,0.143790137622188,-2.42509825149404,0.0153042442215859,0.0527632038877533,"ISOC2"
1.98047281995503,-0.179776136686322,0.463846856694427,-0.38757649015342,0.698329469713252,0.811976235662304,"ZNF628"
3.05714416142388,0.333198509526993,0.412629140944691,0.807501158944213,0.419377807079879,0.582791534609432,"ZNF579"
2.76161078914923,0.071511321726853,0.419345502956602,0.170530794351343,0.86459271863906,0.921825480430543,"FIZ1"
20.1953076391662,-0.0910544086247228,0.155461304519475,-0.585704647894012,0.558074010137244,0.702850950955638,"ZNF524"
2.87880432746595,0.069313966235828,0.440502650668975,0.157351984444506,0.874967452825448,0.927762794150006,"ZNF865"
2.40022033464961,0.0285947229310655,0.397243407228641,0.0719828760168881,0.942615535454342,0.966465701948089,"ZNF784"
12.1795722903817,0.0527577537754056,0.20594097090069,0.25617900869685,0.797812616554554,0.879261722730105,"ZNF580"
8.49006167467943,-0.7134609486641,0.245151256487361,-2.91028876982682,0.00361094957295763,0.0180092220739792,"ZNF581"
1.72098547330746,-0.758049347841433,0.44824056657778,-1.69116631640232,0.0908050422735831,0.197189113995423,"CCDC106"
15.13778493245,-0.108615348485828,0.188241224943258,-0.577000858970017,0.563938875261132,0.707774897184316,"U2AF2"
34.8347688690122,0.302837473565563,0.182035290809277,1.66361957738653,0.0961884770273812,0.206077502568033,"EPN1"
13.9066822460591,1.12547350037566,0.285131809972382,3.94720427890762,7.90690896563904e-05,0.000985867179871871,"ZNF787"
7.98477873697331,-0.0100842540077496,0.248090628995096,-0.0406474603599354,0.967576947503246,0.981128445367437,"ZNF444"
1.81677726923005,0.52748532709119,0.451167108511335,1.16915731918418,0.24234025361573,0.39875987185861,"ZSCAN5A"
5.63578243220655,0.66484080415927,0.358219429499985,1.85595964207547,0.0634593107366162,0.151619054452807,"CTC-444N24.11"
4.38521668034398,-0.559133121591984,0.275741245892952,-2.02774568520318,0.0425862103537107,0.112966840361822,"TRAPPC2P1"
1.31149835493281,-0.342057118643918,0.763287447067816,-0.448136701262332,0.654054542091693,0.778670502862945,"ZNF749"
0.948618774391487,0.433148341302263,0.548473291781812,0.789734610221592,0.42968277421068,0.591850486001295,"ZNF550"
2.12616127877644,-0.346327101022876,0.425904578115123,-0.813156558578393,0.416128302537108,0.579835676579867,"ZNF551"
1.42496627016043,0.441389877245231,0.485129649376571,0.909839004506221,0.362907421176173,0.529372007249596,"ZNF586"
3.77044281845823,-0.274567240211009,0.325170385277529,-0.84437960110257,0.398457317577811,0.563957574468269,"ZNF552"
1.42560429600673,0.920611020684234,0.445408289136993,2.06689242911931,0.0387442912941718,0.1048875182376,"ZNF587B"
12.0942351197808,-1.10672061522933,0.302679541379744,-3.65641037443239,0.000255771780149182,0.00239043161137704,"ZNF814"
7.00011836818284,0.971610851718448,0.327715466793327,2.96480010914832,0.00302879659939347,0.0157381488370398,"ZNF587"
3.1935506701201,0.313214831322601,0.40866120245501,0.766441319706836,0.443413754908787,0.604807005565112,"ZSCAN18"
2.74861997165698,-0.397786236569546,0.368113634714447,-1.08060717956866,0.279871887515908,0.441261425438844,"ZNF274"
4.68730719677497,-0.273214330963956,0.30507351308508,-0.895568835855509,0.370483086225016,0.536602602881259,"ZNF544"
2.02056514962688,0.0155223193485996,0.401645956836372,0.0386467710788467,0.969172012196858,0.982012320624919,"CTD-3138B18.5"
9.6461893088308,-0.331668231392964,0.259193435285087,-1.27961663468892,0.200679996601095,0.348813182312403,"AC010642.1"
1808.23856111562,-0.622019205701816,0.128295935780124,-4.84831574686701,1.24514105622183e-06,4.01585118328584e-05,"RPS5"
2.52639698264697,0.434604283355024,0.39479942274996,1.10082299596034,0.270973701272714,0.431077859176478,"ZNF324"
2.01953727907467,-0.368564373340434,0.376225791643959,-0.979636116200203,0.327265770632521,0.493420278921169,"ZNF446"
8.31329128899752,-0.713903662502675,0.251082780946829,-2.84329996589395,0.0044649026634879,0.0211926761037931,"SLC27A5"
3.32181101460119,0.0753705139096593,0.340605149439916,0.221284129243486,0.824871206723443,0.897245723659514,"ZBTB45"
48.7258706960845,0.36543857884345,0.199551480984671,1.83129975803849,0.0670558137531617,0.157863892772455,"TRIM28"
80.3453068001799,-0.235658131987674,0.124666985653784,-1.89030103480745,0.0587177104808445,0.143215204309458,"CHMP2A"
28.0764985164994,1.09302415698543,0.253931079606431,4.30441267244446,1.67429318012039e-05,0.000299059604212294,"UBE2M"
3.9541184158223,0.249427826683639,0.311376886826758,0.801047981517054,0.423103868947403,0.586309559368227,"MZF1"
1.69887234226698,1.40005227196547,0.729265086261937,1.91981255971248,0.0548815798364678,0.136325241771281,"ZFY"
5.25985590689477,0.353661511771939,0.30328996561672,1.16608378735113,0.24358057093155,0.400093523552935,"IL17RA"
25.6318323354509,-0.898555009942461,0.170197523831107,-5.27948344791509,1.29548580755965e-07,7.73020652203174e-06,"CECR5"
1.77933230335389,1.15873652756973,0.590899418601996,1.96097083715394,0.0498824249264501,0.12716505509419,"CECR1"
16.8020418953468,-0.35400461744867,0.168669971066993,-2.09880048718372,0.0358344918845288,0.0997341316929735,"ATP6V1E1"
10.0626261021261,-0.230663034245244,0.216065173718277,-1.06756230203948,0.285717996165498,0.447425730116411,"BCL2L13"
25.3961456756407,-0.175904124760389,0.171773386982667,-1.02404760044779,0.305812792380969,0.469417233251919,"BID"
9.00839448908745,-0.00276878993588976,0.228675239531489,-0.0121079568630275,0.99033948419952,0.994025177020953,"MICAL3"
11.0987484639846,0.352799531782586,0.222064705703225,1.58872401926887,0.112122713709819,0.229572524677345,"PEX26"
1.53247877614595,0.32877635404869,0.492097750579444,0.668111881555151,0.504062178054076,0.657788422694937,"USP18"
11.8455015198093,-0.315512393413002,0.249465417717642,-1.26475403404457,0.205959513571868,0.355147716321132,"DGCR2"
2.95272135856972,-0.596125628604567,0.390340567865761,-1.52719362956293,0.126712869939705,0.251802702204062,"DGCR14"
51.8965847636455,0.168767950918667,0.14248472460318,1.18446346714489,0.236229649578223,0.391612577380477,"SLC25A1"
6.49339630349839,0.274016126491499,0.286983402384084,0.95481524093428,0.339671138593526,0.506220470032343,"HIRA"
24.8792675099482,-0.503471142107872,0.151228347869841,-3.32921141571419,0.00087092267082024,0.00612579028828226,"C22orf39"
34.1417079456246,-0.149990847101352,0.151003972133177,-0.993290739193726,0.320568289291538,0.48663287974645,"MRPL40"
36.3807607010059,-0.267691735792979,0.143654056555933,-1.86344710487692,0.0623993879455375,0.149821624635552,"UFD1L"
13.9486208040128,-0.376577861315755,0.241987412313844,-1.55618781041121,0.119663439097988,0.241237228253973,"CDC45"
1.82873887326378,-0.702852000774212,0.451045428508102,-1.55827319456268,0.119168500431309,0.240552028751676,"GNB1L"
4.11959673379484,-0.149477483765423,0.341284202817722,-0.437985358042657,0.661396897504977,0.784316478150694,"C22orf29"
7.51693724585572,-0.643138523031802,0.212384592061358,-3.02817881838622,0.0024603245475367,0.0135355241065089,"TXNRD2"
58.2403170906273,-0.779744595345335,0.178886355793996,-4.35888244178491,1.30728309385387e-05,0.000246905989552226,"COMT"
1.27814545158728,-0.538369706042167,0.471523603766883,-1.14176618464329,0.253551221739551,0.411840602466575,"ARVCF"
2.61936609356729,0.313559830360526,0.346011921784217,0.906211059849179,0.364824150199115,0.531273014542246,"TANGO2"
7.83910555710611,-0.195648471887844,0.270602157490287,-0.723011500360512,0.469672818740722,0.628186119651748,"DGCR8"
7.14848995911267,-0.109851620743314,0.230826812607174,-0.475904941469091,0.634142101595884,0.762655949427608,"TRMT2A"
240.72178423817,-0.805627818642574,0.11867692507718,-6.78841163198868,1.13374788233539e-11,6.47136390849094e-09,"RANBP1"
1.84705944654886,-0.302068894624191,0.436490912469513,-0.692039366673617,0.488912607259856,0.64385481025943,"ZDHHC8"
2.14178067323627,1.15514618678437,0.450360748001138,2.56493531443697,0.0103195041376204,0.0394890116048477,"RTN4R"
29.750763780042,-0.537628424650565,0.201511701546711,-2.66797620447834,0.00763096624815708,0.0314744752962347,"DGCR6L"
2.44060371560822,-0.7683814329727,0.35969070606396,-2.13622820945523,0.0326608171813653,0.0930961875563325,"AC023490.1"
2.91079980370923,-0.490175215532398,0.409038918971629,-1.19835837813369,0.230777528696791,0.384747307590905,"KLHL22"
7.36103849366233,-0.0343035156986947,0.217731197468147,-0.157549841720377,0.874811530309286,0.927730183108648,"MED15"
7.30868102548143,-0.666674183269237,0.26314888671566,-2.53344861758658,0.0112946297832782,0.0422236418059901,"PI4KA"
15.3514031701134,-0.195691286509047,0.215289363529541,-0.908968670355119,0.363366663583763,0.529757278362151,"SNAP29"
6.57532737099762,-0.167122103232059,0.300503046556458,-0.556141127842643,0.578114381348008,0.721231726759261,"CRKL"
4.97031335194062,-0.145277307168828,0.246702136029187,-0.588877378636235,0.555943533654741,0.701062096550219,"XXbac-B135H6.15"
17.8078410570725,-0.634117424921214,0.229795847594718,-2.75948165103306,0.00578931381645402,0.0256306351596782,"AIFM3"
1.86073200847049,-0.598169788276741,0.410904833451753,-1.4557380190734,0.145465055584854,0.278125088671042,"LZTR1"
15.5790125384493,-0.391039373310499,0.171510435497485,-2.27997423116702,0.0226092168500913,0.0704622699350825,"THAP7"
1.91023592842912,0.045376449585802,0.438565867159811,0.103465529316414,0.91759350625134,0.951500570790561,"THAP7-AS1"
2.15811694953807,0.98924539459992,0.422937277886709,2.33898841819497,0.0193360329048506,0.0628522350633576,"HIC2"
1.190736225406,-0.0400230261713985,0.510621329017514,-0.0783810309068107,0.937524962247149,0.964140683005568,"TMEM191C"
64.2165317456897,-0.229685837455955,0.114526962398287,-2.00551758857607,0.0449077423340433,0.117432718937566,"UBE2L3"
18.1924248467703,-0.106718464996961,0.16836010116157,-0.633870283164929,0.526165480624213,0.676952626416177,"YDJC"
64.6528029577762,0.0976267486036339,0.196729361033298,0.496248999594471,0.619718743946009,0.751551709576064,"SDF2L1"
7.49494804418976,0.271006133769534,0.230831768515441,1.17404175132595,0.240378302754205,0.396254335290459,"PPIL2"
2.09740204929469,-0.437586680803407,0.448132964914613,-0.97646617201389,0.328833503574529,0.494822204353524,"YPEL1"
15.0178903508975,0.695776932267552,0.253612578203589,2.74346381869519,0.00607947474192982,0.0266329551017982,"MAPK1"
1.64823803293443,-0.22881093435144,0.445045081210249,-0.514129790468001,0.607161250632323,0.743043856419544,"PPM1F"
2.51783659715481,-0.0142775989775885,0.390386244803248,-0.0365730072912388,0.970825466187597,0.982587564100401,"TOP3B"
85.7279331917003,-0.309281848917534,0.982118999082221,-0.314912805074084,0.752827858867131,0.850131074898309,"IGLL5"
6.02017851037425,-0.00677953195372858,0.27417254803275,-0.0247272456793113,0.980272522812304,0.987547272517776,"BCR"
1.43710555665267,-0.837558067111304,0.580701503217569,-1.44232116237092,0.149211792845009,0.283194699457671,"AP000344.3"
430.477596244037,-0.264427432691973,0.121901371601042,-2.16919161137406,0.0300681397467261,0.0873101597993169,"CHCHD10"
27.6530075332166,-0.656422700428761,0.152058050565808,-4.31692171500433,1.58220241209289e-05,0.000287336424671049,"SMARCB1"
12.3702267012614,0.38424317615856,0.316036108015444,1.21582049143506,0.224053311059134,0.376707448678825,"DERL3"
2.20864693099901,0.188176931902399,0.40463032965563,0.465058889832978,0.641889284829479,0.768483919440871,"SLC2A11"
224.436011381184,-1.18600845655511,0.283570624784696,-4.18240943488276,2.88435928303295e-05,0.000450059508818072,"MIF"
1.13530191068961,0.452674876487916,0.62223450019495,0.727498839016624,0.466920426282747,0.625401557650547,"AP000350.4"
1.41601860914975,0.854594847777167,0.736062437212746,1.16103580969743,0.245627336998394,0.402339800875197,"DDTL"
263.89114873088,-0.334102057018396,0.144044589151517,-2.31943496792485,0.0203714634663509,0.0652993191394836,"DDT"
23.2940646967822,-0.337949007747094,0.788222520697306,-0.428748226386789,0.668106460236456,0.789256625494171,"GSTT1"
5.55686134543011,0.66296642963074,0.259841629623707,2.55142499910744,0.0107283412124984,0.0406240535452345,"CABIN1"
3.77114916981306,0.0556429126911284,0.356041212576949,0.156282224432382,0.875810567021988,0.928256891926898,"SPECC1L"
15.9366377490816,-0.0755719120599709,0.169726926404656,-0.44525588049474,0.656134847730617,0.780291770297251,"GUCD1"
90.4137762128643,0.263264498465723,0.114368187516613,2.30190321436616,0.0213406309097738,0.0675092489601349,"SNRPD3"
1.11423111865224,-0.576887193393486,0.709935472926156,-0.812591024668367,0.416452579184264,0.580202053873138,"GGT1"
2.34822043687699,-1.02316869262077,0.45478131979475,-2.24980369264627,0.0244614095165946,0.0745249844091781,"FAM211B"
6.35448542828077,0.65050106726787,0.332559831812669,1.95604220666763,0.0504601823256327,0.128228694509576,"KIAA1671"
1.39641324419928,-2.72308055822239,1.59696233090838,-1.70516267385809,0.0881640893420397,0.193153522343061,"CRYBB2"
1.79038997158426,-0.430745782110483,0.464177826940088,-0.927975782363427,0.353420132029303,0.520073527620357,"LRP5L"
0.476320184847943,1.25268582200243,0.771122878892393,1.62449572732394,0.104270051537093,0.218267686910723,"ASPHD2"
7.00537447249801,-0.124438174768865,0.244895720111479,-0.508127192717862,0.611364146183513,0.745834040390132,"HPS4"
3.38749147398198,0.849917073122918,0.308320622334461,2.75660144523496,0.00584054925074253,0.025806461364986,"SRRD"
4.19424673703675,0.0845238409628343,0.293155379426683,0.288324372993378,0.773098452001524,0.863592798676872,"TFIP11"
3.08215849834141,0.0145988498173198,0.342906701989907,0.0425738246951775,0.966041261432986,0.980836885712338,"TPST2"
1.32003871210012,0.35750047933964,0.505799075358747,0.70680334693391,0.47968869437059,0.636303801253768,"CTA-211A9.5"
11.0987293293894,1.12369468933612,0.250004848285027,4.49469159116072,6.96708497999515e-06,0.000152853621985348,"PITPNB"
1.2183368972515,-0.127995425764603,0.501899076777169,-0.255022237909853,0.79870592359648,0.879783615083857,"TTC28"
7.22725200634562,-0.616585770298294,0.275347563672993,-2.23929989455276,0.0251364097435274,0.0760605767107015,"CHEK2"
12.5002764982298,-0.207691597635749,0.250436677778497,-0.829317811903917,0.406924594463029,0.571620889389277,"HSCB"
5.9742631311675,0.888241014853486,0.43259890637299,2.05326689866302,0.0400466993509619,0.107521901506767,"CCDC117"
60.936378726343,0.431097011012926,0.216916011603411,1.98739137708794,0.0468790425052151,0.121200042010931,"XBP1"
3.8237980893948,0.390603838760623,0.395003937171187,0.988860621385003,0.322731339389183,0.488687645336095,"CTA-292E10.6"
6.08284619495748,0.810677488234638,0.339064191299436,2.39092628781524,0.0168059266239477,0.0565403851103074,"ZNRF3"
8.76538455500227,0.124034958763465,0.255823144208877,0.484846510455642,0.627785227632246,0.757527508009576,"KREMEN1"
7.6662538390054,-0.569951805957982,0.24610910695559,-2.31585012439556,0.0205664533363249,0.0657091535937024,"RHBDD3"
43.0181445468492,-0.632273246952518,0.136855263930117,-4.62001408491951,3.83713994293881e-06,9.71359901639056e-05,"EWSR1"
4.01331748846899,0.362878880950138,0.302450689849589,1.19979518357389,0.230218895206497,0.384127949626353,"GAS2L1"
10.8959109475007,0.174429920874715,0.201862039945294,0.86410461779732,0.387530422503537,0.553247296825432,"AP1B1"
4.32512701574372,0.243119496162579,0.297255308316663,0.817881091978973,0.413425087920559,0.577243051532177,"THOC5"
14.1254637507137,-0.0477839051760275,0.204998194700099,-0.233094273078515,0.815688201859032,0.891453544549571,"NIPSNAP1"
8.34739196114525,0.5147479872562,0.251228610356818,2.04892263872776,0.0404696802371461,0.108251410683598,"NF2"
7.59498389280753,-0.90773785567834,0.299065549723665,-3.0352471440361,0.00240338655615451,0.0133261766052098,"ZMAT5"
403.853521454244,-0.252279646216108,0.132596290385847,-1.90261466200894,0.0570908445572124,0.140591059385788,"UQCR10"
9.08483307073437,-0.383135213451705,0.230938321199068,-1.65903697343259,0.0971083421307187,0.207597755027481,"ASCC2"
4.06835404915916,0.180155248694102,0.345479231759123,0.521464771635566,0.602043040273603,0.739195864032937,"MTMR3"
1.80261046846964,-0.267646937535644,0.53564946703311,-0.499668074007623,0.617308816109065,0.749466041693062,"LIF"
7.06758877662221,-0.455633698607234,0.29646897920772,-1.53686803868945,0.124325627694903,0.248148560332044,"TBC1D10A"
14.6050064496074,0.217582700702475,0.195025718375222,1.1156615779456,0.264567022931049,0.423988705891717,"SF3A1"
11.0348002645456,-1.66019366536965,0.314838236526909,-5.27316403396178,1.34091610936866e-07,7.95756773100748e-06,"MTFP1"
1.71685789342851,-0.355564211423613,0.405641308224692,-0.876548330296429,0.380732014470215,0.546418617304947,"GAL3ST1"
11.4770521762618,-0.417509849513872,0.196343929914881,-2.12642096801705,0.0334682233972674,0.0947263242362063,"PES1"
3.40657054229324,-0.791163823760367,0.393350460086795,-2.01134587102248,0.0442889364889594,0.116237510237101,"TCN2"
2.06832120303199,0.613874664009741,0.446514448049313,1.37481478301895,0.169188873822535,0.309012978424609,"SLC35E4"
5.14321157630347,0.367516919180035,0.283054038071925,1.29839843191584,0.194150457701379,0.341287466920843,"DUSP18"
2.3764779885003,0.0262817633110936,0.341746834216878,0.0769041895335153,0.938699764654434,0.96472787396112,"MORC2"
15.4977965948222,1.18189976290991,0.226409238897601,5.22019228837414,1.78737452805343e-07,9.85324232216258e-06,"TUG1"
10.5764065562278,0.166280764343837,0.270471264560437,0.614781627963593,0.53869894382578,0.687862496172601,"SMTN"
7.41053064990076,1.17165746299917,0.389025348243648,3.01177665745667,0.00259723612121715,0.0140328279982181,"SELM"
1.15781262833178,0.388470773604285,0.482689789658887,0.804804207436859,0.420932673332441,0.58412072992465,"INPP5J"
3.06656460198108,0.341816309105202,0.38875468840577,0.879259644448133,0.379260511487345,0.545027015317265,"RNF185"
19.021621201264,0.285463535462344,0.172553205999099,1.65435080623094,0.0980562555999776,0.20900705315324,"LIMK2"
2.02889881362301,1.10759961311106,0.43873598621867,2.52452419656093,0.0115855029047081,0.0429414885819555,"PIK3IP1"
4.08590708123709,-0.159060424791255,0.300042319002105,-0.530126634536974,0.596024133523584,0.735152757776924,"PATZ1"
21.5877722213566,-0.528992122793005,0.169103206076935,-3.12822054096559,0.0017586816500399,0.0104848628451053,"DRG1"
4.58440381568397,0.179102930439703,0.331349018146139,0.540526516244908,0.588833979503409,0.729992810206281,"EIF4ENIF1"
5.05116958223995,0.185358980505065,0.2796078371353,0.662924839318331,0.507378692338159,0.660291503749839,"SFI1"
5.33603922179068,-0.148310785896265,0.230448119589782,-0.643575595931402,0.519850679450767,0.670894638007764,"PISD"
9.08046164649131,1.26644560478105,0.270550736050349,4.68099116368831,2.85491246123794e-06,7.69338693028388e-05,"PRR14L"
4.42290101679954,0.469020854552756,0.485645143916261,0.965768649039821,0.334159959461804,0.500134669205512,"DEPDC5"
82.9868474534114,-0.287492997004932,0.107908978050173,-2.66421758596639,0.00771676313030633,0.0317319377490067,"YWHAH"
4.92269028130691,0.738505710217396,0.301610013959973,2.44854506162188,0.0143434487108403,0.0504762971483234,"SLC5A1"
28.472598354209,0.0220934891080614,0.145053160402573,0.152313048862529,0.87894003349565,0.930158717965578,"RTCB"
15.9533435009923,-0.152638935600904,0.155768732819918,-0.979907410413153,0.327131824706444,0.493355314027494,"FBXO7"
2.16074835457895,1.04976384114413,0.432205187729163,2.4288552542825,0.0151465780071305,0.0523525898018579,"LARGE"
7.70867394556889,0.252829410856981,0.27680512217089,0.91338414865348,0.361040539386527,0.527428068030358,"ISX"
14.1007330243014,0.522657856753357,0.206005395555565,2.53710760994307,0.0111772590959583,0.0419147216098435,"HMGXB4"
3.32894629664895,-0.231887374774854,0.330412118570957,-0.701812559956259,0.482796064919729,0.638631579175184,"TOM1"
37.9772630071616,-0.0719928279617172,0.174608088912583,-0.412310955409174,0.6801115197745,0.797883882980563,"MCM5"
4.39501088581124,-0.808140133109057,0.454272437679522,-1.77897681232243,0.0752435635910319,0.171777401849612,"MB"
12.0578571486786,1.59249134608154,0.344058539758351,4.62854765122245,3.68239137703314e-06,9.44667301012247e-05,"APOL6"
9.82389868815905,0.479336306284719,0.213011143348032,2.2502874673629,0.0244307029825343,0.0745064404353615,"RBFOX2"
2.25642214708553,1.75468107024495,0.462216370710417,3.79623306623267,0.000146911389569943,0.00156570921563256,"APOL2"
2.08886690028705,1.87583593958377,0.540555624894478,3.47019964864847,0.000520071634917518,0.004111990680644,"APOL1"
46.4487869634049,0.347134680774701,0.193233713508839,1.79644987653162,0.0724229975529844,0.167272172144919,"MYH9"
68.6081798085958,-0.169373809360891,0.130561822847966,-1.29726903061181,0.194538636260853,0.341914482892517,"TXN2"
2.88627794616424,0.979186325476346,0.360162535542572,2.71873454022983,0.00655321776703683,0.0281296225098893,"FOXRED2"
76.2565175949254,-0.421000309274248,0.154125586474067,-2.73154067994469,0.00630389580971009,0.0273294644684437,"EIF3D"
18.8844992724689,-0.763659012132274,0.178416469612823,-4.28020470189479,1.8672149025717e-05,0.00032759214607316,"IFT27"
108.28312962028,0.73671979791768,0.185546537672612,3.97053918202228,7.17101612141943e-05,0.000917281920831744,"TST"
136.053541836041,-0.780985341849249,0.142205906888637,-5.49193320401835,3.97557762693371e-08,2.93705938969389e-06,"MPST"
2.03973717565432,0.167242156824694,0.398067190774357,0.420135496470732,0.674386472907192,0.793481808859383,"KCTD17"
1.27569965090952,0.165327307586298,0.475644686659684,0.347585734106155,0.728151321550837,0.832567209101083,"C1QTNF6"
3.19676236462701,0.667064247291248,0.368414153155989,1.81063686499799,0.07019708173697,0.16299771384723,"RAC2"
4.09316726738962,0.967042438849951,0.339304850466534,2.85006959823975,0.0043709663397729,0.0208598426098333,"CARD10"
18.1770054097379,0.30088687473103,0.177071359453402,1.69924077874498,0.0892738258196497,0.194869594922402,"CDC42EP1"
47.7676825865487,-0.0321557673701321,0.335168825993136,-0.095939016031254,0.923569007171521,0.955325213628224,"LGALS2"
13.7062866623087,-0.0829695694162556,0.206254185753293,-0.402268536336508,0.687486407677521,0.803963419502365,"GGA1"
14.6754136768212,0.315423366150181,0.17019113809526,1.85334776933938,0.0638325284469596,0.152387689126857,"SH3BP1"
3.60385822497213,0.97622922470734,0.61836488916482,1.5787268032405,0.114398734147473,0.233017758044205,"LGALS1"
15.0138069273862,-0.418538584972311,0.203652242570186,-2.05516315307977,0.0398632487726236,0.107104127083298,"NOL12"
15.5707369880362,-0.168081339361902,0.195121495190114,-0.861418877495452,0.389007382710697,0.554339348673162,"TRIOBP"
37.1205965296344,-0.580207799362043,0.211829359732313,-2.73903390963012,0.00616200175262606,0.0268752365596462,"H1F0"
18.7226831260219,-0.619871927684482,0.182965676520746,-3.38791373044329,0.000704264119400024,0.00521204659291297,"GCAT"
7.01439614795074,-0.292507174690007,0.233387213845416,-1.25331276667002,0.210091904065991,0.360243271714528,"ANKRD54"
143.653890511694,-0.424915260627446,0.137266368935582,-3.09555256631618,0.00196446548704877,0.0114145786716912,"EIF3L"
70.6288339365383,-0.587382077872878,0.131523935013056,-4.46597098706461,7.97064119508744e-06,0.000169064772223925,"POLR2F"
7.27659626087446,0.0934198732210036,0.231974955593365,0.402715340464433,0.68715764732743,0.803805692586804,"PICK1"
8.46626280423848,-0.0332608295428407,0.296018327853155,-0.112360710176501,0.910537406738533,0.947349706570269,"BAIAP2L2"
2.49759306180792,-0.144303344027237,0.401151504191723,-0.359722804275638,0.719054436746837,0.826914040705217,"PLA2G6"
13.3219309227104,0.462558587956167,0.615427951892286,0.751604776048789,0.45228877029871,0.612756492695108,"MAFF"
4.0634126054046,0.382333315526563,0.364218692772159,1.04973556578475,0.293839707037226,0.45670806811918,"TMEM184B"
17.5089817401951,0.173963658945062,0.242270454905771,0.718055608607844,0.47272299987021,0.630607023534024,"CSNK1E"
5.40319923399328,1.37628956995105,0.290576103796149,4.7364169041119,2.1752987254246e-06,6.18422621940082e-05,"KDELR3"
58.5216284260698,0.748252831416192,0.27015321769947,2.76973503328241,0.00561019112291157,0.025156755060113,"DDX17"
2.82762307075286,0.216406723108381,0.48929376393007,0.442283836544686,0.658283825822214,0.78174997660305,"DMC1"
18.4639522172154,-0.488260691824974,0.173893529515206,-2.80781402957422,0.00498790220599791,0.0230799394789678,"CBY1"
68.732485848938,-0.233459478553988,0.108535882407145,-2.15098890225284,0.031477075641274,0.0904102199059074,"TOMM22"
15.0539755192874,0.942858876292889,0.22792676742295,4.13667462998447,3.52375206600519e-05,0.00052929387879414,"JOSD1"
5.10069603335295,0.0802360900474894,0.295787170385124,0.271262914963551,0.786188827031774,0.871312294793843,"GTPBP1"
4.55695155621647,-0.176471325143399,0.346332652937058,-0.509542844565311,0.610371774794852,0.745376979002821,"SUN2"
1.11614028756936,0.404370681648389,0.476082801724285,0.849370488040803,0.395675169496681,0.561259660535282,"RP3-508I15.21"
4.78034991610664,-0.578138907995441,0.304640030406986,-1.89777721339862,0.057725436134245,0.141639908815612,"DNAL4"
11.448005779033,-0.923214282479586,0.334459043322396,-2.76032088505877,0.0057744612757983,0.0255780173663087,"APOBEC3B"
5.06321786088659,0.396723176725441,0.547819847392689,0.7241854755968,0.468951874253044,0.627446913905171,"APOBEC3C"
3.45690402930566,-0.230069923897463,0.344214131941992,-0.668391860030415,0.503883490085876,0.657713305568824,"CBX7"
2795.94877200991,-0.658019238579724,0.155720372727773,-4.22564643953209,2.38255824612759e-05,0.000389783129728913,"RPL3"
2.21212764823902,-0.514798193383612,0.349494188623071,-1.4729806965083,0.140756240907248,0.271512038410783,"TAB1"
10.1222203700418,0.195286762356656,0.197269669432311,0.989948241504327,0.322199418223662,0.488358085402508,"MIEF1"
63.2968401747176,0.0633799259846185,0.194756036963095,0.325432407502873,0.744853831548968,0.844286881392526,"ATF4"
62.8156173621586,-0.127697259736961,0.117575718070798,-1.08608530598188,0.277441252684542,0.438348196768565,"RPS19BP1"
5.25056981006937,0.754907739425183,0.287740797073161,2.62356866702236,0.00870139030985262,0.0346396989607769,"FAM83F"
26.2288259407214,1.12946318918771,0.293421350237297,3.8492876822845,0.000118461813744311,0.00132765252555543,"TNRC6B"
20.9135160442503,-0.335216112669303,0.160533566075781,-2.08813720933018,0.0367854594014406,0.101465085570284,"ADSL"
17.0736126448948,0.11836547138032,0.157378259152613,0.752108150246715,0.451986023018748,0.612499152730672,"SGSM3"
1.8497321963146,0.0256583294358221,0.432754542983138,0.059290722308655,0.952720550641199,0.971963746868155,"MKL1"
6.03032829729398,-0.250873546044473,0.244087140505461,-1.02780320800579,0.304042406946324,0.467521986731421,"SLC25A17"
100.198224604958,0.14309219979853,0.0960347941980964,1.4900037116065,0.136223260017992,0.26518499619347,"ST13"
4.02255226033784,0.581687171836255,0.278632565213015,2.08764963058627,0.0368294515430175,0.101540452845181,"XPNPEP3"
113.924909482679,-0.304490880103223,0.129714599050146,-2.3473909824561,0.0189054047021442,0.061803941922121,"RBX1"
6.97280282632862,1.88025741325788,0.389775409634684,4.82395083625247,1.40742122981571e-06,4.41751287739843e-05,"EP300"
5.3003761884647,0.388853262310975,0.27763196780669,1.40060694516896,0.161331642952726,0.29924195430685,"L3MBTL2"
8.23497311506434,0.879945307026269,0.330882112497219,2.65939219374896,0.00782817782346878,0.0320425180899467,"RANGAP1"
8.05975275102577,0.0186050003314315,0.291635541778425,0.0637953804189168,0.949133156659601,0.970486442134883,"ZC3H7B"
14.2310853549263,0.662916079285374,0.274320643035435,2.41657380192034,0.0156673497715864,0.0537420778646332,"TOB2"
27.1705074706254,-0.330613148148292,0.183548755056421,-1.80122795192299,0.0716669584025523,0.165878765612046,"PHF5A"
45.8677010568022,-0.243662595209665,0.133225369583596,-1.82895041666048,0.0674070364805383,0.158484610560434,"ACO2"
5.29544891736563,0.0228596669273333,0.240777274814113,0.0949411315705838,0.924361585787763,0.955829849424773,"POLR3H"
28.4152173481023,-0.659378423774615,0.191076601327915,-3.4508590753246,0.000558805271164629,0.00434715275418902,"PMM1"
11.8872052659854,0.0165140387632336,0.230434093770292,0.0716649107475198,0.94286858149937,0.966542646317081,"DESI1"
95.1646695943477,-0.262090728652623,0.109071262274459,-2.40293110382383,0.016264251327804,0.0551968029437347,"XRCC6"
126.053541015387,-0.188504420478642,0.0906141180623435,-2.08029857277813,0.0374981556343231,0.102672529964591,"NHP2L1"
2.86120761395825,0.73290869284332,0.352193706549874,2.08098179840568,0.0374355721087332,0.102560623890223,"C22orf46"
1.79774651033017,0.944017299465201,0.466969524261949,2.02158224555924,0.0432195277744656,0.114144959054158,"RP5-821D11.7"
14.0899845025399,0.208595722442794,0.224721521535167,0.928240966943395,0.353282588261039,0.519941578603454,"SREBF2"
78.0969851510577,-0.653339853982468,0.162542989137977,-4.01948959747426,5.83243567830662e-05,0.000785397308794175,"CENPM"
7.58245221004968,0.0954789544147003,0.2525591137038,0.378045967197515,0.70539644659083,0.817044092360965,"NAGA"
2.31391838396835,0.163497490999072,0.337213607918409,0.484848437784963,0.627783860376831,0.757527508009576,"FAM109B"
119.29779403765,-0.653728434889722,0.145652903909964,-4.48826228204711,7.18064902773283e-06,0.000156276249381119,"SMDT1"
146.807035828905,-0.354445253621651,0.102093164766,-3.47178241005702,0.000517015207372303,0.00409475894835907,"NDUFA6"
7.70330857529808,0.661667598934136,0.273318302016151,2.42086824794864,0.0154834879470952,0.0532796828597763,"TCF20"
1.98049273367062,-0.467708035050105,0.521553719418684,-0.896759082787111,0.369847486002426,0.535967934078776,"Z83851.1"
31.7575346100204,-0.539223402613594,0.170465161946776,-3.16324694415832,0.00156019926543389,0.00959443036387996,"RRP7A"
8.08222981555181,0.26174261297734,0.224087215729819,1.16803902500588,0.242791023768574,0.399320084526233,"POLDIP3"
18.7329510571115,0.144600152270279,0.158167656164328,0.914220743841882,0.360600866287169,0.526927530661821,"CYB5R3"
2.91521923098707,-1.15389386132189,0.416950839143391,-2.76745782234788,0.00564953552464618,0.0252543323762731,"ATP5L2"
5.81805419559485,1.15896943791227,0.297335692656603,3.8978483462824,9.70511598150406e-05,0.00114937360478881,"ARFGAP3"
15.7717748269261,0.0732336602290593,0.174225958002952,0.420337250938339,0.674239100790794,0.793481808859383,"PACSIN2"
22.4803949362339,-0.596338883749066,0.20538681533007,-2.90349155465851,0.00369026923593538,0.0183499651567116,"BIK"
11.747376684498,-0.512292707471168,0.208733270842908,-2.45429348853886,0.014116171871681,0.049870405506329,"MCAT"
293.636408317049,-0.392253859714035,0.125104529388751,-3.13540893867352,0.00171614698441009,0.0103082722625517,"TSPO"
18.6933152630694,0.358199117097614,0.188837288783436,1.89686644732761,0.0578455667667474,0.141870563479421,"TTLL12"
27.9217945227678,-0.216934452756692,0.154599912887977,-1.40319906204528,0.160557487226925,0.298213496029487,"SAMM50"
3.36095668256625,0.867753386598204,0.415899871340828,2.0864478361117,0.0369380756927358,0.101736622374616,"LDOC1L"
9.99671434266467,-0.0717748250983637,0.228637148602417,-0.313924598592571,0.753578307133107,0.850608554272007,"PRR5"
3.87573217703073,-0.990381353362762,0.393489531579445,-2.51691919067688,0.0118385978255875,0.0436709145332474,"ARHGAP8"
1.79627018753096,-0.0453016647401449,0.443017312958744,-0.102257097894419,0.918552607660882,0.952131461219546,"CTA-217C2.1"
13.0268105218146,0.859683056703257,0.285549364655823,3.01062850460006,0.00260707604845831,0.0140688291505853,"NUP50"
5.11605472713873,0.20036654199469,0.28558664562873,0.701596328335226,0.4829309420524,0.638654411920247,"KIAA0930"
5.55567882446028,0.342644280236885,0.385860533384199,0.888000328076353,0.374540574835893,0.540245801928251,"FAM118A"
2.07363583983577,0.429574637421583,0.407503665440794,1.05416140725241,0.291809025746841,0.454213274990783,"RIBC2"
23.2941108648206,0.0384007965671603,0.141885338849275,0.270646684700478,0.786662786154165,0.871312294793843,"ATXN10"
1.14733664438417,-0.833593144167399,0.52362379704493,-1.59196955690666,0.111391545046546,0.228486830261853,"CITF22-92A6.1"
7.13093630634968,0.428137291102525,0.325781691424249,1.31418462845717,0.188784080078858,0.334398158482531,"RP6-109B7.3"
3.4411572103613,0.0520304714733888,0.305592270768503,0.170261084622797,0.864804814332619,0.921847299141367,"FLJ27365"
13.8870081328643,0.466434708471007,0.205867537085112,2.26570305874971,0.0234695701439723,0.0723678397965755,"PPARA"
2.27408378803054,-0.990502220832586,0.39319324625921,-2.51912317990224,0.0117647491064252,0.0434575426176114,"CDPF1"
22.1550356833575,-0.11634940923971,0.169482068046864,-0.686499820190643,0.492397977668498,0.646372783449762,"TTC38"
5.85515850232518,0.988584897663243,0.390803990205787,2.52961822918614,0.0114186696108372,0.0425472353766047,"GTSE1"
8.39501614338236,-0.182257825046626,0.223585039568092,-0.815161092167439,0.414980105745781,0.578595962048939,"TRMU"
7.61604445892509,-0.268456636438074,0.320806462045247,-0.836818045143399,0.402694852616461,0.567670216952693,"GRAMD4"
6.71746188313683,0.193516129693236,0.246537269069979,0.784936615965789,0.432490732315591,0.594462644342149,"CERK"
6.28525069918989,-0.00129819414038453,0.302633770674883,-0.00428965391895792,0.996577361863614,0.997587809921546,"CTA-29F11.1"
5.97521877521716,0.0975551672978919,0.235701087240765,0.413893582078563,0.678952044290073,0.796954085710138,"TBC1D22A"
5.71195765816729,0.847022636130236,0.304862871027765,2.77837256230882,0.00546319384740807,0.0246798191276421,"BRD1"
5.13783448626875,0.106796513114136,0.331848720844492,0.321822886170419,0.747586875266856,0.846501247565224,"ZBED4"
6.48649784205375,-0.00195340179198146,0.229101412152369,-0.00852636294831001,0.993197029071886,0.995948267379564,"ALG12"
27.5106106679035,-0.0122436238242754,0.185818832929978,-0.0658901125963331,0.947465312482335,0.969687079345779,"CRELD2"
19.6559601603636,0.354502696133692,0.275125968516116,1.2885104886525,0.197568320118588,0.345617261032195,"PIM3"
20.9848756005023,0.213135144703378,0.176249533433677,1.20928061794604,0.226555054543819,0.379572337603498,"TRABD"
7.04632403706057,-0.0312554899620122,0.259243263932848,-0.120564328221498,0.904036124635819,0.943732483981575,"SELO"
1.92286186545569,-0.025248890960172,0.407955720795747,-0.0618912535677211,0.950649432787902,0.971309891812646,"TUBGCP6"
5.19300350184964,0.0559315627668756,0.313470860937646,0.178426672895766,0.858387903446424,0.917982710213471,"HDAC10"
12.9976097175385,0.422247488324822,0.219515998560393,1.92353856253741,0.0544124483738423,0.135606170383382,"PLXNB2"
8.21999393667033,0.0895987549875368,0.277867509497498,0.32245135514249,0.747110784211387,0.846226858211896,"PPP6R2"
3.91263700994433,0.290588001429134,0.297213067867012,0.977709370299821,0.328218086019295,0.494159372637827,"SBF1"
14.6611315224295,0.0383964742980154,0.205028413885062,0.187273917650947,0.851445871889652,0.914291567658139,"LMF2"
16.1779036692707,-0.414251368094394,0.179913991855404,-2.302496675341,0.0213071786990419,0.0674500088089233,"NCAPH2"
41.9308879083277,-0.0517920695997747,0.15752793041828,-0.328780232573693,0.742321805327079,0.842295978043264,"SCO2"
22.6428287580038,0.19711258108652,0.258830722850837,0.761550170379563,0.446328524561389,0.607561766951202,"TYMP"
3.30445392369523,0.895107026210998,0.395108639626783,2.26547064892458,0.023483813193872,0.0723802635598685,"ODF3B"
2.50030916728011,-1.13253867990699,0.465436759171565,-2.43328155241284,0.0149626609752956,0.0518945587280792,"CHKB"
6.84214726326565,0.0667779706618322,0.3118422306721,0.214140241743104,0.830437695198936,0.901044397028718,"ARSA"
3.2589456689563,-0.254069655610535,0.321511126931008,-0.790235964881722,0.429389975897453,0.591548285963001,"RABL2B"
1.17308276197812,0.908086760172439,0.50891541947539,1.7843569391325,0.0743656834547715,0.17045405705336,"HSPA13"
19.0145436372097,1.72327216543018,0.359613376718187,4.7920135261838,1.65115768139463e-06,4.96719457616223e-05,"NRIP1"
3.76229366917843,1.32545480725218,0.416768746541312,3.18031238726965,0.00147116366561105,0.00917681643224354,"USP25"
24.0384633463812,0.283305742545861,0.268608072393883,1.05471790188951,0.291554361833219,0.453947006381184,"CXADR"
22.7235165142098,0.226689296858852,0.174420285209481,1.29967277938225,0.193713143699414,0.340739348975645,"BTG3"
17.5435354011798,-0.620771020699665,0.210666009099952,-2.94670708080455,0.00321177287074486,0.0164527610265515,"MRPL39"
361.91787792569,-0.307171007257276,0.110181467913017,-2.78786453906906,0.00530567238681661,0.0241152180662474,"ATP5J"
5.45629255346081,0.781245774818775,0.34649748742269,2.2546939102786,0.0241525481697009,0.0738863867951976,"GABPA"
77.9709806256047,0.217078436016284,0.131924190906317,1.64547862317714,0.0998711474797619,0.211546842525885,"APP"
2.71047762914212,-0.338034684408301,0.363622667206707,-0.929630396820503,0.352562483525524,0.519087165654133,"N6AMT1"
8.07174471656555,1.38325259228004,0.327465666222839,4.22411487663791,2.39881675159326e-05,0.000391158407241783,"LTN1"
2.88513852589373,0.302392363035835,0.342873215951496,0.881936380468436,0.377811212039957,0.543877275216697,"RWDD2B"
26.0641583914057,0.606408810296284,0.164085321130832,3.69569201021199,0.00021928867781816,0.0021263170009868,"USP16"
59.9300658115179,-0.0876332291470428,0.124603952134172,-0.703294138316577,0.481872462908556,0.637953790952934,"CCT8"
3.809297490754,1.68407478861629,0.433525864286809,3.88460049871939,0.000102498288783861,0.00119562987775804,"BACH1"
1.45970428083937,0.418606647001175,0.597491998993971,0.700606280428869,0.483548757904622,0.639393584663849,"TIAM1"
237.669936926797,-0.217740247612551,0.108389572364576,-2.00886711574215,0.0445512281719744,0.116640872214957,"SOD1"
6.70287457307453,0.306062045017032,0.26911056715008,1.13730965029829,0.255408861940401,0.41430025999593,"SCAF4"
5.80198553395001,0.329072985423892,0.315723037480041,1.04228373086235,0.297280152896836,0.459761798150867,"HUNK"
22.6099542115678,-0.0998390391616841,0.138848716879542,-0.719049058611753,0.472110692964379,0.630177252408205,"MIS18A"
3.66710916515816,0.65264272437014,0.330603200324535,1.97409681373162,0.0483707355870903,0.124068537665517,"URB1"
3.18641332246591,-0.440351130261427,0.302959133711485,-1.45350009708169,0.146084952755308,0.278868445583169,"C21orf119"
4.11066133798272,-0.414686630928007,0.373979641645378,-1.10884814238425,0.267495698069756,0.427332050755745,"EVA1C"
23.5161693158168,-0.384239334954403,0.189292150160081,-2.02987463890847,0.0423692835863801,0.112446339136874,"C21orf59"
1.54568614168991,0.818417778783874,0.512161315136527,1.59796875436738,0.110049931052095,0.226438471243984,"SYNJ1"
7.01593716131799,1.74377781731705,0.289608819188833,6.02114888006936,1.73183367261765e-09,2.64085110900048e-07,"PAXBP1"
1.44332956692653,0.826863248873216,0.581709181937039,1.42143750614325,0.155189609376215,0.291318588369395,"IFNAR2"
8.73932442759329,0.0964832934827706,0.239870798080732,0.402230260018137,0.687514574301885,0.803963419502365,"IL10RB"
11.8711738146319,0.510531723287673,0.178761744012587,2.85593389182712,0.00429104469554363,0.0205884528241896,"IFNAR1"
12.0477626891954,0.265822642000181,0.301180100697195,0.882603602910135,0.37745048124484,0.543648836381826,"IFNGR2"
17.7741968842205,0.347401271188968,0.21617862965316,1.60701023846041,0.108052122160939,0.223385883622272,"TMEM50B"
15.984926294536,0.408794212932195,0.199443242840076,2.04967692618189,0.0403959681007736,0.108187475604045,"GART"
72.8459460184779,0.715479630399083,0.174799131832944,4.09315322620063,4.25546306776388e-05,0.000611300647035923,"SON"
8.39172317862938,0.0789127705935264,0.221084113085074,0.356935509713266,0.72114008539125,0.828563407463921,"DONSON"
10.435672399665,-0.523995263877531,0.196707605736821,-2.66382818251875,0.00772570116443272,0.0317446517766702,"CRYZL1"
3.86295515492119,-0.00911698946838999,0.337836251163042,-0.026986415569684,0.978470568891608,0.98650905746736,"ITSN1"
299.065276785224,-0.504812694228084,0.114372510419965,-4.41375897385184,1.01591060118995e-05,0.000205549807329711,"ATP5O"
1.71810066476962,-0.25669045479542,0.6145327610901,-0.417700196064543,0.67616632894193,0.795145244429817,"LINC00649"
47.6859303820561,-0.102333189460645,0.11890450766448,-0.860633389521321,0.389439990183341,0.554664694215224,"MRPS6"
14.0766557705094,-0.565210501015262,0.204067808305931,-2.76971907380864,0.00561046599959426,0.025156755060113,"SMIM11"
7.34037810213195,0.259324079775993,0.533968163868941,0.485654571420558,0.627212097905603,0.757088294237507,"RCAN1"
2.73384788416368,0.873541484461812,0.502713868419059,1.73765145411432,0.0822722475289934,0.183239665333238,"CLIC6"
6.79131034442071,0.338589978316233,0.260218898529103,1.30117366659426,0.193199016800675,0.340220743060699,"RUNX1"
5.26038915954006,-0.106713059628798,0.282795787089855,-0.377350245302245,0.705913336910857,0.817294119280587,"SETD4"
45.2509494799924,-0.22382495917398,0.219000652932496,-1.02202872994617,0.306767302827813,0.470416959716189,"CBR1"
5.82632361457267,1.63581734309628,0.520220287127961,3.14447049369666,0.00166387689689104,0.0100657989348643,"CBR3"
9.14584142751374,0.461548692967531,0.234601672438905,1.96737170783694,0.0491403735830499,0.125710108122719,"DOPEY2"
4.906671837904,1.66571343482713,0.374438332446665,4.44856546588854,8.64457021593775e-06,0.000180019470281891,"MORC3"
7.32358570153466,-0.420754123168715,0.247934963836026,-1.69703424099146,0.0896901871504772,0.195471690237644,"CHAF1B"
2.26085251024249,0.26645860964836,0.342719468789312,0.77748314266957,0.436873776251278,0.598895381228084,"HLCS"
23.8779373566566,0.16065972826748,0.237073519962272,0.677678925478676,0.49797529147361,0.65188183044882,"PIGP"
46.9152460247418,0.882436744482737,0.183665396322704,4.80458900887501,1.55069705299567e-06,4.69096657257184e-05,"TTC3"
8.42728320769739,0.158598899187643,0.207686055661722,0.763647317015679,0.445077443752514,0.606162658534274,"DSCR3"
5.5974414969882,1.04810173923936,0.325508942778403,3.21988615825182,0.0012824151243752,0.00825060915326697,"DYRK1A"
74.3322804184936,0.262420275894626,0.247616877007908,1.0597834811003,0.289243113580691,0.451630130407937,"ETS2"
36.8375260247516,-0.212285987937035,0.161700011179519,-1.3128384246143,0.189237399218124,0.334927991445377,"PSMG1"
12.9012860797703,0.709737757296038,0.24599691359255,2.88514903268906,0.00391228409836113,0.0191684089495529,"BRWD1"
218.559319452115,-0.0172553295789582,0.114702284819329,-0.150435796515627,0.880420801072204,0.930999990228251,"HMGN1"
12.3446294638824,-0.477496685525777,0.238875115831988,-1.99893858287702,0.0456149994867461,0.118731934433837,"WRB"
3.33564673019562,2.59588553913098,0.636364837494925,4.07924100481382,4.51829767236843e-05,0.000636067719009985,"B3GALT5"
28.8707644400955,0.636915645115039,0.202752443241016,3.14134633809529,0.00168173031392821,0.0101520796049251,"BACE2"
16.4082947643036,-0.574061246256599,1.41960799006538,-0.404380117802915,0.685933218404805,0.802870778556867,"FAM3B"
4.54124786600929,0.728054675204556,0.441255774320202,1.64996067490833,0.0989509794833127,0.210253891056305,"MX1"
21.9766139826221,0.138115739772495,0.22611524049619,0.610820126363052,0.541318667716334,0.689747827220391,"TMPRSS2"
1.18771253212134,0.490027947138526,0.556278086936852,0.880904638607765,0.378369436622947,0.544178530224501,"RIPK4"
3.20974628922101,0.565802330736142,0.383925414091124,1.47372981826582,0.140554351037811,0.271170767857635,"C2CD2"
3.44983627526397,0.85873590490113,0.387801379576228,2.21437042291989,0.0268033077959946,0.0800340727700032,"ZBTB21"
1409.56949061945,-0.609043736061397,0.41453302500147,-1.46922850371026,0.141770821556085,0.273032651551531,"TFF3"
4.92881210323415,2.45312696376393,0.936787855912794,2.61865794723997,0.00882764142065736,0.0350139466137103,"TFF1"
3.785555482452,0.41510298697127,0.351788897062204,1.17997751048371,0.238009159699812,0.393887768882665,"RSPH1"
8.59381392624752,0.543759707903673,0.244104620686012,2.22756827124179,0.0259093184498165,0.0779754616066714,"SLC37A1"
7.86377444929188,-0.485503995289602,0.241002515153698,-2.01451837537867,0.0439551376164075,0.115609783122835,"PDE9A"
4.3176422474132,-0.377061871087169,0.267009554445216,-1.41216621206914,0.157901026627198,0.294690694134966,"WDR4"
40.6897417139326,0.421998361824505,0.153930932438335,2.74147863031726,0.00611633391799464,0.0267547870201799,"NDUFV3"
5.5079626740936,0.490354716486237,0.246738514352123,1.98734566337887,0.0468841046489797,0.121200042010931,"PKNOX1"
140.764003160168,-0.569080994949001,0.123938859647669,-4.59162684380649,4.39804210927381e-06,0.000107816562769105,"U2AF1"
17.6190388127291,-0.0170211432526378,0.617484665138546,-0.0275652890081387,0.978008866497652,0.986181642540807,"SIK1"
8.17433903604954,1.0734910349083,0.297203496683856,3.61197309885693,0.000303876095310683,0.00272285016095216,"RRP1B"
30.0158610742679,0.331798575676948,0.143747903418635,2.30819766957335,0.0209881447364695,0.0667441440228576,"PDXK"
155.429596869302,-0.280265590697671,0.134640452866621,-2.08158532395395,0.0373803630835265,0.102440780933208,"CSTB"
11.9969076410538,-0.20412924871613,0.193117574880837,-1.05702056812844,0.29050220052447,0.452828175354635,"RRP1"
9.56705329193614,0.19428725013717,0.232776876728159,0.83465012877573,0.403914728798284,0.569034461528819,"AGPAT3"
11.1046392829306,1.05283785080542,0.257257562549281,4.09254383184063,4.26666560338951e-05,0.000612100243762352,"TRAPPC10"
5.79620810443544,-0.742692398653193,0.271310711531445,-2.73742379893878,0.00619224639109383,0.0269422258843265,"PWP2"
45.6161216470106,-0.263794145869074,0.149449628847276,-1.76510405481601,0.0775462793354976,0.175814737700105,"C21orf33"
2.48613511245777,0.3901021957576,0.409341820151059,0.952998634768471,0.340590762424581,0.507002694836046,"ICOSLG"
74.4153584826464,-0.265777346904439,0.14664183918784,-1.81242507852069,0.0699205407378197,0.162494558616033,"PFKL"
18.5876905512188,-0.493182156988891,0.189718098028107,-2.59955250508481,0.00933453974113851,0.0364913972601743,"C21orf2"
0.492665561015055,-0.318151098700277,0.721511951394643,-0.440950559564964,0.65924878982541,0.782427901658752,"AP001062.7"
20.4344366373834,0.523651173568014,0.161894546538178,3.23452015379978,0.00121847320814224,0.00792847156406514,"UBE2G2"
48.3873634210434,-0.154216364202965,0.144820516444205,-1.06487925875047,0.286930572160302,0.449002071601363,"SUMO3"
24.9520913850825,0.464014756746728,0.170879021065818,2.71545771887353,0.00661842268840029,0.0283646686645727,"PTTG1IP"
18.5592351486227,-0.403589707783373,0.189826734431038,-2.12609519408866,0.0334953340195957,0.0947547674045865,"FAM207A"
2.55139345765445,0.0704480510880432,0.332841873987261,0.211656214538497,0.832375249852391,0.902155210917861,"POFUT2"
6.07472080790821,-0.692926073646796,0.324608017033783,-2.13465483686646,0.0327892146280249,0.0933185075347644,"SLC19A1"
6.10791500056246,-0.701198708471559,0.289282687454173,-2.42392213181662,0.0153538972797775,0.0529008009068476,"SPATC1L"
5.39833408186152,0.129796372942459,0.311365998538653,0.41686110092829,0.676780007423777,0.795436242491582,"LSS"
7.45211834825766,0.208722178543417,0.219300364531519,0.951763937963809,0.341216714806361,0.507757402411219,"MCM3AP"
13.9654645656883,-0.331350220708874,0.245400588417474,-1.35024216056558,0.176938318536626,0.319459707283085,"YBEY"
10.4892880066131,0.979444398322847,0.249625206114086,3.9236598481774,8.72138520086047e-05,0.00106062982397922,"C21orf58"
5.2726283140332,0.775121113953126,0.273617259938065,2.83286629698938,0.00461326773956621,0.0216883496327658,"PCNT"
7.95472552649512,0.96377407535354,0.244560200501112,3.94084594868149,8.11947599725769e-05,0.00100087978808421,"DIP2A"
16.0099132194815,0.256261224151885,0.183402897977613,1.39725831476865,0.162335906284387,0.300181839306733,"PRMT2"
4527.07427743431,-0.25328859778904,0.201036798721952,-1.25991161518323,0.207701248162437,0.357356710241455,"MT-ND1"
3097.24725616017,0.0530589588383193,0.179419283910793,0.295726065124082,0.767439289941,0.860457432248529,"MT-ND2"
12867.8704241739,-0.320925995381059,0.177973946798481,-1.80321896071924,0.0713538338485586,0.165265834055649,"MT-CO1"
12548.7576631616,0.177309909747082,0.186959586530601,0.948386295869673,0.342932833380717,0.5096825743143,"MT-CO2"
62.1914438663091,3.94518654221653,0.51748781722049,7.62372834863389,2.46451733021192e-14,3.34558227576268e-11,"MT-ATP8"
5426.61414987346,1.08384391612782,0.190368220956192,5.69340781084061,1.24528467685306e-08,1.1862975079495e-06,"MT-ATP6"
13952.9067366961,0.282463867301933,0.186364431136794,1.5156533120561,0.129607038954787,0.255652206656552,"MT-CO3"
3547.05862166584,2.40273474464305,0.395386691441899,6.07692367155994,1.22510039512953e-09,2.04686004478564e-07,"MT-ND3"
165.547664767575,1.7734950915051,0.358040791468051,4.95333250782225,7.29531551478456e-07,2.73196987898484e-05,"MT-ND4L"
6463.62387604835,-0.150014148689264,0.18505251795191,-0.810657160191941,0.417562581476955,0.581450139099851,"MT-ND4"
677.387798593973,0.674717180621367,0.177884809395152,3.79300055421008,0.0001488378241812,0.0015831329780684,"MT-ND5"
69.0102990129417,1.00437421895653,0.249599071749647,4.02395013697782,5.72300392796315e-05,0.000773032620120396,"MT-ND6"
6229.136931509,0.30810983816811,0.194783489285771,1.58180675014028,0.113693693588314,0.231921647883691,"MT-CYB"
2.06486877914744,-0.352922943259712,0.45402441018183,-0.777321516960668,0.436969103403089,0.598950456008778,"AC145212.1"
3.85560256353966,0.400840568911249,0.379505557892641,1.05621791453353,0.290868667999331,0.453334347656822,"AC011043.1"
5.79407945198826,1.46215589453185,0.345149912156723,4.2362922400743,2.27240983559836e-05,0.000379084037090602,"AL592183.1"
1.34165875914923,0.192896325885815,0.453682683775782,0.425178947277494,0.670706230045933,0.791123021429221,"AC011841.1"
2.18120897060035,-0.19942014135423,0.537228117448471,-0.371201980829601,0.710487097858644,0.820752035181882,"SRSF10-ENSG00000215699"
1.36457715961763,-1.28639626783331,0.50727777719628,-2.53588137635992,0.0112164721402442,0.0420327423889067,"RP11-511I2.2"
9.69432898648472,-0.28280485012237,0.242186154960718,-1.16771683405371,0.24292100416063,0.39941288496358,"SATB2-AS1"
1.18540339692148,-0.972537089847926,0.62444136828047,-1.557451410572,0.119363348240098,0.240811064812829,"AGXT"
0.54617494508985,1.65999415241185,0.959667587420929,1.72975952733073,0.0836732482737764,0.185865635163444,"AC069277.2"
0.0504419527545554,0.904373883404889,2.95996311551048,0.305535524637414,0.759958317870494,0.855071211362782,"SST"
13.7676754146544,-0.500285968948151,0.246330365084645,-2.03095533421648,0.0422595257768195,0.112182461485275,"CWH43"
0.30328938285775,1.20417111293394,1.37677763470829,0.874630065579962,0.381775223297268,0.547305193758449,"C5orf38"
1.39565650539008,0.666790218867728,0.440407690556796,1.51402946216657,0.130018367246706,0.256261246515286,"GPR98"
0.869209839401126,-0.85789235126072,0.643518597912947,-1.33312751805935,0.18248996027229,0.326390146336803,"COL9A1"
1.28579939872214,-0.311521506804304,0.584527710534428,-0.532945660556422,0.594071196288218,0.733866910589691,"DMRTA1"
2.3343829172486,0.232944291775992,0.488638283778991,0.47672132845275,0.633560573078492,0.762248056653058,"ELAVL2"
1.89102643179477,0.306123665215776,0.515920503207516,0.593354331360321,0.552944045237644,0.698970162764981,"TMEM72"
1.28472424881862,2.28045441661448,1.54938363683444,1.47184619896573,0.141062414784711,0.271909447029102,"HBB"
6.32790003217644,-0.251754802883129,0.662862423667142,-0.379799478586146,0.704094269423107,0.816167236427029,"MS4A12"
3.09998191602577,-1.49438996993125,0.441132673483197,-3.38762023255158,0.000705018088857196,0.00521204659291297,"SLC39A2"
3.02024651804559,0.959569402950955,0.61412191977132,1.56250635591752,0.118168749727773,0.23913815470997,"ABHD12B"
3.71113530369183,-0.863672852936072,0.334972337908392,-2.57834082160023,0.00992760269530066,0.0383096561628886,"SERPINA6"
11.5937467790079,0.344246108921285,0.830522689190077,0.41449332258098,0.678512856278989,0.796579345242993,"AQP8"
13.9781287925463,-0.77657412641835,1.72145410858885,-0.45111520693104,0.651906518146113,0.776709247072604,"PRAC1"
2.42496384837761,-1.46969875231729,1.57726549371455,-0.931801753207744,0.351438988426428,0.518077412848974,"PRAC2"
3.88972606785558,1.55701181101299,1.41014054970632,1.10415363301002,0.269526499185888,0.429565274605041,"HOXB13"
2.23071224104936,0.327193539378778,0.54388995029144,0.601580410161014,0.547453472060174,0.695199334257892,"TTLL6"
0.638766904562985,2.27836441752098,1.01327428033315,2.248516972889,0.0245432440449161,0.0746609608761312,"OTOP2"
178.470825843729,-0.13997386974516,1.12143187774839,-0.124817095467447,0.900668353008472,0.942226983303343,"RPS4Y1"
1.6898150833119,1.10280096637487,0.722731740511134,1.52587869683839,0.127040077004993,0.252330541659315,"TTTY15"
4.14278369222473,1.18435085756312,0.886424379718948,1.33609914693303,0.18151686880333,0.325292606469333,"DDX3Y"
2.00243351180145,1.80606910065082,0.659641004499572,2.73795759865015,0.00618220461259792,0.0269201050893398,"UTY"
7.39462979319904,0.568420984756211,0.888139005937366,0.640013534994203,0.522163799992116,0.673079984322181,"TMSB4Y"
3.28386583216147,0.115171268461032,0.804994934286524,0.143070799026964,0.886234266659303,0.933962701347164,"TTTY14"
3.56355110295439,-0.140870993293712,0.830458187396976,-0.169630446699869,0.865300776541863,0.922194939474449,"KDM5D"
18.6525257491273,0.429714351743445,0.858129226438375,0.500757156969183,0.616542040975811,0.749121343141342,"EIF1AY"
0.854974243517948,-0.329163753186614,0.757973410782868,-0.434268205855189,0.664093688997516,0.785851116178642,"CLDN8"
4.31399430660003,-0.685520481537301,0.313831689688448,-2.18435710624966,0.0289360175291519,0.0848394034467033,"AP000251.3"
2.87550052039403,-0.0844898057038997,0.571066440073663,-0.147950920899854,0.882381501304757,0.93207500283724,"KCNE2"
0.924347167358006,-2.88150889261556,0.798343167554997,-3.60936124929891,0.000306951902108155,0.00274587945378465,"C12orf54"
0.340305979613791,-1.21879313035577,2.93990428771582,-0.414568982891181,0.678457458232678,0.796579345242993,"MTRNR2L13"
2.56647896261677,-4.32420927839829,0.737087130649707,-5.86661888206718,4.44771404260477e-09,5.6041688460806e-07,"RP1-17K7.2"
